ci_average cost: 99.07471971268507
ci_average_revenue: 28.34700382699121
ci_cap_H2_Electrolysis: 5.79064234540352
ci_cap_H2_Fuel_Cell: 42.94144754002473
ci_cap_adv_geothermal: 0.010184395832789218
ci_cap_allam_ccs: 2193.9525276166705
ci_cap_battery_charger: 1238.523477044943
ci_cap_battery_discharger: 1264.062597770294
ci_cap_onwind: 7245.729398544857
ci_cap_solar: 9745.569194285337
ci_capital_cost_adv_geothermal: 8207.238320980312
ci_capital_cost_allam_ccs: 532087566.9656724
ci_capital_cost_battery_inverter: 29483505.30305626
ci_capital_cost_battery_storage: 135823416.82742015
ci_capital_cost_grid: 0.0
ci_capital_cost_hydrogen_electrolysis: 385451.3961683508
ci_capital_cost_hydrogen_fuel_cell: 9087065.285372904
ci_capital_cost_hydrogen_storage: 531365.4238995612
ci_capital_cost_onwind: 792589815.1049317
ci_capital_cost_solar: 467699063.00705403
ci_clean_excess_total: 4879319.540919874
ci_clean_total: 29275919.465824302
ci_clean_used_grid_total: 0.2917976823570727
ci_clean_used_local_total: 24396599.924904425
ci_clean_used_total: 24396600.216702107
ci_cost_adv_geothermal: 8207.238320980312
ci_cost_allam_ccs: 981164655.6134591
ci_cost_battery_inverter: 29483505.30305626
ci_cost_battery_storage: 135823416.82742015
ci_cost_grid: 34.855731120743584
ci_cost_hydrogen_electrolysis: 385451.3961683508
ci_cost_hydrogen_fuel_cell: 9087065.285372904
ci_cost_hydrogen_storage: 531365.4238995612
ci_cost_onwind: 792812199.0138689
ci_cost_solar: 467790405.9851956
ci_demand_total: 24396600.0
ci_emission_rate_local: 8.471028547079981e-11
ci_emission_rate_myopic: 8.704980797393985e-11
ci_emission_rate_true: 1.397661194097887e-10
ci_emissions: 0.003409818108792851
ci_fraction_clean: 1.1999999781045023
ci_fraction_clean_excess: 0.19999998118261864
ci_fraction_clean_used: 1.0000000088824716
ci_fraction_clean_used_grid: 1.196058804739483e-08
ci_fraction_clean_used_local: 0.9999999969218836
ci_generation_H2_Fuel_Cell: 4992.446197808082
ci_generation_adv_geothermal: 86.21275758185918
ci_generation_allam_ccs: 5421696.205280918
ci_generation_battery_discharger: 2305529.488384215
ci_generation_onwind: 14825593.929151243
ci_generation_solar: 9134297.814153474
ci_marginal_cost_adv_geothermal: 0.0
ci_marginal_cost_allam_ccs: 449077088.6477868
ci_marginal_cost_grid: 34.855731120743584
ci_marginal_cost_onwind: 222383.90893726828
ci_marginal_cost_solar: 91342.9781415348
ci_revenue_grid: 691570513.5655737
ci_total_cost: 2417086306.9424925
co2_price: 130.0
emissions: 294470635.9246763
emissions_zone: 11.370793355422627
objective: 164743604889.99982
system_emission_rate: 0.09230689776924537
system_emissions: 98156878.64155865
system_grid_cfe_wavg: 0.7920622809445054
system_inv_H2_Electrolysis-2030: 7949.010216583758
system_inv_H2_Fuel_Cell-2030: 1749.8879387040818
system_inv_OCGT-2030: 67202.46700111353
system_inv_battery_charger-2030: 27096.362882024747
system_inv_battery_discharger-2030: 27655.106656921183
system_inv_offwind-ac-2030: 6103.809976693587
system_inv_offwind-dc-2030: 58181.65124216943
system_inv_onwind-2030: 214646.74629969534
system_inv_solar-2030: 383566.3313836238
system_inv_solar_rooftop-2030: 0.0
zone_average_marginal_price: 147.8919137786407
