ci_average cost: 92.11391373701495
ci_average_revenue: 29.043547159191405
ci_cap_H2_Electrolysis: 0.007142437736012473
ci_cap_H2_Fuel_Cell: 0.0020545675440660537
ci_cap_adv_geothermal: 0.0015551758587851977
ci_cap_allam_ccs: 615.9388643878895
ci_cap_battery_charger: 2932.0311729652763
ci_cap_battery_discharger: 2992.4914706380473
ci_cap_onwind: 7611.0580770165025
ci_cap_solar: 10426.22553910079
ci_capital_cost_adv_geothermal: 1253.260292868028
ci_capital_cost_allam_ccs: 149380356.97051927
ci_capital_cost_battery_inverter: 69798076.6929871
ci_capital_cost_battery_storage: 182013811.20055568
ci_capital_cost_grid: 0.0
ci_capital_cost_hydrogen_electrolysis: 475.4330233461648
ci_capital_cost_hydrogen_fuel_cell: 434.7778306433343
ci_capital_cost_hydrogen_storage: 285.5990628380296
ci_capital_cost_onwind: 832552084.43568
ci_capital_cost_solar: 500364403.3636403
ci_clean_excess_total: 4879318.298973394
ci_clean_total: 27302922.91872485
ci_clean_used_grid_total: 1163814.4784897037
ci_clean_used_local_total: 22423604.619751453
ci_clean_used_total: 23587419.098241158
ci_cost_adv_geothermal: 1253.260292868028
ci_cost_allam_ccs: 354635933.19198525
ci_cost_battery_inverter: 69798076.6929871
ci_cost_battery_storage: 182013811.20055568
ci_cost_grid: 307573457.37988925
ci_cost_hydrogen_electrolysis: 475.4330233461648
ci_cost_hydrogen_fuel_cell: 434.7778306433343
ci_cost_hydrogen_storage: 285.5990628380296
ci_cost_onwind: 832781007.00303
ci_cost_solar: 500461573.33780235
ci_demand_total: 24396600.0
ci_emission_rate_local: 0.013861561143303282
ci_emission_rate_myopic: 0.011063693973831392
ci_emission_rate_true: 0.019358486428972515
ci_emissions: 472281.25001307076
ci_fraction_clean: 1.1191281948601384
ci_fraction_clean_excess: 0.19999993027607918
ci_fraction_clean_used: 0.9668322265496486
ci_fraction_clean_used_grid: 0.04770396196558962
ci_fraction_clean_used_local: 0.9191282645840589
ci_generation_H2_Fuel_Cell: 7.3040855285687645
ci_generation_adv_geothermal: 11.710399260256123
ci_generation_allam_ccs: 2478045.321936854
ci_generation_battery_discharger: 3686933.870594811
ci_generation_onwind: 15261504.489995237
ci_generation_solar: 9716997.416205613
ci_marginal_cost_adv_geothermal: 0.0
ci_marginal_cost_allam_ccs: 205255576.22146595
ci_marginal_cost_grid: 307573457.37988925
ci_marginal_cost_onwind: 228922.56734992817
ci_marginal_cost_solar: 97169.9741620562
ci_revenue_grid: 708563802.623929
ci_total_cost: 2247266307.876459
co2_price: 130.0
emissions: 295459114.1982233
emissions_zone: 11.750867626655948
objective: 164550595254.18018
system_emission_rate: 0.09261675332634334
system_emissions: 98486371.39940768
system_grid_cfe_wavg: 0.7816177670727309
system_inv_H2_Electrolysis-2030: 7969.369182344608
system_inv_H2_Fuel_Cell-2030: 1751.9501272128973
system_inv_OCGT-2030: 67864.90017395196
system_inv_battery_charger-2030: 26280.149778794854
system_inv_battery_discharger-2030: 26822.062734278214
system_inv_offwind-ac-2030: 6106.991308708539
system_inv_offwind-dc-2030: 58181.65952118112
system_inv_onwind-2030: 214406.21953783225
system_inv_solar-2030: 384156.58137634845
system_inv_solar_rooftop-2030: 0.0
zone_average_marginal_price: 148.15727314470112
