ci_average cost: 92.11412390240002
ci_average_revenue: 29.043798689732068
ci_cap_H2_Electrolysis: 0.00815019226116301
ci_cap_H2_Fuel_Cell: 0.0023322321132755877
ci_cap_adv_geothermal: 0.0017826186446678086
ci_cap_allam_ccs: 615.9402493778404
ci_cap_battery_charger: 2932.2236146286396
ci_cap_battery_discharger: 2992.687880567628
ci_cap_onwind: 7611.052425462063
ci_cap_solar: 10426.22343395821
ci_capital_cost_adv_geothermal: 1436.5482540563014
ci_capital_cost_allam_ccs: 149380692.86472118
ci_capital_cost_battery_inverter: 69802657.83731537
ci_capital_cost_battery_storage: 182013544.9428739
ci_capital_cost_grid: 0.0
ci_capital_cost_hydrogen_electrolysis: 542.513731416934
ci_capital_cost_hydrogen_fuel_cell: 493.53588870577397
ci_capital_cost_hydrogen_storage: 338.6505859221753
ci_capital_cost_onwind: 832551466.2281482
ci_capital_cost_solar: 500364302.3358612
ci_clean_excess_total: 4879318.193443599
ci_clean_total: 27302922.924174868
ci_clean_used_grid_total: 1163255.9943250027
ci_clean_used_local_total: 22423604.730731264
ci_clean_used_total: 23586860.72505627
ci_cost_adv_geothermal: 1436.5482540563014
ci_cost_allam_ccs: 354636798.9081545
ci_cost_battery_inverter: 69802657.83731537
ci_cost_battery_storage: 182013544.9428739
ci_cost_grid: 307573762.2174549
ci_cost_hydrogen_electrolysis: 542.513731416934
ci_cost_hydrogen_fuel_cell: 493.53588870577397
ci_cost_hydrogen_storage: 338.6505859221753
ci_cost_onwind: 832780387.0611591
ci_cost_solar: 500461472.98187405
ci_demand_total: 24396600.0
ci_emission_rate_local: 0.013787809062823099
ci_emission_rate_myopic: 0.011071050590576812
ci_emission_rate_true: 0.019314025139065938
ci_emissions: 471196.5457077361
ci_fraction_clean: 1.1191281950835308
ci_fraction_clean_excess: 0.19999992595048488
ci_fraction_clean_used: 0.966809339213508
ci_fraction_clean_used_grid: 0.04768107008046214
ci_fraction_clean_used_local: 0.9191282691330458
ci_generation_H2_Fuel_Cell: 8.260663409054345
ci_generation_adv_geothermal: 13.455331655017835
ci_generation_allam_ccs: 2478051.718463915
ci_generation_battery_discharger: 3685922.0666838577
ci_generation_onwind: 15261388.867391758
ci_generation_solar: 9717064.601286083
ci_marginal_cost_adv_geothermal: 0.0
ci_marginal_cost_allam_ccs: 205256106.04343328
ci_marginal_cost_grid: 307573762.2174549
ci_marginal_cost_onwind: 228920.833010876
ci_marginal_cost_solar: 97170.6460128609
ci_revenue_grid: 708569939.1139174
ci_total_cost: 2247271435.1972923
co2_price: 130.0
emissions: 295459282.6390144
emissions_zone: 11.660365876305258
objective: 164550604916.35483
system_emission_rate: 0.09261680612701342
system_emissions: 98486427.5463381
system_grid_cfe_wavg: 0.7815787331227577
system_inv_H2_Electrolysis-2030: 7969.367326438976
system_inv_H2_Fuel_Cell-2030: 1751.967562935383
system_inv_OCGT-2030: 67864.95630940139
system_inv_battery_charger-2030: 26280.028371105058
system_inv_battery_discharger-2030: 26821.938823086704
system_inv_offwind-ac-2030: 6107.007810503991
system_inv_offwind-dc-2030: 58181.65351834972
system_inv_onwind-2030: 214405.7466201817
system_inv_solar-2030: 384157.3708936135
system_inv_solar_rooftop-2030: 0.0
zone_average_marginal_price: 148.15729703859893
