ci_average cost: 92.11394862687804
ci_average_revenue: 29.043619836685654
ci_cap_H2_Electrolysis: 0.00869353632026792
ci_cap_H2_Fuel_Cell: 0.0024564716858927107
ci_cap_adv_geothermal: 0.0019152714283015868
ci_cap_allam_ccs: 615.9363489919652
ci_cap_battery_charger: 2932.0368945696564
ci_cap_battery_discharger: 2992.497310225451
ci_cap_onwind: 7611.066225660728
ci_cap_solar: 10426.230517512893
ci_capital_cost_adv_geothermal: 1543.4483615441393
ci_capital_cost_allam_ccs: 149379746.92500535
ci_capital_cost_battery_inverter: 69798212.8978764
ci_capital_cost_battery_storage: 182014045.41958156
ci_capital_cost_grid: 0.0
ci_capital_cost_hydrogen_electrolysis: 578.6811742824063
ci_capital_cost_hydrogen_fuel_cell: 519.8268772977708
ci_capital_cost_hydrogen_storage: 353.63872328921684
ci_capital_cost_onwind: 832552975.7927907
ci_capital_cost_solar: 500364642.2823356
ci_clean_excess_total: 4879317.922666158
ci_clean_total: 27302920.830351613
ci_clean_used_grid_total: 1189607.8504386228
ci_clean_used_local_total: 22423602.90768546
ci_clean_used_total: 23613210.758124083
ci_cost_adv_geothermal: 1543.4483615441393
ci_cost_allam_ccs: 354634307.16658413
ci_cost_battery_inverter: 69798212.8978764
ci_cost_battery_storage: 182014045.41958156
ci_cost_grid: 307573887.6364355
ci_cost_hydrogen_electrolysis: 578.6811742824063
ci_cost_hydrogen_fuel_cell: 519.8268772977708
ci_cost_hydrogen_storage: 353.63872328921684
ci_cost_onwind: 832781897.8049103
ci_cost_solar: 500461812.54996836
ci_demand_total: 24396600.0
ci_emission_rate_local: 0.01383136025579461
ci_emission_rate_myopic: 0.011066575701331393
ci_emission_rate_true: 0.019336297195082782
ci_emissions: 471739.9081495566
ci_fraction_clean: 1.1191281092591432
ci_fraction_clean_excess: 0.19999991485150215
ci_fraction_clean_used: 0.9678894091030752
ci_fraction_clean_used_grid: 0.0487612146954339
ci_fraction_clean_used_local: 0.9191281944076412
ci_generation_H2_Fuel_Cell: 8.761124427601096
ci_generation_adv_geothermal: 14.501183618961358
ci_generation_allam_ccs: 2478033.0560376626
ci_generation_battery_discharger: 3686504.6692355047
ci_generation_onwind: 15261467.474644523
ci_generation_solar: 9717026.763276104
ci_marginal_cost_adv_geothermal: 0.0
ci_marginal_cost_allam_ccs: 205254560.24157882
ci_marginal_cost_grid: 307573887.6364355
ci_marginal_cost_onwind: 228922.01211966746
ci_marginal_cost_solar: 97170.26763276111
ci_revenue_grid: 708565575.7076852
ci_total_cost: 2247267159.0704927
co2_price: 130.0
emissions: 295459265.1501281
emissions_zone: 11.719079151205579
objective: 164550606986.36353
system_emission_rate: 0.09261680064482022
system_emissions: 98486421.71670905
system_grid_cfe_wavg: 0.785511681072192
system_inv_H2_Electrolysis-2030: 7969.325870857725
system_inv_H2_Fuel_Cell-2030: 1751.9475014752927
system_inv_OCGT-2030: 67864.96996673704
system_inv_battery_charger-2030: 26279.783007941714
system_inv_battery_discharger-2030: 26821.688400383053
system_inv_offwind-ac-2030: 6106.988440646153
system_inv_offwind-dc-2030: 58181.66064739799
system_inv_onwind-2030: 214406.44895247894
system_inv_solar-2030: 384155.965129889
system_inv_solar_rooftop-2030: 0.0
zone_average_marginal_price: 148.15731885440275
