ci_average cost: 92.11406600057
ci_average_revenue: 29.04372631560583
ci_cap_H2_Electrolysis: 0.0057479429980439554
ci_cap_H2_Fuel_Cell: 0.0016001426240882665
ci_cap_adv_geothermal: 0.001164529879924476
ci_cap_allam_ccs: 615.9396928950194
ci_cap_battery_charger: 2932.1743827051077
ci_cap_battery_discharger: 2992.6376334513593
ci_cap_onwind: 7611.056604837384
ci_cap_solar: 10426.223724991825
ci_capital_cost_adv_geothermal: 938.4527480433968
ci_capital_cost_allam_ccs: 149380557.9039203
ci_capital_cost_battery_inverter: 69801485.85333169
ci_capital_cost_battery_storage: 182013600.33194977
ci_capital_cost_grid: 0.0
ci_capital_cost_hydrogen_electrolysis: 382.60913410595873
ci_capital_cost_hydrogen_fuel_cell: 338.6145862326842
ci_capital_cost_hydrogen_storage: 249.69104902839177
ci_capital_cost_onwind: 832551923.3981763
ci_capital_cost_solar: 500364316.3028391
ci_clean_excess_total: 4879318.193787911
ci_clean_total: 27302921.10958859
ci_clean_used_grid_total: 1172774.073692486
ci_clean_used_local_total: 22423602.91580068
ci_clean_used_total: 23596376.989493165
ci_cost_adv_geothermal: 938.4527480433968
ci_cost_allam_ccs: 354636443.30078125
ci_cost_battery_inverter: 69801485.85333169
ci_cost_battery_storage: 182013600.33194977
ci_cost_grid: 307574249.7462568
ci_cost_hydrogen_electrolysis: 382.60913410595873
ci_cost_hydrogen_fuel_cell: 338.6145862326842
ci_cost_hydrogen_storage: 249.69104902839177
ci_cost_onwind: 832780848.4542696
ci_cost_solar: 500461485.5353995
ci_demand_total: 24396600.0
ci_emission_rate_local: 0.013869349750399771
ci_emission_rate_myopic: 0.011058365294776825
ci_emission_rate_true: 0.0193583665599261
ci_emissions: 472278.3256158931
ci_fraction_clean: 1.1191281207048764
ci_fraction_clean_excess: 0.19999992596459798
ci_fraction_clean_used: 0.967199404404432
ci_fraction_clean_used_grid: 0.048071209664153444
ci_fraction_clean_used_local: 0.9191281947402785
ci_generation_H2_Fuel_Cell: 5.73989411755495
ci_generation_adv_geothermal: 8.818274471347937
ci_generation_allam_ccs: 2478049.054603491
ci_generation_battery_discharger: 3689272.4878063546
ci_generation_onwind: 15261670.406226281
ci_generation_solar: 9716923.25604046
ci_marginal_cost_adv_geothermal: 0.0
ci_marginal_cost_allam_ccs: 205255885.396861
ci_marginal_cost_grid: 307574249.7462568
ci_marginal_cost_onwind: 228925.05609339382
ci_marginal_cost_solar: 97169.23256040466
ci_revenue_grid: 708568173.4313092
ci_total_cost: 2247270022.589506
co2_price: 130.0
emissions: 295459267.87435937
emissions_zone: 11.76561471191718
objective: 164550579406.06473
system_emission_rate: 0.09261680149877771
system_emissions: 98486422.62478638
system_grid_cfe_wavg: 0.7829442203944528
system_inv_H2_Electrolysis-2030: 7969.206970753128
system_inv_H2_Fuel_Cell-2030: 1751.949759802152
system_inv_OCGT-2030: 67865.02019845737
system_inv_battery_charger-2030: 26279.712441720323
system_inv_battery_discharger-2030: 26821.61637904249
system_inv_offwind-ac-2030: 6106.968210703875
system_inv_offwind-dc-2030: 58181.66011961942
system_inv_onwind-2030: 214406.5712287979
system_inv_solar-2030: 384155.1142933729
system_inv_solar_rooftop-2030: 0.0
zone_average_marginal_price: 148.1572893090197
