ci_average cost: 92.28363426177374
ci_average_revenue: 29.04932258597134
ci_cap_H2_Electrolysis: 0.009098098479425868
ci_cap_H2_Fuel_Cell: 0.002814168961640132
ci_cap_adv_geothermal: 0.0021252014770076783
ci_cap_allam_ccs: 901.0170718351563
ci_cap_battery_charger: 2697.34028665968
ci_cap_battery_discharger: 2752.9611129864584
ci_cap_onwind: 7698.59214382528
ci_cap_solar: 9980.095522379734
ci_capital_cost_adv_geothermal: 1712.6234376855025
ci_capital_cost_allam_ccs: 218518849.20596033
ci_capital_cost_battery_inverter: 64211174.12778129
ci_capital_cost_battery_storage: 168031222.93105716
ci_capital_cost_grid: 0.0
ci_capital_cost_hydrogen_electrolysis: 605.6106649645748
ci_capital_cost_hydrogen_fuel_cell: 595.5210768025083
ci_capital_cost_hydrogen_storage: 399.4465793230149
ci_capital_cost_onwind: 842127188.0603455
ci_capital_cost_solar: 478954202.8263427
ci_clean_excess_total: 4879318.082622958
ci_clean_total: 28010931.69000721
ci_clean_used_grid_total: 777055.9403125388
ci_clean_used_local_total: 23131613.60738425
ci_clean_used_total: 23908669.547696788
ci_cost_adv_geothermal: 1712.6234376855025
ci_cost_allam_ccs: 498868963.3225163
ci_cost_battery_inverter: 64211174.12778129
ci_cost_battery_storage: 168031222.93105716
ci_cost_grid: 198885818.80448037
ci_cost_hydrogen_electrolysis: 605.6106649645748
ci_cost_hydrogen_fuel_cell: 595.5210768025083
ci_cost_hydrogen_storage: 399.4465793230149
ci_cost_onwind: 842359095.3889588
ci_cost_solar: 479047323.85423666
ci_demand_total: 24396600.0
ci_emission_rate_local: 0.009721843860826154
ci_emission_rate_myopic: 0.006963363882770304
ci_emission_rate_true: 0.012865492691507196
ci_emissions: 313874.27899762447
ci_fraction_clean: 1.1481489916630683
ci_fraction_clean_excess: 0.19999992140802236
ci_fraction_clean_used: 0.9800000634390361
ci_fraction_clean_used_grid: 0.03185099318399034
ci_fraction_clean_used_local: 0.9481490702550458
ci_generation_H2_Fuel_Cell: 9.017202752216665
ci_generation_adv_geothermal: 16.229210508643128
ci_generation_allam_ccs: 3384659.757264806
ci_generation_battery_discharger: 3511644.967819728
ci_generation_onwind: 15460488.574220944
ci_generation_solar: 9312102.789397929
ci_marginal_cost_adv_geothermal: 0.0
ci_marginal_cost_allam_ccs: 280350114.116556
ci_marginal_cost_grid: 198885818.80448037
ci_marginal_cost_onwind: 231907.3286133138
ci_marginal_cost_solar: 93121.02789397935
ci_revenue_grid: 708704703.4009084
ci_total_cost: 2251406911.6307893
co2_price: 130.0
emissions: 295138045.384619
emissions_zone: 11.617448248831552
objective: 164556729676.78775
system_emission_rate: 0.09251610877120414
system_emissions: 98379348.46153983
system_grid_cfe_wavg: 0.7869815925770343
system_inv_H2_Electrolysis-2030: 7969.46072158338
system_inv_H2_Fuel_Cell-2030: 1752.5373974338222
system_inv_OCGT-2030: 67700.33596508537
system_inv_battery_charger-2030: 26372.98382827253
system_inv_battery_discharger-2030: 26916.811079319097
system_inv_offwind-ac-2030: 6106.17231133014
system_inv_offwind-dc-2030: 58181.666454482845
system_inv_onwind-2030: 214395.06721324124
system_inv_solar-2030: 384158.23601149867
system_inv_solar_rooftop-2030: 0.0
zone_average_marginal_price: 147.99856464382148
