ci_average cost: 93.09384004709946
ci_average_revenue: 28.910857598987015
ci_cap_H2_Electrolysis: 0.007455998217950498
ci_cap_H2_Fuel_Cell: 0.0030275407900541124
ci_cap_adv_geothermal: 0.002767881194658457
ci_cap_allam_ccs: 1264.6229025497616
ci_cap_battery_charger: 2392.242623392033
ci_cap_battery_discharger: 2441.572147051052
ci_cap_onwind: 7689.375859118005
ci_cap_solar: 9597.457839793453
ci_capital_cost_adv_geothermal: 2230.535908235629
ci_capital_cost_allam_ccs: 306702225.72123826
ci_capital_cost_battery_inverter: 56948212.43216271
ci_capital_cost_battery_storage: 161399898.0781425
ci_capital_cost_grid: 0.0
ci_capital_cost_hydrogen_electrolysis: 496.30502999706266
ci_capital_cost_hydrogen_fuel_cell: 640.6738102554269
ci_capital_cost_hydrogen_storage: 348.4947784063447
ci_capital_cost_onwind: 841119044.7816908
ci_capital_cost_solar: 460591059.3250136
ci_clean_excess_total: 4879317.805728543
ci_clean_total: 28710843.27503049
ci_clean_used_grid_total: 321110.38380810455
ci_clean_used_local_total: 23831525.469301946
ci_clean_used_total: 24152635.853110053
ci_cost_adv_geothermal: 2230.535908235629
ci_cost_allam_ccs: 659758702.8062973
ci_cost_battery_inverter: 56948212.43216271
ci_cost_battery_storage: 161399898.0781425
ci_cost_grid: 91028786.56845997
ci_cost_hydrogen_electrolysis: 496.30502999706266
ci_cost_hydrogen_fuel_cell: 640.6738102554269
ci_cost_hydrogen_storage: 348.4947784063447
ci_cost_onwind: 841352778.1106448
ci_cost_solar: 460681084.08783215
ci_demand_total: 24396600.0
ci_emission_rate_local: 0.005327114709549466
ci_emission_rate_myopic: 0.0031819046246425254
ci_emission_rate_true: 0.0065290900643851955
ci_emissions: 159287.59866477986
ci_fraction_clean: 1.1768378903220322
ci_fraction_clean_excess: 0.19999991005830905
ci_fraction_clean_used: 0.9900000759577176
ci_fraction_clean_used_grid: 0.013162095693994432
ci_fraction_clean_used_local: 0.976837980263723
ci_generation_H2_Fuel_Cell: 7.281530680954935
ci_generation_adv_geothermal: 21.77406487799551
ci_generation_allam_ccs: 4262441.817785992
ci_generation_battery_discharger: 3271314.0515674334
ci_generation_onwind: 15582221.9302615
ci_generation_solar: 9002476.281858487
ci_marginal_cost_adv_geothermal: 0.0
ci_marginal_cost_allam_ccs: 353056477.085059
ci_marginal_cost_grid: 91028786.56845997
ci_marginal_cost_onwind: 233733.32895392212
ci_marginal_cost_solar: 90024.76281858493
ci_revenue_grid: 705326628.4994466
ci_total_cost: 2271173178.0930667
co2_price: 130.0
emissions: 294810342.09097093
emissions_zone: 11.561305341300267
objective: 164581299768.32687
system_emission_rate: 0.09241338452391051
system_emissions: 98270114.03032373
system_grid_cfe_wavg: 0.7873223496174411
system_inv_H2_Electrolysis-2030: 7965.61837031267
system_inv_H2_Fuel_Cell-2030: 1753.0184316385773
system_inv_OCGT-2030: 67536.18491174535
system_inv_battery_charger-2030: 26498.856972825186
system_inv_battery_discharger-2030: 27045.279806026134
system_inv_offwind-ac-2030: 6104.807972866222
system_inv_offwind-dc-2030: 58181.67477581715
system_inv_onwind-2030: 214289.9970507272
system_inv_solar-2030: 384374.4364645705
system_inv_solar_rooftop-2030: 0.0
zone_average_marginal_price: 147.93676283018115
