ci_average cost: 155.22672267326482
ci_average_revenue: 0.0
ci_cap_H2_Electrolysis: 0.0
ci_cap_H2_Fuel_Cell: 0.0
ci_cap_adv_geothermal: 0.0
ci_cap_allam_ccs: 0.0
ci_cap_battery_charger: 0.0
ci_cap_battery_discharger: 0.0
ci_cap_onwind: 0.0
ci_cap_solar: 0.0
ci_capital_cost_adv_geothermal: 0.0
ci_capital_cost_allam_ccs: 0.0
ci_capital_cost_battery_inverter: 0.0
ci_capital_cost_battery_storage: 0.0
ci_capital_cost_grid: 0.0
ci_capital_cost_hydrogen_electrolysis: 0.0
ci_capital_cost_hydrogen_fuel_cell: 0.0
ci_capital_cost_hydrogen_storage: 0.0
ci_capital_cost_onwind: 0.0
ci_capital_cost_solar: 0.0
ci_clean_excess_total: 0.0
ci_clean_total: 0.0
ci_clean_used_grid_total: 18075375.73117201
ci_clean_used_local_total: 0.0
ci_clean_used_total: 18075375.73117201
ci_cost_adv_geothermal: 0.0
ci_cost_allam_ccs: 0.0
ci_cost_battery_inverter: 0.0
ci_cost_battery_storage: 0.0
ci_cost_grid: 3787004262.3705726
ci_cost_hydrogen_electrolysis: 0.0
ci_cost_hydrogen_fuel_cell: 0.0
ci_cost_hydrogen_storage: 0.0
ci_cost_onwind: 0.0
ci_cost_solar: 0.0
ci_demand_total: 24396600.0
ci_emission_rate_local: 0.14527961740417927
ci_emission_rate_myopic: 0.09527339858122975
ci_emission_rate_true: 0.18030568429525543
ci_emissions: 4398845.657477628
ci_fraction_clean: 0.0
ci_fraction_clean_excess: 0.0
ci_fraction_clean_used: 0.7408973271346011
ci_fraction_clean_used_grid: 0.7408973271346011
ci_fraction_clean_used_local: 0.0
ci_generation_H2_Fuel_Cell: -0.0
ci_generation_adv_geothermal: 0.0
ci_generation_allam_ccs: 0.0
ci_generation_battery_discharger: -0.0
ci_generation_onwind: 0.0
ci_generation_solar: 0.0
ci_marginal_cost_adv_geothermal: 0.0
ci_marginal_cost_allam_ccs: 0.0
ci_marginal_cost_grid: 3787004262.3705726
ci_marginal_cost_onwind: 0.0
ci_marginal_cost_solar: 0.0
ci_revenue_grid: 0.0
ci_total_cost: 3787004262.3705726
co2_price: 130.0
emissions: 307735484.0191098
emissions_zone: 19.705191817482145
objective: 166759430976.9456
system_emission_rate: 0.09646499310235934
system_emissions: 102578494.67303668
system_grid_cfe_wavg: 0.7227818603830624
system_inv_H2_Electrolysis-2030: 8071.22616929918
system_inv_H2_Fuel_Cell-2030: 1705.549871322534
system_inv_OCGT-2030: 70345.60354705281
system_inv_battery_charger-2030: 27902.79216140264
system_inv_battery_discharger-2030: 28478.165007208278
system_inv_offwind-ac-2030: 5813.03643327883
system_inv_offwind-dc-2030: 58181.64650053893
system_inv_onwind-2030: 213473.7401178619
system_inv_solar-2030: 386178.943498354
system_inv_solar_rooftop-2030: 0.0
zone_average_marginal_price: 155.22672267326485
