ci_average cost: 104.26292803035734
ci_average_revenue: 30.858143120247128
ci_cap_H2_Electrolysis: 0.0
ci_cap_H2_Fuel_Cell: 0.0
ci_cap_adv_geothermal: 0.0
ci_cap_allam_ccs: 0.0
ci_cap_battery_charger: 0.0
ci_cap_battery_discharger: 0.0
ci_cap_onwind: 12681.531485582322
ci_cap_solar: 7078.130303619629
ci_capital_cost_adv_geothermal: 0.0
ci_capital_cost_allam_ccs: 0.0
ci_capital_cost_battery_inverter: 0.0
ci_capital_cost_battery_storage: 0.0
ci_capital_cost_grid: 0.0
ci_capital_cost_hydrogen_electrolysis: 0.0
ci_capital_cost_hydrogen_fuel_cell: 0.0
ci_capital_cost_hydrogen_storage: 0.0
ci_capital_cost_onwind: 1387196808.291465
ci_capital_cost_solar: 339686153.250641
ci_clean_excess_total: 4879319.467063041
ci_clean_total: 24396600.000025816
ci_clean_used_grid_total: 3162101.9858715395
ci_clean_used_local_total: 19517280.532962777
ci_clean_used_total: 22679382.518834315
ci_cost_adv_geothermal: 0.0
ci_cost_allam_ccs: 0.0
ci_cost_battery_inverter: 0.0
ci_cost_battery_storage: 0.0
ci_cost_grid: 816443371.8288088
ci_cost_hydrogen_electrolysis: 0.0
ci_cost_hydrogen_fuel_cell: 0.0
ci_cost_hydrogen_storage: 0.0
ci_cost_onwind: 1387468760.1349673
ci_cost_solar: 339748818.0216397
ci_demand_total: 24396600.0
ci_emission_rate_local: 0.033250988744556786
ci_emission_rate_myopic: 0.024406732855461372
ci_emission_rate_true: 0.046152650365250535
ci_emissions: 1125967.7499008714
ci_fraction_clean: 1.0000000000010583
ci_fraction_clean_excess: 0.19999997815527742
ci_fraction_clean_used: 0.9296124262739199
ci_fraction_clean_used_grid: 0.12961240442813915
ci_fraction_clean_used_local: 0.8000000218457808
ci_generation_H2_Fuel_Cell: -0.0
ci_generation_adv_geothermal: 0.0
ci_generation_allam_ccs: 0.0
ci_generation_battery_discharger: -0.0
ci_generation_onwind: 18130122.900152195
ci_generation_solar: 6266477.099873625
ci_marginal_cost_adv_geothermal: 0.0
ci_marginal_cost_allam_ccs: 0.0
ci_marginal_cost_grid: 816443371.8288088
ci_marginal_cost_onwind: 271951.84350228246
ci_marginal_cost_solar: 62664.77099873629
ci_revenue_grid: 752833774.4474211
ci_total_cost: 2543660949.985416
co2_price: 130.0
emissions: 296300074.60607153
emissions_zone: 12.224590155182648
objective: 164818459184.16092
system_emission_rate: 0.09288036686509721
system_emissions: 98766691.53535701
system_grid_cfe_wavg: 0.780663388535203
system_inv_H2_Electrolysis-2030: 7914.632842923808
system_inv_H2_Fuel_Cell-2030: 1740.1617474016625
system_inv_OCGT-2030: 69067.64558497109
system_inv_battery_charger-2030: 28358.365616893578
system_inv_battery_discharger-2030: 28943.132669345032
system_inv_offwind-ac-2030: 6022.280524984098
system_inv_offwind-dc-2030: 58181.647186717375
system_inv_onwind-2030: 213885.17652634968
system_inv_solar-2030: 385193.8027987975
system_inv_solar_rooftop-2030: 0.0
zone_average_marginal_price: 150.3806796895104
