ci_average cost: 214.22762595515258
ci_average_revenue: 21.876237687084824
ci_cap_battery_charger: 538.8877908069674
ci_cap_battery_discharger: 549.9999906174014
ci_cap_onwind: 2979.318232756065
ci_cap_solar: 5027.89624201195
ci_capital_cost_battery_inverter: 12828421.368255539
ci_capital_cost_battery_storage: 452056874.82454824
ci_capital_cost_grid: 0.0
ci_capital_cost_hydrogen_electrolysis: 0.0
ci_capital_cost_hydrogen_fuel_cell: 0.0
ci_capital_cost_hydrogen_storage: 0.0
ci_capital_cost_onwind: 325899182.44988716
ci_capital_cost_solar: 241293485.72729728
ci_clean_excess_total: 963598.9858766802
ci_clean_total: 5781595.354688315
ci_clean_used_grid_total: 4.491253394059408
ci_clean_used_local_total: 4817996.368811634
ci_clean_used_total: 4818000.860065028
ci_cost_battery_inverter: 12828421.368255539
ci_cost_battery_storage: 452056874.82454824
ci_cost_grid: 76.99174686812083
ci_cost_hydrogen_electrolysis: 0.0
ci_cost_hydrogen_fuel_cell: 0.0
ci_cost_hydrogen_storage: 0.0
ci_cost_onwind: 325935896.56682855
ci_cost_solar: 241327432.10054597
ci_demand_total: 4818000.0
ci_emission_rate_local: 2.998417284076349e-13
ci_emission_rate_myopic: 6.125410934956972e-08
ci_emission_rate_true: 1.3347409664349907e-10
ci_emissions: 0.0006430781976283784
ci_fraction_clean: 1.1999990358423236
ci_fraction_clean_excess: 0.19999978951363226
ci_fraction_clean_used: 1.0000001785107986
ci_fraction_clean_used_grid: 9.321821075258215e-07
ci_fraction_clean_used_local: 0.9999992463286912
ci_generation_battery_discharger: 1455598.2118178103
ci_generation_onwind: 2447607.7960910043
ci_generation_solar: 3394637.324870869
ci_marginal_cost_grid: 76.99174686812083
ci_marginal_cost_onwind: 36714.116941365086
ci_marginal_cost_solar: 33946.3732487087
ci_revenue_grid: 105399713.17637469
ci_total_cost: 1032148701.8519251
co2_price: 130.0
emissions: 296107256.59956205
emissions_zone: 1.729415360385305
objective: 165120025645.2441
system_emission_rate: 0.09225374049334231
system_emissions: 98702418.8665205
system_grid_cfe_wavg: 0.7412823408770207
system_inv_H2_Electrolysis-2030: 7706.408959601993
system_inv_H2_Fuel_Cell-2030: 1700.0245384195564
system_inv_OCGT-2030: 69337.69974607525
system_inv_battery_charger-2030: 28136.96758826536
system_inv_battery_discharger-2030: 28717.169276324228
system_inv_offwind-ac-2030: 6090.88663755188
system_inv_offwind-dc-2030: 57836.73893488492
system_inv_onwind-2030: 222157.200311845
system_inv_solar-2030: 390389.12834028294
system_inv_solar_rooftop-2030: 0.0
zone_average_marginal_price: 72.71980486672585
