ci_average cost: 75.57506143374778
ci_average_revenue: 10.576278888272126
ci_cap_battery_charger: 0.20057529602735383
ci_cap_battery_discharger: 0.20471128278473666
ci_cap_onwind: 899.1167455230936
ci_cap_solar: 2275.970359398924
ci_capital_cost_battery_inverter: 4774.768434906279
ci_capital_cost_battery_storage: 14322.834620847207
ci_capital_cost_grid: 0.0
ci_capital_cost_hydrogen_electrolysis: 0.0
ci_capital_cost_hydrogen_fuel_cell: 0.0
ci_capital_cost_hydrogen_storage: 0.0
ci_capital_cost_onwind: 98351834.01066741
ci_capital_cost_solar: 109225965.49279997
ci_clean_excess_total: 963578.841934333
ci_clean_total: 4287162.542508159
ci_clean_used_grid_total: 594479.8961167117
ci_clean_used_local_total: 3323583.700573826
ci_clean_used_total: 3918063.596690538
ci_cost_battery_inverter: 4774.768434906279
ci_cost_battery_storage: 14322.834620847207
ci_cost_grid: 156469426.55832517
ci_cost_hydrogen_electrolysis: 0.0
ci_cost_hydrogen_fuel_cell: 0.0
ci_cost_hydrogen_storage: 0.0
ci_cost_onwind: 98386185.40285625
ci_cost_solar: 109245936.42355962
ci_demand_total: 4818000.0
ci_emission_rate_local: 0.07662269829289559
ci_emission_rate_myopic: 0.037197207729958326
ci_emission_rate_true: 0.06895419795801383
ci_emissions: 332221.32576171064
ci_fraction_clean: 0.8898220304085012
ci_fraction_clean_excess: 0.19999560853763657
ci_fraction_clean_used: 0.8132136979432416
ci_fraction_clean_used_grid: 0.12338727607237684
ci_fraction_clean_used_local: 0.6898264218708647
ci_generation_battery_discharger: 560.3065592640588
ci_generation_onwind: 2290092.8125885706
ci_generation_solar: 1997093.075964834
ci_marginal_cost_grid: 156469426.55832517
ci_marginal_cost_onwind: 34351.392188828584
ci_marginal_cost_solar: 19970.93075964835
ci_revenue_grid: 50956511.68369511
ci_total_cost: 364120645.9877968
co2_price: 130.0
emissions: 296773609.9424719
emissions_zone: 2.435551597699607
objective: 164503773854.13852
system_emission_rate: 0.09246134630847733
system_emissions: 98924536.64749068
system_grid_cfe_wavg: 0.7012770251791555
system_inv_H2_Electrolysis-2030: 7873.696946234232
system_inv_H2_Fuel_Cell-2030: 1734.8957731326516
system_inv_OCGT-2030: 69269.67330936618
system_inv_battery_charger-2030: 28162.03656310317
system_inv_battery_discharger-2030: 28742.755188940522
system_inv_offwind-ac-2030: 6092.870988955446
system_inv_offwind-dc-2030: 57899.34145815044
system_inv_onwind-2030: 222346.15512581286
system_inv_solar-2030: 389218.9193169408
system_inv_solar_rooftop-2030: 0.0
zone_average_marginal_price: 74.1994710648181
