ci_average cost: 76.53654678963454
ci_average_revenue: 10.939386535628927
ci_cap_battery_charger: 155.46197161616288
ci_cap_battery_discharger: 158.66769369967102
ci_cap_onwind: 995.6617280085799
ci_cap_solar: 2530.6737651052126
ci_capital_cost_battery_inverter: 3700829.2127855993
ci_capital_cost_battery_storage: 11366651.764138665
ci_capital_cost_grid: 0.0
ci_capital_cost_hydrogen_electrolysis: 0.0
ci_capital_cost_hydrogen_fuel_cell: 0.0
ci_capital_cost_hydrogen_storage: 0.0
ci_capital_cost_onwind: 108912616.17744939
ci_capital_cost_solar: 121449422.30878459
ci_clean_excess_total: 963574.8612002821
ci_clean_total: 4616983.431901215
ci_clean_used_grid_total: 441917.5951878346
ci_clean_used_local_total: 3653408.570700933
ci_clean_used_total: 4095326.1658887677
ci_cost_battery_inverter: 3700829.2127855993
ci_cost_battery_storage: 11366651.764138665
ci_cost_grid: 123265212.75473069
ci_cost_hydrogen_electrolysis: 0.0
ci_cost_hydrogen_fuel_cell: 0.0
ci_cost_hydrogen_storage: 0.0
ci_cost_onwind: 108948733.97470436
ci_cost_solar: 121471654.72609997
ci_demand_total: 4818000.0
ci_emission_rate_local: 0.06091396209934824
ci_emission_rate_myopic: 0.02954243417612931
ci_emission_rate_true: 0.05554255991109552
ci_emissions: 267604.05365165824
ci_fraction_clean: 0.9582780057910366
ci_fraction_clean_excess: 0.19999478231637238
ci_fraction_clean_used: 0.8500054308610975
ci_fraction_clean_used_grid: 0.09172220738643308
ci_fraction_clean_used_local: 0.7582832234746645
ci_generation_battery_discharger: 338675.68830444955
ci_generation_onwind: 2407853.1503305286
ci_generation_solar: 2223241.7315376652
ci_marginal_cost_grid: 123265212.75473069
ci_marginal_cost_onwind: 36117.79725495795
ci_marginal_cost_solar: 22232.41731537666
ci_revenue_grid: 52705964.32866017
ci_total_cost: 368753082.43245924
co2_price: 130.0
emissions: 296659352.0477752
emissions_zone: 2.3573969865231663
objective: 164505863090.47824
system_emission_rate: 0.09242574867305366
system_emissions: 98886450.68259153
system_grid_cfe_wavg: 0.7064363882414694
system_inv_H2_Electrolysis-2030: 7878.106897272898
system_inv_H2_Fuel_Cell-2030: 1736.9342496573993
system_inv_OCGT-2030: 69297.39926286286
system_inv_battery_charger-2030: 28120.855519743214
system_inv_battery_discharger-2030: 28700.724966976002
system_inv_offwind-ac-2030: 6091.97436281807
system_inv_offwind-dc-2030: 57876.56455169055
system_inv_onwind-2030: 222353.84954135882
system_inv_solar-2030: 389247.46712592576
system_inv_solar_rooftop-2030: 0.0
zone_average_marginal_price: 73.37907661309829
