ci_average cost: 85.57965700027967
ci_average_revenue: 14.651702120833832
ci_cap_battery_charger: 639.6112804093586
ci_cap_battery_discharger: 652.8004609218232
ci_cap_onwind: 995.1300724092072
ci_cap_solar: 3718.1933538437693
ci_capital_cost_battery_inverter: 15226180.954468591
ci_capital_cost_battery_storage: 61346549.83044927
ci_capital_cost_grid: 0.0
ci_capital_cost_hydrogen_electrolysis: 0.0
ci_capital_cost_hydrogen_fuel_cell: 0.0
ci_capital_cost_hydrogen_storage: 0.0
ci_capital_cost_onwind: 108854459.87736855
ci_capital_cost_solar: 178439608.09303048
ci_clean_excess_total: 963594.5571175275
ci_clean_total: 5279050.336721911
ci_clean_used_grid_total: 261649.52378313756
ci_clean_used_local_total: 4315455.779604383
ci_clean_used_total: 4577105.303387521
ci_cost_battery_inverter: 15226180.954468591
ci_cost_battery_storage: 61346549.83044927
ci_cost_grid: 48391987.91386078
ci_cost_hydrogen_electrolysis: 0.0
ci_cost_hydrogen_fuel_cell: 0.0
ci_cost_hydrogen_storage: 0.0
ci_cost_onwind: 108886484.04088639
ci_cost_solar: 178471584.68768233
ci_demand_total: 4818000.0
ci_emission_rate_local: 0.02193232221295031
ci_emission_rate_myopic: 0.012935757113479251
ci_emission_rate_true: 0.02008997218592423
ci_emissions: 96793.48599178293
ci_fraction_clean: 1.0956933035952492
ci_fraction_clean_excess: 0.19999887030251712
ci_fraction_clean_used: 0.9500011007446079
ci_fraction_clean_used_grid: 0.05430666745187579
ci_fraction_clean_used_local: 0.895694433292732
ci_generation_battery_discharger: 1285284.0857552106
ci_generation_onwind: 2134944.2345222374
ci_generation_solar: 3197659.4651836925
ci_marginal_cost_grid: 48391987.91386078
ci_marginal_cost_onwind: 32024.163517833582
ci_marginal_cost_solar: 31976.59465183694
ci_revenue_grid: 70591900.8181774
ci_total_cost: 412322787.4273474
co2_price: 130.0
emissions: 296409629.67442423
emissions_zone: 2.1026754324475476
objective: 164526427200.80313
system_emission_rate: 0.09234794638177923
system_emissions: 98803209.89147481
system_grid_cfe_wavg: 0.7239833171143335
system_inv_H2_Electrolysis-2030: 7832.514015750027
system_inv_H2_Fuel_Cell-2030: 1724.5150479584847
system_inv_OCGT-2030: 69311.7042064654
system_inv_battery_charger-2030: 28121.82978401021
system_inv_battery_discharger-2030: 28701.71932117523
system_inv_offwind-ac-2030: 6092.585420661811
system_inv_offwind-dc-2030: 57840.98458910459
system_inv_onwind-2030: 222329.86639007623
system_inv_solar-2030: 389189.32499697333
system_inv_solar_rooftop-2030: 0.0
zone_average_marginal_price: 71.35902196258444
