ci_average cost: 125.89358566259783
ci_average_revenue: 21.87440594905578
ci_cap_battery_charger: 1345.27181412401
ci_cap_battery_discharger: 1373.0121516356567
ci_cap_onwind: 1877.194915513213
ci_cap_solar: 4488.1682227047295
ci_capital_cost_battery_inverter: 32024688.591622133
ci_capital_cost_battery_storage: 144756120.2391398
ci_capital_cost_grid: 0.0
ci_capital_cost_hydrogen_electrolysis: 0.0
ci_capital_cost_hydrogen_fuel_cell: 0.0
ci_capital_cost_hydrogen_storage: 0.0
ci_capital_cost_onwind: 205341034.58256888
ci_capital_cost_solar: 215391428.71284792
ci_clean_excess_total: 963597.5254426268
ci_clean_total: 5699541.772831261
ci_clean_used_grid_total: 33878.02536001507
ci_clean_used_local_total: 4735944.247388635
ci_clean_used_total: 4769822.27274865
ci_cost_battery_inverter: 32024688.591622133
ci_cost_battery_storage: 144756120.2391398
ci_cost_grid: 8974244.049840089
ci_cost_hydrogen_electrolysis: 0.0
ci_cost_hydrogen_fuel_cell: 0.0
ci_cost_hydrogen_storage: 0.0
ci_cost_onwind: 205370964.9684524
ci_cost_solar: 215429277.87334198
ci_demand_total: 4818000.0
ci_emission_rate_local: 0.005523271588165177
ci_emission_rate_myopic: 0.0018946064241915687
ci_emission_rate_true: 0.00409811506961056
ci_emissions: 19744.71840538367
ci_fraction_clean: 1.1829684044896764
ci_fraction_clean_excess: 0.19999948639323928
ci_fraction_clean_used: 0.9900004717203508
ci_fraction_clean_used_grid: 0.007031553623913464
ci_fraction_clean_used_local: 0.9829689180964373
ci_generation_battery_discharger: 1937605.1380785448
ci_generation_onwind: 1995359.058901331
ci_generation_solar: 3784916.0494073797
ci_marginal_cost_grid: 8974244.049840089
ci_marginal_cost_onwind: 29930.385883519983
ci_marginal_cost_solar: 37849.16049407381
ci_revenue_grid: 105390887.86255075
ci_total_cost: 606555295.7223964
co2_price: 130.0
emissions: 296135817.6976237
emissions_zone: 1.7536842240141577
objective: 164694473817.467
system_emission_rate: 0.0922626388505088
system_emissions: 98711939.23254113
system_grid_cfe_wavg: 0.7416033449258429
system_inv_H2_Electrolysis-2030: 7706.511270970885
system_inv_H2_Fuel_Cell-2030: 1700.064366845274
system_inv_OCGT-2030: 69335.44945833021
system_inv_battery_charger-2030: 28139.666684603497
system_inv_battery_discharger-2030: 28719.92402969954
system_inv_offwind-ac-2030: 6090.88817304031
system_inv_offwind-dc-2030: 57836.75024555981
system_inv_onwind-2030: 222156.2613006796
system_inv_solar-2030: 390390.89281165827
system_inv_solar_rooftop-2030: 0.0
zone_average_marginal_price: 72.73273436835278
