ci_average cost: 103.0804130124281
ci_average_revenue: 20.605187464298073
ci_cap_battery_charger: 1085.6925104801537
ci_cap_battery_discharger: 1108.080162074711
ci_cap_onwind: 1554.0681218755287
ci_cap_solar: 3378.9937487810716
ci_capital_cost_battery_inverter: 25845308.129809886
ci_capital_cost_battery_storage: 119063569.00592759
ci_capital_cost_grid: 0.0
ci_capital_cost_hydrogen_electrolysis: 0.0
ci_capital_cost_hydrogen_fuel_cell: 0.0
ci_capital_cost_hydrogen_storage: 0.0
ci_capital_cost_onwind: 169995109.8953766
ci_capital_cost_solar: 162161098.9267098
ci_clean_excess_total: 963594.9179135635
ci_clean_total: 5595038.379693076
ci_clean_used_grid_total: 90201.44919484656
ci_clean_used_local_total: 4631443.461779512
ci_clean_used_total: 4721644.910974359
ci_cost_battery_inverter: 25845308.129809886
ci_cost_battery_storage: 119063569.00592759
ci_cost_grid: 19506291.789927162
ci_cost_hydrogen_electrolysis: 0.0
ci_cost_hydrogen_fuel_cell: 0.0
ci_cost_hydrogen_storage: 0.0
ci_cost_onwind: 170035323.43588087
ci_cost_solar: 162190937.53233302
ci_demand_total: 4818000.0
ci_emission_rate_local: 0.010333383942248846
ci_emission_rate_myopic: 0.004320810119987725
ci_emission_rate_true: 0.008437596257596517
ci_emissions: 40652.338769100024
ci_fraction_clean: 1.1612782025099784
ci_fraction_clean_excess: 0.19999894518753913
ci_fraction_clean_used: 0.9800010192972933
ci_fraction_clean_used_grid: 0.018721761974853996
ci_fraction_clean_used_local: 0.9612792573224392
ci_generation_battery_discharger: 1673401.5829956313
ci_generation_onwind: 2680902.7002857756
ci_generation_solar: 2983860.5623225705
ci_marginal_cost_grid: 19506291.789927162
ci_marginal_cost_onwind: 40213.54050428666
ci_marginal_cost_solar: 29838.605623225714
ci_revenue_grid: 99275793.20298812
ci_total_cost: 496641429.8938786
co2_price: 130.0
emissions: 296191233.48936856
emissions_zone: 1.8517729389902968
objective: 164585720493.7285
system_emission_rate: 0.09227990392577101
system_emissions: 98730411.16312282
system_grid_cfe_wavg: 0.7460048478991378
system_inv_H2_Electrolysis-2030: 7744.522078857171
system_inv_H2_Fuel_Cell-2030: 1708.1607236424397
system_inv_OCGT-2030: 69329.76300384551
system_inv_battery_charger-2030: 28124.977786642186
system_inv_battery_discharger-2030: 28704.93223757005
system_inv_offwind-ac-2030: 6091.517393428565
system_inv_offwind-dc-2030: 57836.93119869274
system_inv_onwind-2030: 222258.89705284222
system_inv_solar-2030: 389959.47991007863
system_inv_solar_rooftop-2030: 0.0
zone_average_marginal_price: 71.53823831479717
