ci_average cost: 78.71602560373165
ci_average_revenue: 11.432345321364103
ci_cap_battery_charger: 402.18196019415
ci_cap_battery_discharger: 410.4752011583534
ci_cap_onwind: 1016.3417351246438
ci_cap_solar: 2922.5918522099314
ci_capital_cost_battery_inverter: 9574088.966379356
ci_capital_cost_battery_storage: 31998733.60619422
ci_capital_cost_grid: 0.0
ci_capital_cost_hydrogen_electrolysis: 0.0
ci_capital_cost_hydrogen_fuel_cell: 0.0
ci_capital_cost_hydrogen_storage: 0.0
ci_capital_cost_onwind: 111174743.57897525
ci_capital_cost_solar: 140257941.18132806
ci_clean_excess_total: 963582.930636917
ci_clean_total: 4952490.646663024
ci_clean_used_grid_total: 347311.1401415933
ci_clean_used_local_total: 3988907.7160261073
ci_clean_used_total: 4336218.8561677
ci_cost_battery_inverter: 9574088.966379356
ci_cost_battery_storage: 31998733.60619422
ci_cost_grid: 86186268.2712824
ci_cost_hydrogen_electrolysis: 0.0
ci_cost_hydrogen_fuel_cell: 0.0
ci_cost_hydrogen_storage: 0.0
ci_cost_onwind: 111211246.59087124
ci_cost_solar: 140283473.92405185
ci_demand_total: 4818000.0
ci_emission_rate_local: 0.04235536591234772
ci_emission_rate_myopic: 0.021181777952594977
ci_emission_rate_true: 0.03851039752919294
ci_emissions: 185543.0952956516
ci_fraction_clean: 1.027914206447286
ci_fraction_clean_excess: 0.19999645716830988
ci_fraction_clean_used: 0.9000039136919261
ci_fraction_clean_used_grid: 0.07208616441295004
ci_fraction_clean_used_local: 0.8279177492789762
ci_generation_battery_discharger: 823628.2130019581
ci_generation_onwind: 2433534.126399711
ci_generation_solar: 2553274.2723801597
ci_marginal_cost_grid: 86186268.2712824
ci_marginal_cost_onwind: 36503.01189599569
ci_marginal_cost_solar: 25532.742723801606
ci_revenue_grid: 55081039.758332245
ci_total_cost: 379253811.3587791
co2_price: 130.0
emissions: 296542265.69327706
emissions_zone: 2.2677757110223333
objective: 164512573117.26486
system_emission_rate: 0.09238926981641507
system_emissions: 98847421.89775898
system_grid_cfe_wavg: 0.711506782208033
system_inv_H2_Electrolysis-2030: 7871.987697571018
system_inv_H2_Fuel_Cell-2030: 1734.5518319814598
system_inv_OCGT-2030: 69295.52280853776
system_inv_battery_charger-2030: 28125.409983919235
system_inv_battery_discharger-2030: 28705.373347022483
system_inv_offwind-ac-2030: 6092.220595885067
system_inv_offwind-dc-2030: 57837.019787666875
system_inv_onwind-2030: 222376.5523666481
system_inv_solar-2030: 389319.823811951
system_inv_solar_rooftop-2030: 0.0
zone_average_marginal_price: 72.65424140410056
