ci_average cost: 83.34064998134492
ci_average_revenue: 0.0
ci_cap_battery_charger: 0.0
ci_cap_battery_discharger: 0.0
ci_cap_onwind: 0.0
ci_cap_solar: 0.0
ci_capital_cost_battery_inverter: 0.0
ci_capital_cost_battery_storage: 0.0
ci_capital_cost_grid: 0.0
ci_capital_cost_hydrogen_electrolysis: 0.0
ci_capital_cost_hydrogen_fuel_cell: 0.0
ci_capital_cost_hydrogen_storage: 0.0
ci_capital_cost_onwind: 0.0
ci_capital_cost_solar: 0.0
ci_clean_excess_total: 0.0
ci_clean_total: 0.0
ci_clean_used_grid_total: 3254836.5321464036
ci_clean_used_local_total: 0.0
ci_clean_used_total: 3254836.5321464036
ci_cost_battery_inverter: 0.0
ci_cost_battery_storage: 0.0
ci_cost_grid: 401535251.6101198
ci_cost_hydrogen_electrolysis: 0.0
ci_cost_hydrogen_fuel_cell: 0.0
ci_cost_hydrogen_storage: 0.0
ci_cost_onwind: 0.0
ci_cost_solar: 0.0
ci_demand_total: 4818000.0
ci_emission_rate_local: 0.13119603739653413
ci_emission_rate_myopic: 0.09164776288310991
ci_emission_rate_true: 0.12158909514185604
ci_emissions: 585816.2603934624
ci_fraction_clean: 0.0
ci_fraction_clean_excess: 0.0
ci_fraction_clean_used: 0.6755576031852228
ci_fraction_clean_used_grid: 0.6755576031852228
ci_fraction_clean_used_local: 0.0
ci_generation_battery_discharger: -0.0
ci_generation_onwind: 0.0
ci_generation_solar: 0.0
ci_marginal_cost_grid: 401535251.6101198
ci_marginal_cost_onwind: 0.0
ci_marginal_cost_solar: 0.0
ci_revenue_grid: 0.0
ci_total_cost: 401535251.6101198
co2_price: 130.0
emissions: 297754566.4018626
emissions_zone: 2.7639090783230444
objective: 164561386843.35065
system_emission_rate: 0.09276696834448947
system_emissions: 99251522.13395436
system_grid_cfe_wavg: 0.6751310048283421
system_inv_H2_Electrolysis-2030: 7278.367277570123
system_inv_H2_Fuel_Cell-2030: 1604.2958014090761
system_inv_OCGT-2030: 69451.86624500509
system_inv_battery_charger-2030: 28146.3819914287
system_inv_battery_discharger-2030: 28726.77781030816
system_inv_offwind-ac-2030: 6089.213522628819
system_inv_offwind-dc-2030: 58000.879174281334
system_inv_onwind-2030: 221783.06731160815
system_inv_solar-2030: 390681.15043732536
system_inv_solar_rooftop-2030: 0.0
zone_average_marginal_price: 83.34064998134492
