ci_average cost: 81.50626390250054
ci_average_revenue: 13.057966474942418
ci_cap_battery_charger: 0.0
ci_cap_battery_discharger: 0.0
ci_cap_onwind: 1765.5408084324226
ci_cap_solar: 1954.8558116509612
ci_capital_cost_battery_inverter: 0.0
ci_capital_cost_battery_storage: 0.0
ci_capital_cost_grid: 0.0
ci_capital_cost_hydrogen_electrolysis: 0.0
ci_capital_cost_hydrogen_fuel_cell: 0.0
ci_capital_cost_hydrogen_storage: 0.0
ci_capital_cost_onwind: 193127508.07347205
ci_capital_cost_solar: 93815375.29477209
ci_clean_excess_total: 963596.1087650878
ci_clean_total: 4818000.000034873
ci_clean_used_grid_total: 258374.0448543628
ci_clean_used_local_total: 3854403.891269786
ci_clean_used_total: 4112777.936124149
ci_cost_battery_inverter: 0.0
ci_cost_battery_storage: 0.0
ci_cost_grid: 105690328.47344875
ci_cost_hydrogen_electrolysis: 0.0
ci_cost_hydrogen_fuel_cell: 0.0
ci_cost_hydrogen_storage: 0.0
ci_cost_onwind: 193174870.99513516
ci_cost_solar: 93831980.0136637
ci_demand_total: 4818000.0
ci_emission_rate_local: 0.05933034169309792
ci_emission_rate_myopic: 0.02455236736899528
ci_emission_rate_true: 0.05264601434781655
ci_emissions: 253648.4971277802
ci_fraction_clean: 1.0000000000072382
ci_fraction_clean_excess: 0.1999991923547297
ci_fraction_clean_used: 0.8536276330685241
ci_fraction_clean_used_grid: 0.053626825416015524
ci_fraction_clean_used_local: 0.8000008076525085
ci_generation_battery_discharger: -0.0
ci_generation_onwind: 3157528.1108740047
ci_generation_solar: 1660471.8891608692
ci_marginal_cost_grid: 105690328.47344875
ci_marginal_cost_onwind: 47362.9216631101
ci_marginal_cost_solar: 16604.718891608696
ci_revenue_grid: 62913282.47627257
ci_total_cost: 392697179.4822476
co2_price: 130.0
emissions: 296620928.4917995
emissions_zone: 2.274546796294133
objective: 164515350988.28952
system_emission_rate: 0.09241377761634115
system_emissions: 98873642.8305999
system_grid_cfe_wavg: 0.7086326080096994
system_inv_H2_Electrolysis-2030: 7844.50381095068
system_inv_H2_Fuel_Cell-2030: 1739.8859379272174
system_inv_OCGT-2030: 69299.45878412527
system_inv_battery_charger-2030: 28137.588190946833
system_inv_battery_discharger-2030: 28717.802676217132
system_inv_offwind-ac-2030: 6091.906153150562
system_inv_offwind-dc-2030: 57836.6326946312
system_inv_onwind-2030: 222192.75443734007
system_inv_solar-2030: 389354.4263080726
system_inv_solar_rooftop-2030: 0.0
zone_average_marginal_price: 70.20006591191384
