ci_average cost: 127.33317230117663
ci_average_revenue: 19.440135590806843
ci_cap_H2_Electrolysis: 2684.8976498344646
ci_cap_H2_Fuel_Cell: 2925.3050439023154
ci_cap_battery_charger: 1227.3560247026144
ci_cap_battery_discharger: 1252.66486564817
ci_cap_onwind: 18299.626288643656
ci_cap_solar: 14639.248997403025
ci_capital_cost_battery_inverter: 39018839.95752729
ci_capital_cost_battery_storage: 179948268.76386145
ci_capital_cost_grid: 0.0
ci_capital_cost_hydrogen_electrolysis: 226786800.764475
ci_capital_cost_hydrogen_fuel_cell: 675315454.8740295
ci_capital_cost_hydrogen_storage: 252644813.8736224
ci_capital_cost_onwind: 2100450010.548592
ci_capital_cost_solar: 809568011.2364947
ci_clean_excess_total: 6729431.718348393
ci_clean_total: 40376591.71521004
ci_clean_used_grid_total: 0.023463843752975673
ci_clean_used_local_total: 33647159.99686165
ci_clean_used_total: 33647160.0203255
ci_cost_battery_inverter: 39018839.95752729
ci_cost_battery_storage: 179948268.76386145
ci_cost_grid: 2.0494610781239055
ci_cost_hydrogen_electrolysis: 226786800.764475
ci_cost_hydrogen_fuel_cell: 675315454.8740295
ci_cost_hydrogen_storage: 252644813.8736224
ci_cost_onwind: 2100979197.1492286
ci_cost_solar: 809706244.2930532
ci_demand_total: 33647160.0
ci_emission_rate_local: 8.386491811517248e-12
ci_emission_rate_myopic: 3.3756801346850224e-11
ci_emission_rate_true: 9.355957428038891e-12
ci_emissions: 0.000314801396534413
ci_fraction_clean: 1.1999999915359882
ci_fraction_clean_excess: 0.19999999162926063
ci_fraction_clean_used: 1.0000000006040777
ci_fraction_clean_used_grid: 6.973499027250939e-10
ci_fraction_clean_used_local: 0.9999999999067277
ci_generation_H2_Fuel_Cell: 4344381.0128754005
ci_generation_battery_discharger: 2445609.5800348297
ci_generation_onwind: 35279106.70909877
ci_generation_solar: 13823305.655843437
ci_marginal_cost_grid: 2.0494610781239055
ci_marginal_cost_onwind: 529186.600636483
ci_marginal_cost_solar: 138233.0565584337
ci_revenue_grid: 654105352.6455724
ci_total_cost: 4284399621.7252584
co2_price: 80.0
emissions: 505185203.5580839
emissions_zone: 104.27193784682524
objective: 143727137375.17255
system_emission_rate: 0.15881954849450303
system_emissions: 168395067.85269475
system_grid_cfe_wavg: 0.7087661757102347
system_inv_H2_Electrolysis-2025: 102.16932210558205
system_inv_H2_Fuel_Cell-2025: 21.34693404982296
system_inv_OCGT-2025: 16965.20407119529
system_inv_battery_charger-2025: 1717.6470895156021
system_inv_battery_discharger-2025: 1753.0660357009037
system_inv_offwind-ac-2025: 542.0623205841489
system_inv_offwind-dc-2025: 27150.762627392778
system_inv_onwind-2025: 114597.19231735286
system_inv_solar-2025: 189159.3374207445
system_inv_solar_rooftop-2025: 0.0
zone_average_marginal_price: 107.78271251774208
