ci_average cost: 88.75684043698381
ci_average_revenue: 19.0889094138615
ci_cap_H2_Electrolysis: 0.002394556009214586
ci_cap_H2_Fuel_Cell: 0.0007396763689700205
ci_cap_battery_charger: 0.0165624682845483
ci_cap_battery_discharger: 0.01690399663251156
ci_cap_onwind: 11402.88757649266
ci_cap_solar: 8009.448187597088
ci_capital_cost_battery_inverter: 526.5369512102212
ci_capital_cost_battery_storage: 1135.4285988879742
ci_capital_cost_grid: 0.0
ci_capital_cost_hydrogen_electrolysis: 202.26234568554457
ci_capital_cost_hydrogen_fuel_cell: 170.75651122667676
ci_capital_cost_hydrogen_storage: 248.51482910730812
ci_capital_cost_onwind: 1308835216.224716
ci_capital_cost_solar: 442932082.20483196
ci_clean_excess_total: 6729429.969700284
ci_clean_total: 29648784.445364892
ci_clean_used_grid_total: 6030969.479425447
ci_clean_used_local_total: 22919354.47566461
ci_clean_used_total: 28950323.955090053
ci_cost_battery_inverter: 526.5369512102212
ci_cost_battery_storage: 1135.4285988879742
ci_cost_grid: 1234239085.7328537
ci_cost_hydrogen_electrolysis: 202.26234568554457
ci_cost_hydrogen_fuel_cell: 170.75651122667676
ci_cost_hydrogen_storage: 248.51482910730812
ci_cost_onwind: 1309166583.320878
ci_cost_solar: 443007658.72469616
ci_demand_total: 33647160.0
ci_emission_rate_local: 0.10385796059973296
ci_emission_rate_myopic: 0.06453738879387982
ci_emission_rate_true: 0.10786115040212045
ci_emissions: 3629221.3853642116
ci_fraction_clean: 0.8811675174179602
ci_fraction_clean_excess: 0.19999993965910598
ci_fraction_clean_used: 0.8604091386937279
ci_fraction_clean_used_grid: 0.17924156093487376
ci_fraction_clean_used_local: 0.6811675777588542
ci_generation_H2_Fuel_Cell: 2.6477888281587165
ci_generation_battery_discharger: 48.700048185107555
ci_generation_onwind: 22091139.744143948
ci_generation_solar: 7557651.986421153
ci_marginal_cost_grid: 1234239085.7328537
ci_marginal_cost_onwind: 331367.0961621601
ci_marginal_cost_solar: 75576.51986421116
ci_revenue_grid: 642287589.2737042
ci_total_cost: 2986415611.277664
co2_price: 80.0
emissions: 515594225.65582705
emissions_zone: 109.26932833894288
objective: 142439671665.25552
system_emission_rate: 0.1620919249975938
system_emissions: 171864741.88527524
system_grid_cfe_wavg: 0.7092391288230406
system_inv_H2_Electrolysis-2025: 99.0757853243318
system_inv_H2_Fuel_Cell-2025: 20.63636686703754
system_inv_OCGT-2025: 17008.766880555788
system_inv_battery_charger-2025: 1723.8946489163823
system_inv_battery_discharger-2025: 1759.4424236436791
system_inv_offwind-ac-2025: 542.0773603053531
system_inv_offwind-dc-2025: 26906.152700026236
system_inv_onwind-2025: 114798.50477509653
system_inv_solar-2025: 188804.06995185776
system_inv_solar_rooftop-2025: 0.0
zone_average_marginal_price: 108.310892632865
