ci_average cost: 88.75681765523144
ci_average_revenue: 19.088906422007135
ci_cap_H2_Electrolysis: 0.0020769611000034703
ci_cap_H2_Fuel_Cell: 0.00063016189245304
ci_cap_battery_charger: 0.014076357268342405
ci_cap_battery_discharger: 0.014366620468283606
ci_cap_onwind: 11402.881514294895
ci_cap_solar: 8009.449021034253
ci_capital_cost_battery_inverter: 447.50106764783976
ci_capital_cost_battery_storage: 933.9332373255295
ci_capital_cost_grid: 0.0
ci_capital_cost_hydrogen_electrolysis: 175.435873025213
ci_capital_cost_hydrogen_fuel_cell: 145.47476542087918
ci_capital_cost_hydrogen_storage: 240.05273638760482
ci_capital_cost_onwind: 1308834520.3993938
ci_capital_cost_solar: 442932128.2949059
ci_clean_excess_total: 6729430.185617187
ci_clean_total: 29648778.1464499
ci_clean_used_grid_total: 6030256.670074897
ci_clean_used_local_total: 22919347.96083271
ci_clean_used_total: 28949604.63090761
ci_cost_battery_inverter: 447.50106764783976
ci_cost_battery_storage: 933.9332373255295
ci_cost_grid: 1234239310.1632218
ci_cost_hydrogen_electrolysis: 175.435873025213
ci_cost_hydrogen_fuel_cell: 145.47476542087918
ci_cost_hydrogen_storage: 240.05273638760482
ci_cost_onwind: 1309165887.3128166
ci_cost_solar: 443007704.86267906
ci_demand_total: 33647160.0
ci_emission_rate_local: 0.1038517982091907
ci_emission_rate_myopic: 0.06454274258843078
ci_emission_rate_true: 0.10785810248203136
ci_emissions: 3629118.831509306
ci_fraction_clean: 0.8811673302130076
ci_fraction_clean_excess: 0.19999994607619742
ci_fraction_clean_used: 0.860387760242101
ci_fraction_clean_used_grid: 0.17922037610529082
ci_fraction_clean_used_local: 0.6811673841368101
ci_generation_H2_Fuel_Cell: 2.241785023913388
ci_generation_battery_discharger: 41.8157082582005
ci_generation_onwind: 22091127.561523512
ci_generation_solar: 7557656.777318494
ci_marginal_cost_grid: 1234239310.1632218
ci_marginal_cost_onwind: 331366.91342285357
ci_marginal_cost_solar: 75576.56777318458
ci_revenue_grid: 642287488.6063015
ci_total_cost: 2986414844.7363973
co2_price: 80.0
emissions: 515594559.0407263
emissions_zone: 109.24753889621418
objective: 142439661320.6415
system_emission_rate: 0.16209202980675874
system_emissions: 171864853.01357532
system_grid_cfe_wavg: 0.7093312013063071
system_inv_H2_Electrolysis-2025: 98.71763861103953
system_inv_H2_Fuel_Cell-2025: 20.5625059847542
system_inv_OCGT-2025: 17008.83563620728
system_inv_battery_charger-2025: 1724.1341701838373
system_inv_battery_discharger-2025: 1759.6868839879294
system_inv_offwind-ac-2025: 542.0683936008409
system_inv_offwind-dc-2025: 26906.15639333081
system_inv_onwind-2025: 114797.3946887961
system_inv_solar-2025: 188806.0269613011
system_inv_solar_rooftop-2025: 0.0
zone_average_marginal_price: 108.31089435570556
