ci_average cost: 108.78687511072947
ci_average_revenue: 19.608436679850968
ci_cap_H2_Electrolysis: 1443.7467433716777
ci_cap_H2_Fuel_Cell: 938.8548192031494
ci_cap_battery_charger: 2635.1245361937567
ci_cap_battery_discharger: 2689.46243523525
ci_cap_onwind: 15579.875727124085
ci_cap_solar: 14924.130647402431
ci_capital_cost_battery_inverter: 83773168.07550642
ci_capital_cost_battery_storage: 356064231.8442097
ci_capital_cost_grid: 0.0
ci_capital_cost_hydrogen_electrolysis: 121949790.17676122
ci_capital_cost_hydrogen_fuel_cell: 216737454.650224
ci_capital_cost_hydrogen_storage: 90822505.76403596
ci_capital_cost_onwind: 1788274231.3536642
ci_capital_cost_solar: 825322307.8447909
ci_clean_excess_total: 6729430.91861436
ci_clean_total: 38886838.1910038
ci_clean_used_grid_total: 816809.9998874592
ci_clean_used_local_total: 32157407.272389438
ci_clean_used_total: 32974217.272276897
ci_cost_battery_inverter: 83773168.07550642
ci_cost_battery_storage: 356064231.8442097
ci_cost_grid: 176836402.0119759
ci_cost_hydrogen_electrolysis: 121949790.17676122
ci_cost_hydrogen_fuel_cell: 216737454.650224
ci_cost_hydrogen_storage: 90822505.76403596
ci_cost_onwind: 1788722644.3173387
ci_cost_solar: 825463195.9106798
ci_demand_total: 33647160.0
ci_emission_rate_local: 0.019137224559859677
ci_emission_rate_myopic: 0.010268468640783849
ci_emission_rate_true: 0.018915274722094238
ci_emissions: 636445.2750182602
ci_fraction_clean: 1.155724233219202
ci_fraction_clean_excess: 0.19999996786101293
ci_fraction_clean_used: 0.9800000140361593
ci_fraction_clean_used_grid: 0.02427574867797042
ci_fraction_clean_used_local: 0.9557242653581889
ci_generation_H2_Fuel_Cell: 2453043.6236410057
ci_generation_battery_discharger: 5440605.970430918
ci_generation_onwind: 29894197.5783069
ci_generation_solar: 14088806.588893082
ci_marginal_cost_grid: 176836402.0119759
ci_marginal_cost_onwind: 448412.9636746047
ci_marginal_cost_solar: 140888.06588893014
ci_revenue_grid: 659768206.3168143
ci_total_cost: 3660369392.750732
co2_price: 80.0
emissions: 506581399.1269905
emissions_zone: 104.99091890963932
objective: 143097109186.8909
system_emission_rate: 0.15925848286609992
system_emissions: 168860466.3756637
system_grid_cfe_wavg: 0.7088753502599562
system_inv_H2_Electrolysis-2025: 104.06030752128281
system_inv_H2_Fuel_Cell-2025: 21.75789589325381
system_inv_OCGT-2025: 16966.1541248892
system_inv_battery_charger-2025: 1715.0199019214615
system_inv_battery_discharger-2025: 1750.3846738723792
system_inv_offwind-ac-2025: 542.0577444127239
system_inv_offwind-dc-2025: 27034.029969813855
system_inv_onwind-2025: 114624.8042988728
system_inv_solar-2025: 189026.93671751357
system_inv_solar_rooftop-2025: 0.0
zone_average_marginal_price: 107.84813758845927
