ci_average cost: 99.81138812580652
ci_average_revenue: 19.785367807352426
ci_cap_H2_Electrolysis: 574.7420385001041
ci_cap_H2_Fuel_Cell: 265.3719007613868
ci_cap_battery_charger: 2986.3812707001325
ci_cap_battery_discharger: 3047.9623010301457
ci_cap_onwind: 12985.105522651445
ci_cap_solar: 14638.859368087777
ci_capital_cost_battery_inverter: 94939960.7842714
ci_capital_cost_battery_storage: 362266085.86971676
ci_capital_cost_grid: 0.0
ci_capital_cost_hydrogen_electrolysis: 48547067.77531262
ci_capital_cost_hydrogen_fuel_cell: 61261900.27498756
ci_capital_cost_hydrogen_storage: 25867903.672037624
ci_capital_cost_onwind: 1490443826.656384
ci_capital_cost_solar: 809546464.2684828
ci_clean_excess_total: 6729430.4834833015
ci_clean_total: 36388316.4627087
ci_clean_used_grid_total: 2305916.892758933
ci_clean_used_local_total: 29658885.979225397
ci_clean_used_total: 31964802.87198433
ci_cost_battery_inverter: 94939960.7842714
ci_cost_battery_storage: 362266085.86971676
ci_cost_grid: 464987156.7653239
ci_cost_hydrogen_electrolysis: 48547067.77531262
ci_cost_hydrogen_fuel_cell: 61261900.27498756
ci_cost_hydrogen_storage: 25867903.672037624
ci_cost_onwind: 1490815047.8101125
ci_cost_solar: 809684623.1393502
ci_demand_total: 33647160.0
ci_emission_rate_local: 0.044849794593090214
ci_emission_rate_myopic: 0.025448921783971977
ci_emission_rate_true: 0.044917307282975924
ci_emissions: 1511339.8249194564
ci_fraction_clean: 1.0814676918559754
ci_fraction_clean_excess: 0.19999995492883504
ci_fraction_clean_used: 0.9500000259155402
ci_fraction_clean_used_grid: 0.0685322889884
ci_fraction_clean_used_local: 0.8814677369271403
ci_generation_H2_Fuel_Cell: 962146.5634413837
ci_generation_battery_discharger: 6377172.155112276
ci_generation_onwind: 24748076.91523786
ci_generation_solar: 13815887.086731452
ci_marginal_cost_grid: 464987156.7653239
ci_marginal_cost_onwind: 371221.1537285689
ci_marginal_cost_solar: 138158.87086731385
ci_revenue_grid: 665721436.2728362
ci_total_cost: 3358369746.091112
co2_price: 80.0
emissions: 508853548.29307014
emissions_zone: 106.18665283320969
objective: 142789093387.5807
system_emission_rate: 0.1599727985311812
system_emissions: 169617849.43102336
system_grid_cfe_wavg: 0.7090069098670821
system_inv_H2_Electrolysis-2025: 104.25954619981337
system_inv_H2_Fuel_Cell-2025: 21.803932572277045
system_inv_OCGT-2025: 16976.15407734349
system_inv_battery_charger-2025: 1715.1734394192156
system_inv_battery_discharger-2025: 1750.541377408374
system_inv_offwind-ac-2025: 542.0842701138314
system_inv_offwind-dc-2025: 26984.46311145618
system_inv_onwind-2025: 114672.99042690892
system_inv_solar-2025: 188938.2498043859
system_inv_solar_rooftop-2025: 0.0
zone_average_marginal_price: 107.97692501177082
