ci_average cost: 114.43292732861404
ci_average_revenue: 19.731686262173074
ci_cap_H2_Electrolysis: 2021.0809549976093
ci_cap_H2_Fuel_Cell: 1496.137254635805
ci_cap_battery_charger: 2151.5728567131546
ci_cap_battery_discharger: 2195.939620812041
ci_cap_onwind: 17074.713134947368
ci_cap_solar: 14183.668002674125
ci_capital_cost_battery_inverter: 68400590.58934568
ci_capital_cost_battery_storage: 304028341.82062685
ci_capital_cost_grid: 0.0
ci_capital_cost_hydrogen_electrolysis: 170715812.53690517
ci_capital_cost_hydrogen_fuel_cell: 345387778.5410537
ci_capital_cost_hydrogen_storage: 127115487.66498503
ci_capital_cost_onwind: 1959853213.3233316
ci_capital_cost_solar: 784373836.3218355
ci_clean_excess_total: 6729431.012363722
ci_clean_total: 39621351.18535886
ci_clean_used_grid_total: 418768.7651327124
ci_clean_used_local_total: 32891920.17299514
ci_clean_used_total: 33310688.938127853
ci_cost_battery_inverter: 68400590.58934568
ci_cost_battery_storage: 304028341.82062685
ci_cost_grid: 89842418.55405924
ci_cost_hydrogen_electrolysis: 170715812.53690517
ci_cost_hydrogen_fuel_cell: 345387778.5410537
ci_cost_hydrogen_storage: 127115487.66498503
ci_cost_onwind: 1960344822.5870852
ci_cost_solar: 784507762.8001883
ci_demand_total: 33647160.0
ci_emission_rate_local: 0.00979432975524481
ci_emission_rate_myopic: 0.005222078908708928
ci_emission_rate_true: 0.009600828982988845
ci_emissions: 323040.62892326294
ci_fraction_clean: 1.17755409922736
ci_fraction_clean_excess: 0.1999999706472618
ci_fraction_clean_used: 0.9900000159932623
ci_fraction_clean_used_grid: 0.012445887413163916
ci_fraction_clean_used_local: 0.9775541285800983
ci_generation_H2_Fuel_Cell: 3207110.0072805244
ci_generation_battery_discharger: 4293488.051326512
ci_generation_onwind: 32773950.916903194
ci_generation_solar: 13392647.835281974
ci_marginal_cost_grid: 89842418.55405924
ci_marginal_cost_onwind: 491609.26375354925
ci_marginal_cost_solar: 133926.4783528191
ci_revenue_grid: 663915204.7331394
ci_total_cost: 3850343015.0942492
co2_price: 80.0
emissions: 505785255.32214826
emissions_zone: 104.49639092338425
objective: 143282950372.8444
system_emission_rate: 0.15900819208416223
system_emissions: 168595085.10738263
system_grid_cfe_wavg: 0.7089156593510892
system_inv_H2_Electrolysis-2025: 102.84761768455179
system_inv_H2_Fuel_Cell-2025: 21.494068832820286
system_inv_OCGT-2025: 16965.81528436459
system_inv_battery_charger-2025: 1716.5609262869348
system_inv_battery_discharger-2025: 1751.9574751141406
system_inv_offwind-ac-2025: 542.0628358697675
system_inv_offwind-dc-2025: 27090.212679460117
system_inv_onwind-2025: 114550.83367129114
system_inv_solar-2025: 189156.73367042423
system_inv_solar_rooftop-2025: 0.0
zone_average_marginal_price: 107.83343179105059
