ci_average cost: 91.9612204860719
ci_average_revenue: 19.67311091533412
ci_cap_H2_Electrolysis: 0.00264579828716391
ci_cap_H2_Fuel_Cell: 0.0008076542094395943
ci_cap_battery_charger: 1668.0659643119593
ci_cap_battery_discharger: 1702.4625170055394
ci_cap_onwind: 11948.04053445052
ci_cap_solar: 10612.14739609621
ci_capital_cost_battery_inverter: 53029436.92793373
ci_capital_cost_battery_storage: 174557959.78185967
ci_capital_cost_grid: 0.0
ci_capital_cost_hydrogen_electrolysis: 223.48417231138228
ci_capital_cost_hydrogen_fuel_cell: 186.44939985507972
ci_capital_cost_hydrogen_storage: 101.50433770071383
ci_capital_cost_onwind: 1371408435.930508
ci_capital_cost_solar: 586864467.1547172
ci_clean_excess_total: 6729431.630821921
ci_clean_total: 32476844.084285025
ci_clean_used_grid_total: 4535031.530054044
ci_clean_used_local_total: 25747412.453463107
ci_clean_used_total: 30282443.98351715
ci_cost_battery_inverter: 53029436.92793373
ci_cost_battery_storage: 174557959.78185967
ci_cost_grid: 907933774.3686824
ci_cost_hydrogen_electrolysis: 223.48417231138228
ci_cost_hydrogen_fuel_cell: 186.44939985507972
ci_cost_hydrogen_storage: 101.50433770071383
ci_cost_onwind: 1371747581.7067797
ci_cost_solar: 586964635.2669731
ci_demand_total: 33647160.0
ci_emission_rate_local: 0.07819566078811252
ci_emission_rate_myopic: 0.047649223223532246
ci_emission_rate_true: 0.08057437332940523
ci_emissions: 2711098.8313142303
ci_fraction_clean: 0.9652179882131219
ci_fraction_clean_excess: 0.1999999890279572
ci_fraction_clean_used: 0.8999999995101265
ci_fraction_clean_used_grid: 0.13478200032496188
ci_fraction_clean_used_local: 0.7652179991851648
ci_generation_H2_Fuel_Cell: 3.849419487071145
ci_generation_battery_discharger: 3592279.463867872
ci_generation_onwind: 22609718.41812914
ci_generation_solar: 10016811.225594733
ci_marginal_cost_grid: 907933774.3686824
ci_marginal_cost_onwind: 339145.776271938
ci_marginal_cost_solar: 100168.11225594685
ci_revenue_grid: 661944310.6659936
ci_total_cost: 3094233899.490139
co2_price: 80.0
emissions: 512629648.7608985
emissions_zone: 107.73169615357261
objective: 142528711279.84476
system_emission_rate: 0.16115992469233298
system_emissions: 170876549.58696657
system_grid_cfe_wavg: 0.7092024782907895
system_inv_H2_Electrolysis-2025: 104.05571182159827
system_inv_H2_Fuel_Cell-2025: 21.754708489727907
system_inv_OCGT-2025: 16991.944876954793
system_inv_battery_charger-2025: 1720.0947536996898
system_inv_battery_discharger-2025: 1755.5641722355358
system_inv_offwind-ac-2025: 542.0161664019877
system_inv_offwind-dc-2025: 26932.813502999943
system_inv_onwind-2025: 114716.73805211837
system_inv_solar-2025: 188851.7654052775
system_inv_solar_rooftop-2025: 0.0
zone_average_marginal_price: 108.18899180860953
