ci_average cost: 109.95864049764371
ci_average_revenue: 0.0
ci_cap_H2_Electrolysis: 0.0
ci_cap_H2_Fuel_Cell: 0.0
ci_cap_battery_charger: 0.0
ci_cap_battery_discharger: 0.0
ci_cap_onwind: 0.0
ci_cap_solar: 0.0
ci_capital_cost_battery_inverter: 0.0
ci_capital_cost_battery_storage: 0.0
ci_capital_cost_grid: 0.0
ci_capital_cost_hydrogen_electrolysis: 0.0
ci_capital_cost_hydrogen_fuel_cell: 0.0
ci_capital_cost_hydrogen_storage: 0.0
ci_capital_cost_onwind: 0.0
ci_capital_cost_solar: 0.0
ci_clean_excess_total: 0.0
ci_clean_total: 0.0
ci_clean_used_grid_total: 23577421.052013673
ci_clean_used_local_total: 0.0
ci_clean_used_total: 23577421.052013673
ci_cost_battery_inverter: 0.0
ci_cost_battery_storage: 0.0
ci_cost_grid: 3699795970.2066975
ci_cost_hydrogen_electrolysis: 0.0
ci_cost_hydrogen_fuel_cell: 0.0
ci_cost_hydrogen_storage: 0.0
ci_cost_onwind: 0.0
ci_cost_solar: 0.0
ci_demand_total: 33647160.0
ci_emission_rate_local: 0.2407469094928338
ci_emission_rate_myopic: 0.16503553879536828
ci_emission_rate_true: 0.24048005523570182
ci_emissions: 8091470.895324497
ci_fraction_clean: 0.0
ci_fraction_clean_excess: 0.0
ci_fraction_clean_used: 0.7007254416721552
ci_fraction_clean_used_grid: 0.7007254416721552
ci_fraction_clean_used_local: 0.0
ci_generation_H2_Fuel_Cell: -0.0
ci_generation_battery_discharger: -0.0
ci_generation_onwind: 0.0
ci_generation_solar: 0.0
ci_marginal_cost_grid: 3699795970.2066975
ci_marginal_cost_onwind: 0.0
ci_marginal_cost_solar: 0.0
ci_revenue_grid: 0.0
ci_total_cost: 3699795970.2066975
co2_price: 80.0
emissions: 537673330.5011842
emissions_zone: 118.79713539870316
objective: 143773483914.6731
system_emission_rate: 0.16903312881355154
system_emissions: 179224443.500395
system_grid_cfe_wavg: 0.6965836459555907
system_inv_H2_Electrolysis-2025: 96.21603377770714
system_inv_H2_Fuel_Cell-2025: 20.046946807945993
system_inv_OCGT-2025: 17054.619400882486
system_inv_battery_charger-2025: 1740.7692642236334
system_inv_battery_discharger-2025: 1776.6650039637161
system_inv_offwind-ac-2025: 542.0655496774235
system_inv_offwind-dc-2025: 26792.44227535125
system_inv_onwind-2025: 114826.63587586663
system_inv_solar-2025: 188583.6670539053
system_inv_solar_rooftop-2025: 0.0
zone_average_marginal_price: 109.9586404976437
