ci_average cost: 101.41386235236301
ci_average_revenue: 21.4643376814461
ci_cap_H2_Electrolysis: 0.0
ci_cap_H2_Fuel_Cell: 0.0
ci_cap_battery_charger: 0.0
ci_cap_battery_discharger: 0.0
ci_cap_onwind: 18258.014075849456
ci_cap_solar: 9682.072072847708
ci_capital_cost_battery_inverter: 0.0
ci_capital_cost_battery_storage: 0.0
ci_capital_cost_grid: 0.0
ci_capital_cost_hydrogen_electrolysis: 0.0
ci_capital_cost_hydrogen_fuel_cell: 0.0
ci_capital_cost_hydrogen_storage: 0.0
ci_capital_cost_onwind: 2095673717.774965
ci_capital_cost_solar: 535430187.3036126
ci_clean_excess_total: 6729431.658844948
ci_clean_total: 33647160.00001379
ci_clean_used_grid_total: 3545538.3857854414
ci_clean_used_local_total: 26917728.341168843
ci_clean_used_total: 30463266.726954285
ci_cost_battery_inverter: 0.0
ci_cost_battery_storage: 0.0
ci_cost_grid: 780723328.9511777
ci_cost_hydrogen_electrolysis: 0.0
ci_cost_hydrogen_fuel_cell: 0.0
ci_cost_hydrogen_storage: 0.0
ci_cost_onwind: 2096047959.2495027
ci_cost_solar: 535517164.58725435
ci_demand_total: 33647160.0
ci_emission_rate_local: 0.06984959961724316
ci_emission_rate_myopic: 0.04241808161651561
ci_emission_rate_true: 0.07339127097338607
ci_emissions: 2469407.837044877
ci_fraction_clean: 1.00000000000041
ci_fraction_clean_excess: 0.19999998986080691
ci_fraction_clean_used: 0.9053740858650265
ci_fraction_clean_used_grid: 0.10537407572542352
ci_fraction_clean_used_local: 0.800000010139603
ci_generation_H2_Fuel_Cell: -0.0
ci_generation_battery_discharger: -0.0
ci_generation_onwind: 24949431.635837086
ci_generation_solar: 8697728.364176707
ci_marginal_cost_grid: 780723328.9511777
ci_marginal_cost_onwind: 374241.4745375573
ci_marginal_cost_solar: 86977.28364176665
ci_revenue_grid: 722214004.2616459
ci_total_cost: 3412288452.787935
co2_price: 80.0
emissions: 509691984.64196473
emissions_zone: 107.08672900038407
objective: 142781732299.13696
system_emission_rate: 0.16023638519491396
system_emissions: 169897328.21398866
system_grid_cfe_wavg: 0.7106408541751085
system_inv_H2_Electrolysis-2025: 102.15423596008999
system_inv_H2_Fuel_Cell-2025: 21.298644326231916
system_inv_OCGT-2025: 16978.54343828687
system_inv_battery_charger-2025: 1717.5918686337218
system_inv_battery_discharger-2025: 1753.0096761302577
system_inv_offwind-ac-2025: 542.0475686895616
system_inv_offwind-dc-2025: 27006.56756674525
system_inv_onwind-2025: 114669.12941320338
system_inv_solar-2025: 188967.55301308053
system_inv_solar_rooftop-2025: 0.0
zone_average_marginal_price: 107.84084925469789
