ci_average cost: 103.403486489332
ci_average_revenue: 20.440692669527856
ci_cap_H2_Electrolysis: 0.8953480243109715
ci_cap_H2_Fuel_Cell: 39.72101655968523
ci_cap_adv_geothermal: 3714.7869412985588
ci_cap_allam_ccs: 37.19896553671554
ci_cap_battery_charger: 32.50559554008826
ci_cap_battery_discharger: 33.17588104063321
ci_cap_onwind: 3756.944954850421
ci_cap_solar: 540.663772969328
ci_capital_cost_adv_geothermal: 2993613194.0929213
ci_capital_cost_allam_ccs: 9501303.000259602
ci_capital_cost_battery_inverter: 1033384.4496425804
ci_capital_cost_battery_storage: 3401647.536921059
ci_capital_cost_grid: 0.0
ci_capital_cost_hydrogen_electrolysis: 75627.87878219406
ci_capital_cost_hydrogen_fuel_cell: 9169715.96585345
ci_capital_cost_hydrogen_storage: 362336.5070309594
ci_capital_cost_onwind: 431226023.1753037
ci_capital_cost_solar: 29899354.502956152
ci_clean_excess_total: 6729431.9081381
ci_clean_total: 40376591.908124655
ci_clean_used_grid_total: 0.08339551808613568
ci_clean_used_local_total: 33647159.999986544
ci_clean_used_total: 33647160.08338206
ci_cost_adv_geothermal: 2993613194.0929213
ci_cost_allam_ccs: 10337449.022686295
ci_cost_battery_inverter: 1033384.4496425804
ci_cost_battery_storage: 3401647.536921059
ci_cost_grid: 7.1805888272942155
ci_cost_hydrogen_electrolysis: 75627.87878219406
ci_cost_hydrogen_fuel_cell: 9169715.96585345
ci_cost_hydrogen_storage: 362336.5070309594
ci_cost_onwind: 431335832.02913886
ci_cost_solar: 29904459.800826818
ci_demand_total: 33647160.0
ci_emission_rate_local: 3.3708103155317625e-11
ci_emission_rate_myopic: 1.0707568831936921e-10
ci_emission_rate_true: 3.143615386040829e-11
ci_emissions: 0.0010577372987257755
ci_fraction_clean: 1.1999999972694473
ci_fraction_clean_excess: 0.19999999726984685
ci_fraction_clean_used: 1.0000000024781308
ci_fraction_clean_used_grid: 2.4785306720132005e-09
ci_fraction_clean_used_local: 0.9999999999996001
ci_generation_H2_Fuel_Cell: 1560.583361183301
ci_generation_adv_geothermal: 32541532.480146334
ci_generation_allam_ccs: 10094.769542801252
ci_generation_battery_discharger: 73380.42993923379
ci_generation_onwind: 7320590.255676384
ci_generation_solar: 510529.78706669563
ci_marginal_cost_adv_geothermal: 0.0
ci_marginal_cost_allam_ccs: 836146.0224266932
ci_marginal_cost_grid: 7.1805888272942155
ci_marginal_cost_onwind: 109808.85383514606
ci_marginal_cost_solar: 5105.297870666932
ci_revenue_grid: 687771256.7624309
ci_total_cost: 3479233654.464392
co2_price: 80.0
emissions: 504502238.6663353
emissions_zone: 104.01756250218051
objective: 142893947426.58655
system_emission_rate: 0.1586048387702651
system_emissions: 168167412.8887787
system_grid_cfe_wavg: 0.7087506964245465
system_inv_H2_Electrolysis-2025: 103.96103821968836
system_inv_H2_Fuel_Cell-2025: 21.778059744147892
system_inv_OCGT-2025: 16951.205620303415
system_inv_battery_charger-2025: 1715.0272925754034
system_inv_battery_discharger-2025: 1750.39221692618
system_inv_offwind-ac-2025: 542.0578866064812
system_inv_offwind-dc-2025: 27121.657890298608
system_inv_onwind-2025: 114679.22039028587
system_inv_solar-2025: 189029.14410439017
system_inv_solar_rooftop-2025: 0.0
zone_average_marginal_price: 107.77446879736095
