ci_average cost: 88.75683112892506
ci_average_revenue: 19.088901990014875
ci_cap_H2_Electrolysis: 0.0027079466994697926
ci_cap_H2_Fuel_Cell: 0.0007509095217945764
ci_cap_adv_geothermal: 0.0011097679864441106
ci_cap_allam_ccs: 0.0011287427437639062
ci_cap_battery_charger: 0.01427340248425924
ci_cap_battery_discharger: 0.014567728878520874
ci_cap_onwind: 11402.87693255443
ci_cap_solar: 8009.44534458388
ci_capital_cost_adv_geothermal: 894.3221075929846
ci_capital_cost_allam_ccs: 288.3017488015924
ci_capital_cost_battery_inverter: 453.76532641995783
ci_capital_cost_battery_storage: 978.0646123493744
ci_capital_cost_grid: 0.0
ci_capital_cost_hydrogen_electrolysis: 228.73369815469022
ci_capital_cost_hydrogen_fuel_cell: 173.34971829244824
ci_capital_cost_hydrogen_storage: 235.31493998745856
ci_capital_cost_onwind: 1308833994.50249
ci_capital_cost_solar: 442931924.9827949
ci_clean_excess_total: 6729427.342497236
ci_clean_total: 29648782.492669873
ci_clean_used_grid_total: 6033697.272053493
ci_clean_used_local_total: 22919355.150172636
ci_clean_used_total: 28953052.42222613
ci_cost_adv_geothermal: 894.3221075929846
ci_cost_allam_ccs: 740.3042905006564
ci_cost_battery_inverter: 453.76532641995783
ci_cost_battery_storage: 978.0646123493744
ci_cost_grid: 1234238731.3644574
ci_cost_hydrogen_electrolysis: 228.73369815469022
ci_cost_hydrogen_fuel_cell: 173.34971829244824
ci_cost_hydrogen_storage: 235.31493998745856
ci_cost_onwind: 1309165361.3602405
ci_cost_solar: 443007501.50853074
ci_demand_total: 33647160.0
ci_emission_rate_local: 0.10384966505301471
ci_emission_rate_myopic: 0.06453678184483125
ci_emission_rate_true: 0.10785500666737625
ci_emissions: 3629014.6661382755
ci_fraction_clean: 0.8811674593834925
ci_fraction_clean_excess: 0.1999998615781313
ci_fraction_clean_used: 0.860490229256381
ci_fraction_clean_used_grid: 0.17932263145101973
ci_fraction_clean_used_local: 0.6811675978053612
ci_generation_H2_Fuel_Cell: 3.0333274181251038
ci_generation_adv_geothermal: 8.507960279545415
ci_generation_allam_ccs: 5.457015125145202
ci_generation_battery_discharger: 44.989754405609915
ci_generation_onwind: 22091123.850023754
ci_generation_solar: 7557652.573588402
ci_marginal_cost_adv_geothermal: 0.0
ci_marginal_cost_allam_ccs: 452.002541699064
ci_marginal_cost_grid: 1234238731.3644574
ci_marginal_cost_onwind: 331366.85775035725
ci_marginal_cost_solar: 75576.52573588365
ci_revenue_grid: 642287339.4823489
ci_total_cost: 2986415298.087922
co2_price: 80.0
emissions: 515595130.69849086
emissions_zone: 109.25398195547706
objective: 142439662516.15897
system_emission_rate: 0.16209220952387546
system_emissions: 171865043.56616378
system_grid_cfe_wavg: 0.709112319324534
system_inv_H2_Electrolysis-2025: 98.71364938136828
system_inv_H2_Fuel_Cell-2025: 20.55929787007597
system_inv_OCGT-2025: 17008.83246037161
system_inv_battery_charger-2025: 1723.7358817964969
system_inv_battery_discharger-2025: 1759.2803826475065
system_inv_offwind-ac-2025: 542.0627641579665
system_inv_offwind-dc-2025: 26906.178378165958
system_inv_onwind-2025: 114796.99021229612
system_inv_solar-2025: 188806.72953854833
system_inv_solar_rooftop-2025: 0.0
zone_average_marginal_price: 108.31088326892115
