ci_average cost: 88.75681565402833
ci_average_revenue: 19.088908591898964
ci_cap_H2_Electrolysis: 0.001445477017154616
ci_cap_H2_Fuel_Cell: 0.0004315761670979903
ci_cap_adv_geothermal: 0.0006756036150030132
ci_cap_allam_ccs: 0.0006736030498037192
ci_cap_battery_charger: 0.009341659266741494
ci_cap_battery_discharger: 0.00953429006317794
ci_cap_onwind: 11402.879488937222
ci_cap_solar: 8009.447009555191
ci_capital_cost_adv_geothermal: 544.4446553219823
ci_capital_cost_allam_ccs: 172.05066285424422
ci_capital_cost_battery_inverter: 296.98042013119687
ci_capital_cost_battery_storage: 623.9840866504834
ci_capital_cost_grid: 0.0
ci_capital_cost_hydrogen_electrolysis: 122.09594221190618
ci_capital_cost_hydrogen_fuel_cell: 99.63065431555106
ci_capital_cost_hydrogen_storage: 151.68911999374214
ci_capital_cost_onwind: 1308834287.9267478
ci_capital_cost_solar: 442932017.05770344
ci_clean_excess_total: 6729430.469268262
ci_clean_total: 29648779.31294482
ci_clean_used_grid_total: 6033100.818759197
ci_clean_used_local_total: 22919348.843676556
ci_clean_used_total: 28952449.662435755
ci_cost_adv_geothermal: 544.4446553219823
ci_cost_allam_ccs: 439.70757513527633
ci_cost_battery_inverter: 296.98042013119687
ci_cost_battery_storage: 623.9840866504834
ci_cost_grid: 1234239250.5359404
ci_cost_hydrogen_electrolysis: 122.09594221190618
ci_cost_hydrogen_fuel_cell: 99.63065431555106
ci_cost_hydrogen_storage: 151.68911999374214
ci_cost_onwind: 1309165654.7153807
ci_cost_solar: 443007593.61782175
ci_demand_total: 33647160.0
ci_emission_rate_local: 0.10384411147636773
ci_emission_rate_myopic: 0.06453689451578648
ci_emission_rate_true: 0.10785231401952837
ci_emissions: 3628924.0661853133
ci_fraction_clean: 0.8811673648814586
ci_fraction_clean_excess: 0.19999995450636138
ci_fraction_clean_used: 0.8604723151206746
ci_fraction_clean_used_grid: 0.17930490474557725
ci_fraction_clean_used_local: 0.6811674103750972
ci_generation_H2_Fuel_Cell: 1.6036117150188245
ci_generation_adv_geothermal: 5.158074325699326
ci_generation_allam_ccs: 3.231415056156264
ci_generation_battery_discharger: 27.534876397051363
ci_generation_onwind: 22091119.2421887
ci_generation_solar: 7557656.011831234
ci_marginal_cost_adv_geothermal: 0.0
ci_marginal_cost_allam_ccs: 267.65691228103213
ci_marginal_cost_grid: 1234239250.5359404
ci_marginal_cost_onwind: 331366.7886328314
ci_marginal_cost_solar: 75576.56011831197
ci_revenue_grid: 642287561.6169991
ci_total_cost: 2986414777.401596
co2_price: 80.0
emissions: 515594537.5562525
emissions_zone: 109.2498178835362
objective: 142439624840.60892
system_emission_rate: 0.16209202305249473
system_emissions: 171864845.85208443
system_grid_cfe_wavg: 0.7092646015239555
system_inv_H2_Electrolysis-2025: 98.72710814410225
system_inv_H2_Fuel_Cell-2025: 20.56131924042817
system_inv_OCGT-2025: 17008.864094247994
system_inv_battery_charger-2025: 1723.8702852011904
system_inv_battery_discharger-2025: 1759.4175575335992
system_inv_offwind-ac-2025: 542.0467266411159
system_inv_offwind-dc-2025: 26906.17719563794
system_inv_onwind-2025: 114798.19922410634
system_inv_solar-2025: 188804.60273070377
system_inv_solar_rooftop-2025: 0.0
zone_average_marginal_price: 108.31088579418429
