ci_average cost: 96.72732044892058
ci_average_revenue: 19.40382884916646
ci_cap_H2_Electrolysis: 0.0018432174806911387
ci_cap_H2_Fuel_Cell: 0.0007848236264369182
ci_cap_adv_geothermal: 1778.1005359121723
ci_cap_allam_ccs: 707.963111763651
ci_cap_battery_charger: 294.6626674407682
ci_cap_battery_discharger: 300.73879403546067
ci_cap_onwind: 8375.478169231947
ci_cap_solar: 4791.438627517957
ci_capital_cost_adv_geothermal: 1432907272.7034135
ci_capital_cost_allam_ccs: 180826857.43596673
ci_capital_cost_battery_inverter: 9367612.356093021
ci_capital_cost_battery_storage: 29602173.337871116
ci_capital_cost_grid: 0.0
ci_capital_cost_hydrogen_electrolysis: 155.6921157068581
ci_capital_cost_hydrogen_fuel_cell: 181.17889120244214
ci_capital_cost_hydrogen_storage: 265.6876743058037
ci_capital_cost_onwind: 961346036.876727
ci_capital_cost_solar: 264972297.50853735
ci_clean_excess_total: 6729430.175458767
ci_clean_total: 39017150.389606155
ci_clean_used_grid_total: 686498.3644781115
ci_clean_used_local_total: 32287720.214147385
ci_clean_used_total: 32974218.578625496
ci_cost_adv_geothermal: 1432907272.7034135
ci_cost_allam_ccs: 398020487.9036701
ci_cost_battery_inverter: 9367612.356093021
ci_cost_battery_storage: 29602173.337871116
ci_cost_grid: 158093099.92275542
ci_cost_hydrogen_electrolysis: 155.6921157068581
ci_cost_hydrogen_fuel_cell: 181.17889120244214
ci_cost_hydrogen_storage: 265.6876743058037
ci_cost_onwind: 961590837.3038775
ci_cost_solar: 265017541.4297407
ci_demand_total: 33647160.0
ci_emission_rate_local: 0.014767757101569976
ci_emission_rate_myopic: 0.008859572686972494
ci_emission_rate_true: 0.015812015193783
ci_emissions: 532029.4051476475
ci_fraction_clean: 1.1595971365668352
ci_fraction_clean_excess: 0.19999994577428726
ci_fraction_clean_used: 0.9800000528610883
ci_fraction_clean_used_grid: 0.020402862068540452
ci_fraction_clean_used_local: 0.9595971907925479
ci_generation_H2_Fuel_Cell: 2.285331761265387
ci_generation_adv_geothermal: 15576159.442817345
ci_generation_allam_ccs: 2622173.1455142153
ci_generation_battery_discharger: 614359.8339348333
ci_generation_onwind: 16320028.47670101
ci_generation_solar: 4524392.120334744
ci_marginal_cost_adv_geothermal: 0.0
ci_marginal_cost_allam_ccs: 217193630.46770337
ci_marginal_cost_grid: 158093099.92275542
ci_marginal_cost_onwind: 244800.4271505158
ci_marginal_cost_solar: 45243.92120334723
ci_revenue_grid: 652883733.9005197
ci_total_cost: 3254599627.516103
co2_price: 80.0
emissions: 506437719.80259615
emissions_zone: 105.12782093958076
objective: 142702112007.15137
system_emission_rate: 0.15921331312385936
system_emissions: 168812573.26753193
system_grid_cfe_wavg: 0.7092976061911928
system_inv_H2_Electrolysis-2025: 104.02926164683994
system_inv_H2_Fuel_Cell-2025: 21.752226243027778
system_inv_OCGT-2025: 16965.405749570225
system_inv_battery_charger-2025: 1715.0018555329698
system_inv_battery_discharger-2025: 1750.3662553561865
system_inv_offwind-ac-2025: 542.0795695231867
system_inv_offwind-dc-2025: 27053.995020202674
system_inv_onwind-2025: 114718.42066336682
system_inv_solar-2025: 188977.39747306786
system_inv_solar_rooftop-2025: 0.0
zone_average_marginal_price: 107.84300321874244
