ci_average cost: 98.39647169524382
ci_average_revenue: 19.580455872887914
ci_cap_H2_Electrolysis: 0.0017745578006451758
ci_cap_H2_Fuel_Cell: 0.0009093311518269171
ci_cap_adv_geothermal: 2292.194055494129
ci_cap_allam_ccs: 579.3470240899009
ci_cap_battery_charger: 289.16861720259976
ci_cap_battery_discharger: 295.13145308064105
ci_cap_onwind: 7320.283908265765
ci_cap_solar: 3820.75609456578
ci_capital_cost_adv_geothermal: 1847196750.8182025
ci_capital_cost_allam_ccs: 147975932.63027248
ci_capital_cost_battery_inverter: 9192951.163539987
ci_capital_cost_battery_storage: 29050394.745282706
ci_capital_cost_grid: 0.0
ci_capital_cost_hydrogen_electrolysis: 149.89259885000644
ci_capital_cost_hydrogen_fuel_cell: 209.92182736879246
ci_capital_cost_hydrogen_storage: 240.18850379784635
ci_capital_cost_onwind: 840229749.4937071
ci_capital_cost_solar: 211292390.30267575
ci_clean_excess_total: 6729430.554586442
ci_clean_total: 39712325.63122735
ci_clean_used_grid_total: 327794.7104488306
ci_clean_used_local_total: 32982895.07664091
ci_clean_used_total: 33310689.787089743
ci_cost_adv_geothermal: 1847196750.8182025
ci_cost_allam_ccs: 295901183.95696557
ci_cost_battery_inverter: 9192951.163539987
ci_cost_battery_storage: 29050394.745282706
ci_cost_grid: 77647769.02379356
ci_cost_hydrogen_electrolysis: 149.89259885000644
ci_cost_hydrogen_fuel_cell: 209.92182736879246
ci_cost_hydrogen_storage: 240.18850379784635
ci_cost_onwind: 840443708.4557792
ci_cost_solar: 211328468.39884713
ci_demand_total: 33647160.0
ci_emission_rate_local: 0.007594744473028603
ci_emission_rate_myopic: 0.004462043044762015
ci_emission_rate_true: 0.00813564426700605
ci_emissions: 273741.32435503526
ci_fraction_clean: 1.180257877075728
ci_fraction_clean_excess: 0.19999995704203394
ci_fraction_clean_used: 0.9900000412245712
ci_fraction_clean_used_grid: 0.00974212119087705
ci_fraction_clean_used_local: 0.9802579200336942
ci_generation_H2_Fuel_Cell: 2.2444164236845174
ci_generation_adv_geothermal: 20079618.747892864
ci_generation_allam_ccs: 1785897.7758096557
ci_generation_battery_discharger: 598246.1888990018
ci_generation_onwind: 14263930.804809876
ci_generation_solar: 3607809.61713886
ci_marginal_cost_adv_geothermal: 0.0
ci_marginal_cost_allam_ccs: 147925251.3266931
ci_marginal_cost_grid: 77647769.02379356
ci_marginal_cost_onwind: 213958.96207214872
ci_marginal_cost_solar: 36078.096171388424
ci_revenue_grid: 658826731.6279993
ci_total_cost: 3310761826.56534
co2_price: 80.0
emissions: 505656323.26310694
emissions_zone: 104.69149132284693
objective: 142752657506.4017
system_emission_rate: 0.15896765857039494
system_emissions: 168552107.75436875
system_grid_cfe_wavg: 0.709322693081951
system_inv_H2_Electrolysis-2025: 104.27076097804719
system_inv_H2_Fuel_Cell-2025: 21.798701601783126
system_inv_OCGT-2025: 16961.64601600454
system_inv_battery_charger-2025: 1715.0421522979966
system_inv_battery_discharger-2025: 1750.4073830654504
system_inv_offwind-ac-2025: 542.0636596789859
system_inv_offwind-dc-2025: 27076.88748518344
system_inv_onwind-2025: 114692.1878277829
system_inv_solar-2025: 189010.8015254771
system_inv_solar_rooftop-2025: 0.0
zone_average_marginal_price: 107.80736284591342
