ci_average cost: 93.6414117010779
ci_average_revenue: 19.188187248118115
ci_cap_H2_Electrolysis: 0.002078836063150504
ci_cap_H2_Fuel_Cell: 0.0007011388404050497
ci_cap_adv_geothermal: 833.5271686897447
ci_cap_allam_ccs: 792.5703832808634
ci_cap_battery_charger: 288.5196184026349
ci_cap_battery_discharger: 294.4690715236997
ci_cap_onwind: 10177.631096256056
ci_cap_solar: 6481.883932553361
ci_capital_cost_adv_geothermal: 671709567.535058
ci_capital_cost_allam_ccs: 202437117.59002498
ci_capital_cost_battery_inverter: 9172318.861421624
ci_capital_cost_battery_storage: 28984986.72596596
ci_capital_cost_grid: 0.0
ci_capital_cost_hydrogen_electrolysis: 175.5942466204572
ci_capital_cost_hydrogen_fuel_cell: 161.86000701874048
ci_capital_cost_hydrogen_storage: 175.04633550722394
ci_capital_cost_onwind: 1168199011.6244714
ci_capital_cost_solar: 358455948.47617626
ci_clean_excess_total: 6729430.135222887
ci_clean_total: 36835919.01368349
ci_clean_used_grid_total: 1858314.9260768546
ci_clean_used_local_total: 30106488.878460605
ci_clean_used_total: 31964803.80453746
ci_cost_adv_geothermal: 671709567.535058
ci_cost_allam_ccs: 503985390.6108781
ci_cost_battery_inverter: 9172318.861421624
ci_cost_battery_storage: 28984986.72596596
ci_cost_grid: 409901630.4152348
ci_cost_hydrogen_electrolysis: 175.5942466204572
ci_cost_hydrogen_fuel_cell: 161.86000701874048
ci_cost_hydrogen_storage: 175.04633550722394
ci_cost_onwind: 1168496012.6167886
ci_cost_solar: 358517142.8661041
ci_demand_total: 33647160.0
ci_emission_rate_local: 0.036458013246961775
ci_emission_rate_myopic: 0.02226488968291365
ci_emission_rate_true: 0.03869837012316768
ci_emissions: 1302090.2512734425
ci_fraction_clean: 1.0947705248729311
ci_fraction_clean_excess: 0.19999994457846923
ci_fraction_clean_used: 0.9500000536311968
ci_fraction_clean_used_grid: 0.05522947333673495
ci_fraction_clean_used_local: 0.8947705802944619
ci_generation_H2_Fuel_Cell: 2.477612963673546
ci_generation_adv_geothermal: 7301693.839400053
ci_generation_allam_ccs: 3640584.587534894
ci_generation_battery_discharger: 620633.044162431
ci_generation_onwind: 19800066.15448156
ci_generation_solar: 6119438.992788691
ci_marginal_cost_adv_geothermal: 0.0
ci_marginal_cost_allam_ccs: 301548273.02085316
ci_marginal_cost_grid: 409901630.4152348
ci_marginal_cost_onwind: 297000.9923172242
ci_marginal_cost_solar: 61194.389927886616
ci_revenue_grid: 645628006.44739
ci_total_cost: 3150767562.13204
co2_price: 80.0
emissions: 508645163.231381
emissions_zone: 106.13749868946529
objective: 142604264073.27475
system_emission_rate: 0.15990728667300078
system_emissions: 169548387.74379387
system_grid_cfe_wavg: 0.7090995817480463
system_inv_H2_Electrolysis-2025: 100.12537005249399
system_inv_H2_Fuel_Cell-2025: 20.95984085025267
system_inv_OCGT-2025: 16975.87908118995
system_inv_battery_charger-2025: 1720.575410400946
system_inv_battery_discharger-2025: 1756.0547403754924
system_inv_offwind-ac-2025: 542.0508247386784
system_inv_offwind-dc-2025: 27004.687412454492
system_inv_onwind-2025: 114717.99487409824
system_inv_solar-2025: 188991.20412288856
system_inv_solar_rooftop-2025: 0.0
zone_average_marginal_price: 107.94932722701682
