ci_average cost: 90.5160367743772
ci_average_revenue: 19.21563255136607
ci_cap_H2_Electrolysis: 0.004057941885391255
ci_cap_H2_Fuel_Cell: 0.0011275648431511385
ci_cap_adv_geothermal: 0.010449526025993462
ci_cap_allam_ccs: 553.8807641202618
ci_cap_battery_charger: 166.9227008193209
ci_cap_battery_discharger: 170.36475023302904
ci_cap_onwind: 11740.813485755867
ci_cap_solar: 7861.378592551612
ci_capital_cost_adv_geothermal: 8420.897208305672
ci_capital_cost_allam_ccs: 141471379.37821755
ci_capital_cost_battery_inverter: 5306634.764045264
ci_capital_cost_battery_storage: 16769157.502634205
ci_capital_cost_grid: 0.0
ci_capital_cost_hydrogen_electrolysis: 342.7645213711533
ci_capital_cost_hydrogen_fuel_cell: 260.3017304263064
ci_capital_cost_hydrogen_storage: 259.6104669594539
ci_capital_cost_onwind: 1347622701.1974027
ci_capital_cost_solar: 434743656.172402
ci_clean_excess_total: 6729427.77759589
ci_clean_total: 32973363.46095883
ci_clean_used_grid_total: 4038512.6678860467
ci_clean_used_local_total: 26243935.683362946
ci_clean_used_total: 30282448.351248994
ci_cost_adv_geothermal: 8420.897208305672
ci_cost_allam_ccs: 386536859.0146691
ci_cost_battery_inverter: 5306634.764045264
ci_cost_battery_storage: 16769157.502634205
ci_cost_grid: 854205931.7952958
ci_cost_hydrogen_electrolysis: 342.7645213711533
ci_cost_hydrogen_fuel_cell: 260.3017304263064
ci_cost_hydrogen_storage: 259.6104669594539
ci_cost_onwind: 1347961848.115766
ci_cost_solar: 434817857.1470159
ci_demand_total: 33647160.0
ci_emission_rate_local: 0.07354791065627693
ci_emission_rate_myopic: 0.04537940527876272
ci_emission_rate_true: 0.07708695254854624
ci_emissions: 2593757.026313343
ci_fraction_clean: 0.9799746386012618
ci_fraction_clean_excess: 0.1999998745093461
ci_fraction_clean_used: 0.9000001293199484
ci_fraction_clean_used_grid: 0.12002536522803252
ci_fraction_clean_used_local: 0.7799747640919158
ci_generation_H2_Fuel_Cell: 4.794401074457761
ci_generation_adv_geothermal: 89.323513637906
ci_generation_allam_ccs: 2958669.2676552464
ci_generation_battery_discharger: 366664.12930116407
ci_generation_onwind: 22609794.557560597
ci_generation_solar: 7420097.461388274
ci_marginal_cost_adv_geothermal: 0.0
ci_marginal_cost_allam_ccs: 245065479.63645157
ci_marginal_cost_grid: 854205931.7952958
ci_marginal_cost_onwind: 339146.9183634099
ci_marginal_cost_solar: 74200.97461388238
ci_revenue_grid: 646551462.9570224
ci_total_cost: 3045607571.9133534
co2_price: 80.0
emissions: 512443846.5561789
emissions_zone: 107.83143085758769
objective: 142496485167.78818
system_emission_rate: 0.16110151240698645
system_emissions: 170814615.5187262
system_grid_cfe_wavg: 0.7091026979656965
system_inv_H2_Electrolysis-2025: 99.65629984049647
system_inv_H2_Fuel_Cell-2025: 20.75624736896092
system_inv_OCGT-2025: 16993.933655488552
system_inv_battery_charger-2025: 1721.419890801031
system_inv_battery_discharger-2025: 1756.916634484149
system_inv_offwind-ac-2025: 542.0665133079051
system_inv_offwind-dc-2025: 26943.11874478948
system_inv_onwind-2025: 114750.00245533878
system_inv_solar-2025: 188870.04835441304
system_inv_solar_rooftop-2025: 0.0
zone_average_marginal_price: 108.14731375427597
