ci_average cost: 109.95811217351229
ci_average_revenue: 0.0
ci_cap_H2_Electrolysis: 0.0
ci_cap_H2_Fuel_Cell: 0.0
ci_cap_adv_geothermal: 0.0
ci_cap_allam_ccs: 0.0
ci_cap_battery_charger: 0.0
ci_cap_battery_discharger: 0.0
ci_cap_onwind: 0.0
ci_cap_solar: 0.0
ci_capital_cost_adv_geothermal: 0.0
ci_capital_cost_allam_ccs: 0.0
ci_capital_cost_battery_inverter: 0.0
ci_capital_cost_battery_storage: 0.0
ci_capital_cost_grid: 0.0
ci_capital_cost_hydrogen_electrolysis: 0.0
ci_capital_cost_hydrogen_fuel_cell: 0.0
ci_capital_cost_hydrogen_storage: 0.0
ci_capital_cost_onwind: 0.0
ci_capital_cost_solar: 0.0
ci_clean_excess_total: 0.0
ci_clean_total: 0.0
ci_clean_used_grid_total: 23574523.359326743
ci_clean_used_local_total: 0.0
ci_clean_used_total: 23574523.359326743
ci_cost_adv_geothermal: 0.0
ci_cost_allam_ccs: 0.0
ci_cost_battery_inverter: 0.0
ci_cost_battery_storage: 0.0
ci_cost_grid: 3699778193.600116
ci_cost_hydrogen_electrolysis: 0.0
ci_cost_hydrogen_fuel_cell: 0.0
ci_cost_hydrogen_storage: 0.0
ci_cost_onwind: 0.0
ci_cost_solar: 0.0
ci_demand_total: 33647160.0
ci_emission_rate_local: 0.24079417765612654
ci_emission_rate_myopic: 0.16503530646026002
ci_emission_rate_true: 0.24051459245221768
ci_emissions: 8092632.974574561
ci_fraction_clean: 0.0
ci_fraction_clean_excess: 0.0
ci_fraction_clean_used: 0.7006393216939184
ci_fraction_clean_used_grid: 0.7006393216939184
ci_fraction_clean_used_local: 0.0
ci_generation_H2_Fuel_Cell: -0.0
ci_generation_adv_geothermal: 0.0
ci_generation_allam_ccs: 0.0
ci_generation_battery_discharger: -0.0
ci_generation_onwind: 0.0
ci_generation_solar: 0.0
ci_marginal_cost_adv_geothermal: 0.0
ci_marginal_cost_allam_ccs: 0.0
ci_marginal_cost_grid: 3699778193.600116
ci_marginal_cost_onwind: 0.0
ci_marginal_cost_solar: 0.0
ci_revenue_grid: 0.0
ci_total_cost: 3699778193.600116
co2_price: 80.0
emissions: 537672850.8701916
emissions_zone: 118.81869273651871
objective: 143774179891.3338
system_emission_rate: 0.1690329780277065
system_emissions: 179224283.6233972
system_grid_cfe_wavg: 0.6965111472667439
system_inv_H2_Electrolysis-2025: 97.8260322977779
system_inv_H2_Fuel_Cell-2025: 20.43789597139532
system_inv_OCGT-2025: 17053.84254935791
system_inv_battery_charger-2025: 1741.443785939373
system_inv_battery_discharger-2025: 1777.3534347347543
system_inv_offwind-ac-2025: 542.5920239582291
system_inv_offwind-dc-2025: 26792.505885297385
system_inv_onwind-2025: 114826.2202041805
system_inv_solar-2025: 188584.33091097407
system_inv_solar_rooftop-2025: 0.0
zone_average_marginal_price: 109.95811217351228
