ci_average cost: 101.41386736789256
ci_average_revenue: 21.464342851438346
ci_cap_H2_Electrolysis: 0.0
ci_cap_H2_Fuel_Cell: 0.0
ci_cap_adv_geothermal: 0.0
ci_cap_allam_ccs: 0.0
ci_cap_battery_charger: 0.0
ci_cap_battery_discharger: 0.0
ci_cap_onwind: 18258.013749406287
ci_cap_solar: 9682.07198616709
ci_capital_cost_adv_geothermal: 0.0
ci_capital_cost_allam_ccs: 0.0
ci_capital_cost_battery_inverter: 0.0
ci_capital_cost_battery_storage: 0.0
ci_capital_cost_grid: 0.0
ci_capital_cost_hydrogen_electrolysis: 0.0
ci_capital_cost_hydrogen_fuel_cell: 0.0
ci_capital_cost_hydrogen_storage: 0.0
ci_capital_cost_onwind: 2095673680.3054807
ci_capital_cost_solar: 535430182.5100705
ci_clean_excess_total: 6729431.74762216
ci_clean_total: 33647160.000015795
ci_clean_used_grid_total: 3545345.1607243987
ci_clean_used_local_total: 26917728.25239363
ci_clean_used_total: 30463073.413118027
ci_cost_adv_geothermal: 0.0
ci_cost_allam_ccs: 0.0
ci_cost_battery_inverter: 0.0
ci_cost_battery_storage: 0.0
ci_cost_grid: 780723539.9204314
ci_cost_hydrogen_electrolysis: 0.0
ci_cost_hydrogen_fuel_cell: 0.0
ci_cost_hydrogen_storage: 0.0
ci_cost_onwind: 2096047921.9363132
ci_cost_solar: 535517159.68951565
ci_demand_total: 33647160.0
ci_emission_rate_local: 0.0698576185893976
ci_emission_rate_myopic: 0.042417320001465954
ci_emission_rate_true: 0.07339903901781644
ci_emissions: 2469669.2096787128
ci_fraction_clean: 1.0000000000004694
ci_fraction_clean_excess: 0.19999999249928258
ci_fraction_clean_used: 0.9053683405410152
ci_fraction_clean_used_grid: 0.10536833303982858
ci_fraction_clean_used_local: 0.8000000075011867
ci_generation_H2_Fuel_Cell: -0.0
ci_generation_adv_geothermal: 0.0
ci_generation_allam_ccs: 0.0
ci_generation_battery_discharger: -0.0
ci_generation_onwind: 24949442.05550232
ci_generation_solar: 8697717.94451347
ci_marginal_cost_adv_geothermal: 0.0
ci_marginal_cost_allam_ccs: 0.0
ci_marginal_cost_grid: 780723539.9204314
ci_marginal_cost_onwind: 374241.63083253586
ci_marginal_cost_solar: 86977.17944513427
ci_revenue_grid: 722214178.2172023
ci_total_cost: 3412288621.54626
co2_price: 80.0
emissions: 509691871.3873853
emissions_zone: 107.09009662818374
objective: 142781718785.6581
system_emission_rate: 0.16023634959006797
system_emissions: 169897290.46246177
system_grid_cfe_wavg: 0.7106303771810824
system_inv_H2_Electrolysis-2025: 102.24283420480113
system_inv_H2_Fuel_Cell-2025: 21.31535527919039
system_inv_OCGT-2025: 16978.529268866
system_inv_battery_charger-2025: 1717.4790369033826
system_inv_battery_discharger-2025: 1752.8945177397975
system_inv_offwind-ac-2025: 542.0359275975571
system_inv_offwind-dc-2025: 27006.48314839812
system_inv_onwind-2025: 114669.15113937772
system_inv_solar-2025: 188967.50677934685
system_inv_solar_rooftop-2025: 0.0
zone_average_marginal_price: 107.84088847696975
