ci_average cost: 181.72607362355623
ci_average_revenue: 32.38109001896974
ci_cap_battery_charger: 6214.4016552638295
ci_cap_battery_discharger: 6342.54646402295
ci_cap_onwind: 22417.693830741267
ci_cap_solar: 31379.264953237198
ci_capital_cost_battery_inverter: 147936109.04772863
ci_capital_cost_battery_storage: 2008009942.8934343
ci_capital_cost_grid: 0.0
ci_capital_cost_hydrogen_electrolysis: 0.0
ci_capital_cost_hydrogen_fuel_cell: 0.0
ci_capital_cost_hydrogen_storage: 0.0
ci_capital_cost_onwind: 2452208029.181231
ci_capital_cost_solar: 1505920539.2625968
ci_clean_excess_total: 6729430.534348879
ci_clean_total: 40376590.47729179
ci_clean_used_grid_total: 0.13127422239999958
ci_clean_used_local_total: 33647159.94294291
ci_clean_used_total: 33647160.07421713
ci_cost_battery_inverter: 147936109.04772863
ci_cost_battery_storage: 2008009942.8934343
ci_cost_grid: 12.854661005857198
ci_cost_hydrogen_electrolysis: 0.0
ci_cost_hydrogen_fuel_cell: 0.0
ci_cost_hydrogen_storage: 0.0
ci_cost_onwind: 2452455098.5332756
ci_cost_solar: 1506165112.0544772
ci_demand_total: 33647160.0
ci_emission_rate_local: 6.883449395097147e-11
ci_emission_rate_myopic: 8.847921011886199e-11
ci_emission_rate_true: 5.155996394542113e-11
ci_emissions: 0.001734846356465816
ci_fraction_clean: 1.1999999547448221
ci_fraction_clean_excess: 0.1999999564405697
ci_fraction_clean_used: 1.0000000022057474
ci_fraction_clean_used_grid: 3.901494878022382e-09
ci_fraction_clean_used_local: 0.9999999983042525
ci_generation_battery_discharger: 13247527.107195754
ci_generation_onwind: 16471290.136319865
ci_generation_solar: 24457279.18804221
ci_marginal_cost_grid: 12.854661005857198
ci_marginal_cost_onwind: 247069.35204479864
ci_marginal_cost_solar: 244572.7918804209
ci_revenue_grid: 1089531716.842678
ci_total_cost: 6114566275.383576
co2_price: 130.0
emissions: 293091769.2784155
emissions_zone: 43.33964627219351
objective: 167424258128.7778
system_emission_rate: 0.09214185636555566
system_emissions: 97697256.42613849
system_grid_cfe_wavg: 0.8495853924395501
system_inv_H2_Electrolysis-2030: 7926.903562944052
system_inv_H2_Fuel_Cell-2030: 1743.3672281625452
system_inv_OCGT-2030: 66101.77049540161
system_inv_battery_charger-2030: 25193.634789843334
system_inv_battery_discharger-2030: 25713.143133716945
system_inv_offwind-ac-2030: 1084.1001780347242
system_inv_offwind-dc-2030: 55271.19049830453
system_inv_onwind-2030: 222805.60814497742
system_inv_solar-2030: 389734.7318935321
system_inv_solar_rooftop-2030: 0.0
zone_average_marginal_price: 134.7238332951811
