ci_average cost: 95.42737569135573
ci_average_revenue: 25.70924041843639
ci_cap_battery_charger: 5997.852307563764
ci_cap_battery_discharger: 6121.531734732295
ci_cap_onwind: 9576.977676965515
ci_cap_solar: 19729.104453966807
ci_capital_cost_battery_inverter: 142781072.45809394
ci_capital_cost_battery_storage: 388775307.33747137
ci_capital_cost_grid: 0.0
ci_capital_cost_hydrogen_electrolysis: 0.0
ci_capital_cost_hydrogen_fuel_cell: 0.0
ci_capital_cost_hydrogen_storage: 0.0
ci_capital_cost_onwind: 1047598460.9326649
ci_capital_cost_solar: 946818342.0727564
ci_clean_excess_total: 6729430.160697645
ci_clean_total: 35869365.50110334
ci_clean_used_grid_total: 3134675.5480582304
ci_clean_used_local_total: 29139935.340405695
ci_clean_used_total: 32274610.888463926
ci_cost_battery_inverter: 142781072.45809394
ci_cost_battery_storage: 388775307.33747137
ci_cost_grid: 684436027.5030293
ci_cost_hydrogen_electrolysis: 0.0
ci_cost_hydrogen_fuel_cell: 0.0
ci_cost_hydrogen_storage: 0.0
ci_cost_onwind: 1047864712.518345
ci_cost_solar: 947003058.4502172
ci_demand_total: 33647160.0
ci_emission_rate_local: 0.019451297906026368
ci_emission_rate_myopic: 0.018969326524445742
ci_emission_rate_true: 0.020172466988156883
ci_emissions: 678746.2243452328
ci_fraction_clean: 1.0660443704937754
ci_fraction_clean_excess: 0.19999994533558388
ci_fraction_clean_used: 0.9592075791378507
ci_fraction_clean_used_grid: 0.09316315397965921
ci_fraction_clean_used_local: 0.8660444251581915
ci_generation_battery_discharger: 8457093.169344809
ci_generation_onwind: 17750105.712008987
ci_generation_solar: 18471637.746082433
ci_marginal_cost_grid: 684436027.5030293
ci_marginal_cost_onwind: 266251.5856801355
ci_marginal_cost_solar: 184716.37746082342
ci_revenue_grid: 865042925.8375962
ci_total_cost: 3210860178.267157
co2_price: 130.0
emissions: 296182049.8478718
emissions_zone: 45.28888686933759
objective: 164740194479.08646
system_emission_rate: 0.09311337524874072
system_emissions: 98727349.94929054
system_grid_cfe_wavg: 0.8502850726609311
system_inv_H2_Electrolysis-2030: 8003.0277954737685
system_inv_H2_Fuel_Cell-2030: 1759.0357789218722
system_inv_OCGT-2030: 67534.90285236682
system_inv_battery_charger-2030: 23601.315342728005
system_inv_battery_discharger-2030: 24087.98907397867
system_inv_offwind-ac-2030: 1084.0708325764072
system_inv_offwind-dc-2030: 54825.352267979404
system_inv_onwind-2030: 224189.46437019735
system_inv_solar-2030: 388552.57542260265
system_inv_solar_rooftop-2030: 0.0
zone_average_marginal_price: 134.40188821746537
