ci_average cost: 95.42642198780169
ci_average_revenue: 25.708254275912605
ci_cap_battery_charger: 5997.619348615233
ci_cap_battery_discharger: 6121.293972026048
ci_cap_onwind: 9577.248670022947
ci_cap_solar: 19726.8232887022
ci_capital_cost_battery_inverter: 142775526.78494224
ci_capital_cost_battery_storage: 388779419.83465844
ci_capital_cost_grid: 0.0
ci_capital_cost_hydrogen_electrolysis: 0.0
ci_capital_cost_hydrogen_fuel_cell: 0.0
ci_capital_cost_hydrogen_storage: 0.0
ci_capital_cost_onwind: 1047628104.0956194
ci_capital_cost_solar: 946708866.79886
ci_clean_excess_total: 6729429.811425205
ci_clean_total: 35868993.85827647
ci_clean_used_grid_total: 3136832.3027937617
ci_clean_used_local_total: 29139564.04685127
ci_clean_used_total: 32276396.349645033
ci_cost_battery_inverter: 142775526.78494224
ci_cost_battery_storage: 388779419.83465844
ci_cost_grid: 684485199.0332177
ci_cost_hydrogen_electrolysis: 0.0
ci_cost_hydrogen_fuel_cell: 0.0
ci_cost_hydrogen_storage: 0.0
ci_cost_onwind: 1047894380.4398143
ci_cost_solar: 946893562.758449
ci_demand_total: 33647160.0
ci_emission_rate_local: 0.019465194332064468
ci_emission_rate_myopic: 0.01897818923117677
ci_emission_rate_true: 0.020183444972668392
ci_emissions: 679115.6023465691
ci_fraction_clean: 1.066033325198218
ci_fraction_clean_excess: 0.1999999349551405
ci_fraction_clean_used: 0.9592606433840192
ci_fraction_clean_used_grid: 0.09322725314094152
ci_fraction_clean_used_local: 0.8660333902430776
ci_generation_battery_discharger: 8456623.327231724
ci_generation_onwind: 17751756.279656082
ci_generation_solar: 18469595.958905004
ci_marginal_cost_grid: 684485199.0332177
ci_marginal_cost_onwind: 266276.344194842
ci_marginal_cost_solar: 184695.95958904913
ci_revenue_grid: 865009744.9423156
ci_total_cost: 3210828088.8510814
co2_price: 130.0
emissions: 296182248.2377005
emissions_zone: 45.30459626258253
objective: 164740229186.58435
system_emission_rate: 0.09311343761830905
system_emissions: 98727416.07923356
system_grid_cfe_wavg: 0.850803741870991
system_inv_H2_Electrolysis-2030: 8002.797796191321
system_inv_H2_Fuel_Cell-2030: 1758.9969408206998
system_inv_OCGT-2030: 67534.88075455674
system_inv_battery_charger-2030: 23601.68885044169
system_inv_battery_discharger-2030: 24088.370283652617
system_inv_offwind-ac-2030: 1084.0928611288948
system_inv_offwind-dc-2030: 54825.376413131584
system_inv_onwind-2030: 224190.40084529977
system_inv_solar-2030: 388552.06052539486
system_inv_solar_rooftop-2030: 0.0
zone_average_marginal_price: 134.4015118803481
