ci_average cost: 125.50824769509296
ci_average_revenue: 31.370002372327573
ci_cap_battery_charger: 7180.784650038212
ci_cap_battery_discharger: 7328.856874327116
ci_cap_onwind: 17195.33256155779
ci_cap_solar: 23998.02967116523
ci_capital_cost_battery_inverter: 170941210.42795864
ci_capital_cost_battery_storage: 836436281.4181442
ci_capital_cost_grid: 0.0
ci_capital_cost_hydrogen_electrolysis: 0.0
ci_capital_cost_hydrogen_fuel_cell: 0.0
ci_capital_cost_hydrogen_storage: 0.0
ci_capital_cost_onwind: 1880948722.480576
ci_capital_cost_solar: 1151688092.0409417
ci_clean_excess_total: 6729430.168552738
ci_clean_total: 39282674.15546176
ci_clean_used_grid_total: 757445.0106399851
ci_clean_used_local_total: 32553243.986909017
ci_clean_used_total: 33310688.997549
ci_cost_battery_inverter: 170941210.42795864
ci_cost_battery_storage: 836436281.4181442
ci_cost_grid: 182492659.3161382
ci_cost_hydrogen_electrolysis: 0.0
ci_cost_hydrogen_fuel_cell: 0.0
ci_cost_hydrogen_storage: 0.0
ci_cost_onwind: 1881223021.1066813
ci_cost_solar: 1151902919.2475019
ci_demand_total: 33647160.0
ci_emission_rate_local: 0.004147607025846517
ci_emission_rate_myopic: 0.004461364481711633
ci_emission_rate_true: 0.004748515917837849
ci_emissions: 159774.074850037
ci_fraction_clean: 1.1674885534310104
ci_fraction_clean_excess: 0.19999994556903875
ci_fraction_clean_used: 0.99000001775927
ci_fraction_clean_used_grid: 0.022511409897298468
ci_fraction_clean_used_local: 0.9674886078619717
ci_generation_battery_discharger: 11678948.441721056
ci_generation_onwind: 18286575.073691007
ci_generation_solar: 21482720.65602271
ci_marginal_cost_grid: 182492659.3161382
ci_marginal_cost_onwind: 274298.62610536587
ci_marginal_cost_solar: 214827.20656022604
ci_revenue_grid: 1055511489.0220854
ci_total_cost: 4222996091.516424
co2_price: 130.0
emissions: 294456620.37446606
emissions_zone: 44.18937542692221
objective: 165532471096.7299
system_emission_rate: 0.09257093669750177
system_emissions: 98152206.79148865
system_grid_cfe_wavg: 0.8516137356344227
system_inv_H2_Electrolysis-2030: 7909.743363840101
system_inv_H2_Fuel_Cell-2030: 1743.8251889287742
system_inv_OCGT-2030: 66134.31013858796
system_inv_battery_charger-2030: 23329.839931827722
system_inv_battery_discharger-2030: 23810.915672066152
system_inv_offwind-ac-2030: 1084.0921842836801
system_inv_offwind-dc-2030: 55062.08112925025
system_inv_onwind-2030: 224132.37564497595
system_inv_solar-2030: 388835.29472578614
system_inv_solar_rooftop-2030: 0.0
zone_average_marginal_price: 134.13130267615722
