ci_average cost: 95.42737350540058
ci_average_revenue: 25.709274266313678
ci_cap_battery_charger: 5997.902667847374
ci_cap_battery_discharger: 6121.583133476125
ci_cap_onwind: 9576.996902132363
ci_cap_solar: 19728.94793413483
ci_capital_cost_battery_inverter: 142782271.30310285
ci_capital_cost_battery_storage: 388778508.7075918
ci_capital_cost_grid: 0.0
ci_capital_cost_hydrogen_electrolysis: 0.0
ci_capital_cost_hydrogen_fuel_cell: 0.0
ci_capital_cost_hydrogen_storage: 0.0
ci_capital_cost_onwind: 1047600563.9192104
ci_capital_cost_solar: 946810830.5383044
ci_clean_excess_total: 6729430.1772049405
ci_clean_total: 35869358.01154219
ci_clean_used_grid_total: 3148659.3986266283
ci_clean_used_local_total: 29139927.83433725
ci_clean_used_total: 32288587.23296388
ci_cost_battery_inverter: 142782271.30310285
ci_cost_battery_storage: 388778508.7075918
ci_cost_grid: 684436963.0254467
ci_cost_hydrogen_electrolysis: 0.0
ci_cost_hydrogen_fuel_cell: 0.0
ci_cost_hydrogen_storage: 0.0
ci_cost_onwind: 1047866817.1401874
ci_cost_solar: 946995544.5396456
ci_demand_total: 33647160.0
ci_emission_rate_local: 0.019470643919149374
ci_emission_rate_myopic: 0.01898249343860349
ci_emission_rate_true: 0.020184215010034243
ci_emissions: 679141.5119170238
ci_fraction_clean: 1.0660441479025924
ci_fraction_clean_excess: 0.19999994582618386
ci_fraction_clean_used: 0.9596229587568127
ci_fraction_clean_used_grid: 0.09357875668040418
ci_fraction_clean_used_local: 0.8660442020764085
ci_generation_battery_discharger: 8454186.698740527
ci_generation_onwind: 17750214.731796976
ci_generation_solar: 18471400.134109188
ci_marginal_cost_grid: 684436963.0254467
ci_marginal_cost_onwind: 266253.2209769554
ci_marginal_cost_solar: 184714.00134109097
ci_revenue_grid: 865044064.722539
ci_total_cost: 3210860104.7159743
co2_price: 130.0
emissions: 296182004.8624039
emissions_zone: 45.304456159750885
objective: 164740204551.07565
system_emission_rate: 0.09311336110626083
system_emissions: 98727334.95413482
system_grid_cfe_wavg: 0.8552208584716718
system_inv_H2_Electrolysis-2030: 8002.781931082656
system_inv_H2_Fuel_Cell-2030: 1758.9928953595315
system_inv_OCGT-2030: 67534.87746226376
system_inv_battery_charger-2030: 23601.330108497456
system_inv_battery_discharger-2030: 24088.004144227434
system_inv_offwind-ac-2030: 1084.0689451816072
system_inv_offwind-dc-2030: 54825.35471417015
system_inv_onwind-2030: 224190.4895470218
system_inv_solar-2030: 388552.68058536504
system_inv_solar_rooftop-2030: 0.0
zone_average_marginal_price: 134.4017193111048
