ci_average cost: 95.42762606009754
ci_average_revenue: 25.70947169791783
ci_cap_battery_charger: 5997.897756562613
ci_cap_battery_discharger: 6121.578120917632
ci_cap_onwind: 9576.905661822297
ci_cap_solar: 19729.71300846967
ci_capital_cost_battery_inverter: 142782154.38816905
ci_capital_cost_battery_storage: 388782179.5588493
ci_capital_cost_grid: 0.0
ci_capital_cost_hydrogen_electrolysis: 0.0
ci_capital_cost_hydrogen_fuel_cell: 0.0
ci_capital_cost_hydrogen_storage: 0.0
ci_capital_cost_onwind: 1047590583.400134
ci_capital_cost_solar: 946847547.1776717
ci_clean_excess_total: 6729429.795544488
ci_clean_total: 35869515.58363765
ci_clean_used_grid_total: 3141287.1321932133
ci_clean_used_local_total: 29140085.78809316
ci_clean_used_total: 32281372.920286372
ci_cost_battery_inverter: 142782154.38816905
ci_cost_battery_storage: 388782179.5588493
ci_cost_grid: 684415170.2664647
ci_cost_hydrogen_electrolysis: 0.0
ci_cost_hydrogen_fuel_cell: 0.0
ci_cost_hydrogen_storage: 0.0
ci_cost_onwind: 1047856829.602429
ci_cost_solar: 947032268.6483597
ci_demand_total: 33647160.0
ci_emission_rate_local: 0.019446589304501865
ci_emission_rate_myopic: 0.01897553036300196
ci_emission_rate_true: 0.02016978947263419
ci_emissions: 678656.1335520382
ci_fraction_clean: 1.0660488309752636
ci_fraction_clean_excess: 0.19999993448316258
ci_fraction_clean_used: 0.9594085480107792
ci_fraction_clean_used_grid: 0.09335965151867835
ci_fraction_clean_used_local: 0.866048896492101
ci_generation_battery_discharger: 8457101.51756221
ci_generation_onwind: 17749746.819668703
ci_generation_solar: 18472147.068798475
ci_marginal_cost_grid: 684415170.2664647
ci_marginal_cost_onwind: 266246.2022950313
ci_marginal_cost_solar: 184721.47068798385
ci_revenue_grid: 865050707.7353129
ci_total_cost: 3210868602.4642715
co2_price: 130.0
emissions: 296181931.0438419
emissions_zone: 45.286652929044905
objective: 164740221865.26334
system_emission_rate: 0.09311333789926532
system_emissions: 98727310.34794736
system_grid_cfe_wavg: 0.8519849184703913
system_inv_H2_Electrolysis-2030: 8002.789606767863
system_inv_H2_Fuel_Cell-2030: 1758.9814056993139
system_inv_OCGT-2030: 67534.69355151382
system_inv_battery_charger-2030: 23601.54312740651
system_inv_battery_discharger-2030: 24088.22155571824
system_inv_offwind-ac-2030: 1084.0939492239768
system_inv_offwind-dc-2030: 54825.41220112547
system_inv_onwind-2030: 224189.7523815775
system_inv_solar-2030: 388553.2133964774
system_inv_solar_rooftop-2030: 0.0
zone_average_marginal_price: 134.40169512067658
