ci_average cost: 105.39135940051322
ci_average_revenue: 28.85506363796214
ci_cap_battery_charger: 7557.261221702566
ci_cap_battery_discharger: 7713.096625932914
ci_cap_onwind: 12317.833672395422
ci_cap_solar: 22331.505303867827
ci_capital_cost_battery_inverter: 179903373.19908845
ci_capital_cost_battery_storage: 557393508.4993019
ci_capital_cost_grid: 0.0
ci_capital_cost_hydrogen_electrolysis: 0.0
ci_capital_cost_hydrogen_fuel_cell: 0.0
ci_capital_cost_hydrogen_storage: 0.0
ci_capital_cost_onwind: 1347412934.6947277
ci_capital_cost_solar: 1071710014.873272
ci_clean_excess_total: 6729430.223904925
ci_clean_total: 37945403.2310808
ci_clean_used_grid_total: 1758244.3886200462
ci_clean_used_local_total: 31215973.00717587
ci_clean_used_total: 32974217.395795915
ci_cost_battery_inverter: 179903373.19908845
ci_cost_battery_storage: 557393508.4993019
ci_cost_grid: 389226573.55305254
ci_cost_hydrogen_electrolysis: 0.0
ci_cost_hydrogen_fuel_cell: 0.0
ci_cost_hydrogen_storage: 0.0
ci_cost_onwind: 1347681021.1791918
ci_cost_solar: 1071915455.9359375
ci_demand_total: 33647160.0
ci_emission_rate_local: 0.009438080792503575
ci_emission_rate_myopic: 0.009383405937695275
ci_emission_rate_true: 0.010099380528973911
ci_emissions: 339815.47255926975
ci_fraction_clean: 1.1277446070063804
ci_fraction_clean_excess: 0.1999999472141163
ci_fraction_clean_used: 0.980000017707168
ci_fraction_clean_used_grid: 0.05225535791490415
ci_fraction_clean_used_local: 0.927744659792264
ci_generation_battery_discharger: 11307277.67821331
ci_generation_onwind: 17872432.29761085
ci_generation_solar: 20544106.266563635
ci_marginal_cost_grid: 389226573.55305254
ci_marginal_cost_onwind: 268086.4844641635
ci_marginal_cost_solar: 205441.06266563537
ci_revenue_grid: 970890943.0366942
ci_total_cost: 3546119932.3665724
co2_price: 130.0
emissions: 295629358.2343841
emissions_zone: 45.05077498092602
objective: 164935467901.0791
system_emission_rate: 0.09293962068923958
system_emissions: 98543119.4114615
system_grid_cfe_wavg: 0.8541510374634906
system_inv_H2_Electrolysis-2030: 8148.079399354191
system_inv_H2_Fuel_Cell-2030: 1791.4926017438852
system_inv_OCGT-2030: 66859.3792324466
system_inv_battery_charger-2030: 22680.24548580678
system_inv_battery_discharger-2030: 23147.926186478384
system_inv_offwind-ac-2030: 1084.0757111135515
system_inv_offwind-dc-2030: 55004.05970099726
system_inv_onwind-2030: 223789.59357834546
system_inv_solar-2030: 388762.6953315919
system_inv_solar_rooftop-2030: 0.0
zone_average_marginal_price: 133.79253393395507
