ci_average cost: 138.55760944657104
ci_average_revenue: 0.0
ci_cap_battery_charger: 0.0
ci_cap_battery_discharger: 0.0
ci_cap_onwind: 0.0
ci_cap_solar: 0.0
ci_capital_cost_battery_inverter: 0.0
ci_capital_cost_battery_storage: 0.0
ci_capital_cost_grid: 0.0
ci_capital_cost_hydrogen_electrolysis: 0.0
ci_capital_cost_hydrogen_fuel_cell: 0.0
ci_capital_cost_hydrogen_storage: 0.0
ci_capital_cost_onwind: 0.0
ci_capital_cost_solar: 0.0
ci_clean_excess_total: 0.0
ci_clean_total: 0.0
ci_clean_used_grid_total: 28069952.66476786
ci_clean_used_local_total: 0.0
ci_clean_used_total: 28069952.66476786
ci_cost_battery_inverter: 0.0
ci_cost_battery_storage: 0.0
ci_cost_grid: 4662070054.266287
ci_cost_hydrogen_electrolysis: 0.0
ci_cost_hydrogen_fuel_cell: 0.0
ci_cost_hydrogen_storage: 0.0
ci_cost_onwind: 0.0
ci_cost_solar: 0.0
ci_demand_total: 33647160.0
ci_emission_rate_local: 0.10714199379086717
ci_emission_rate_myopic: 0.09641082099422739
ci_emission_rate_true: 0.10477076367404077
ci_emissions: 3525238.648662637
ci_fraction_clean: 0.0
ci_fraction_clean_excess: 0.0
ci_fraction_clean_used: 0.8342443363650264
ci_fraction_clean_used_grid: 0.8342443363650264
ci_fraction_clean_used_local: 0.0
ci_generation_battery_discharger: -0.0
ci_generation_onwind: 0.0
ci_generation_solar: 0.0
ci_marginal_cost_grid: 4662070054.266287
ci_marginal_cost_onwind: 0.0
ci_marginal_cost_solar: 0.0
ci_revenue_grid: 0.0
ci_total_cost: 4662070054.266287
co2_price: 130.0
emissions: 310042774.9044318
emissions_zone: 50.38053100423458
objective: 167025425917.02594
system_emission_rate: 0.09747089419384272
system_emissions: 103347591.63481109
system_grid_cfe_wavg: 0.8289145879056945
system_inv_H2_Electrolysis-2030: 7940.048062560377
system_inv_H2_Fuel_Cell-2030: 1740.393211323748
system_inv_OCGT-2030: 70720.42529308001
system_inv_battery_charger-2030: 27989.13033393133
system_inv_battery_discharger-2030: 28566.283526296625
system_inv_offwind-ac-2030: 1084.1039541461664
system_inv_offwind-dc-2030: 54354.42446780772
system_inv_onwind-2030: 221382.12207431285
system_inv_solar-2030: 392830.94669989246
system_inv_solar_rooftop-2030: 0.0
zone_average_marginal_price: 138.55760944657104
