ci_average cost: 105.55778592092321
ci_average_revenue: 24.867275422247573
ci_cap_battery_charger: 0.0
ci_cap_battery_discharger: 0.0
ci_cap_onwind: 17909.059856932312
ci_cap_solar: 10439.275981179178
ci_capital_cost_battery_inverter: 0.0
ci_capital_cost_battery_storage: 0.0
ci_capital_cost_grid: 0.0
ci_capital_cost_hydrogen_electrolysis: 0.0
ci_capital_cost_hydrogen_fuel_cell: 0.0
ci_capital_cost_hydrogen_storage: 0.0
ci_capital_cost_onwind: 1959021329.6621032
ci_capital_cost_solar: 500990706.39532673
ci_clean_excess_total: 6729431.430291813
ci_clean_total: 33647160.00002177
ci_clean_used_grid_total: 4716187.028063784
ci_clean_used_local_total: 26917728.569729954
ci_clean_used_total: 31633915.59779374
ci_cost_battery_inverter: 0.0
ci_cost_battery_storage: 0.0
ci_cost_grid: 1091250454.7079823
ci_cost_hydrogen_electrolysis: 0.0
ci_cost_hydrogen_fuel_cell: 0.0
ci_cost_hydrogen_storage: 0.0
ci_cost_onwind: 1959383578.947016
ci_cost_solar: 501085678.47205174
ci_demand_total: 33647160.0
ci_emission_rate_local: 0.029082618241541208
ci_emission_rate_myopic: 0.026867401758157366
ci_emission_rate_true: 0.03317928618408514
ci_emissions: 1116388.7509217022
ci_fraction_clean: 1.000000000000647
ci_fraction_clean_excess: 0.19999998306816424
ci_fraction_clean_used: 0.9401659931415828
ci_fraction_clean_used_grid: 0.1401659762091001
ci_fraction_clean_used_local: 0.8000000169324827
ci_generation_battery_discharger: -0.0
ci_generation_onwind: 24149952.32752308
ci_generation_solar: 9497207.672498688
ci_marginal_cost_grid: 1091250454.7079823
ci_marginal_cost_onwind: 362249.28491284716
ci_marginal_cost_solar: 94972.07672498641
ci_revenue_grid: 836713194.8964317
ci_total_cost: 3551719712.1270504
co2_price: 130.0
emissions: 296504595.286028
emissions_zone: 47.39669966222456
objective: 165126190671.63406
system_emission_rate: 0.09321477671595739
system_emissions: 98834865.09534264
system_grid_cfe_wavg: 0.8518344741335965
system_inv_H2_Electrolysis-2030: 7856.916598177919
system_inv_H2_Fuel_Cell-2030: 1727.0186442970796
system_inv_OCGT-2030: 68711.96880561583
system_inv_battery_charger-2030: 27851.473749596254
system_inv_battery_discharger-2030: 28425.788377985056
system_inv_offwind-ac-2030: 1084.0772863193133
system_inv_offwind-dc-2030: 54838.48754358032
system_inv_onwind-2030: 223629.34113398546
system_inv_solar-2030: 389670.1055155148
system_inv_solar_rooftop-2030: 0.0
zone_average_marginal_price: 134.49417411527082
