ci_average cost: 147.95551118639685
ci_average_revenue: 31.773432168999822
ci_cap_battery_charger: 722.2864987003926
ci_cap_battery_discharger: 737.1804933888203
ci_cap_onwind: 3551.097580223423
ci_cap_solar: 1412.6892575431289
ci_capital_cost_battery_inverter: 17194294.827231765
ci_capital_cost_battery_storage: 252293223.30542034
ci_capital_cost_grid: 0.0
ci_capital_cost_hydrogen_electrolysis: 0.0
ci_capital_cost_hydrogen_fuel_cell: 0.0
ci_capital_cost_hydrogen_storage: 0.0
ci_capital_cost_onwind: 388444505.6827675
ci_capital_cost_solar: 67796290.69387606
ci_clean_excess_total: 981119.6854721166
ci_clean_total: 5886719.67957131
ci_clean_used_grid_total: 0.2073878515579881
ci_clean_used_local_total: 4905599.994099194
ci_clean_used_total: 4905600.201487046
ci_cost_battery_inverter: 17194294.827231765
ci_cost_battery_storage: 252293223.30542034
ci_cost_grid: 20.936584646992976
ci_cost_hydrogen_electrolysis: 0.0
ci_cost_hydrogen_fuel_cell: 0.0
ci_cost_hydrogen_storage: 0.0
ci_cost_onwind: 388513222.8528475
ci_cost_solar: 67809793.75390407
ci_demand_total: 4905600.0
ci_emission_rate_local: 1.53160440791555e-09
ci_emission_rate_myopic: 1.722696793947337e-09
ci_emission_rate_true: 5.06276241587761e-10
ci_emissions: 0.0024835887307329205
ci_fraction_clean: 1.19999993468104
ci_fraction_clean_excess: 0.19999993588391157
ci_fraction_clean_used: 1.0000000410728649
ci_fraction_clean_used_grid: 4.227573621126633e-08
ci_fraction_clean_used_local: 0.9999999987971286
ci_generation_battery_discharger: 1073546.703834658
ci_generation_onwind: 4581144.672000475
ci_generation_solar: 1350306.0028016083
ci_marginal_cost_grid: 20.936584646992976
ci_marginal_cost_onwind: 68717.17008000716
ci_marginal_cost_solar: 13503.060028016082
ci_revenue_grid: 155867748.84824553
ci_total_cost: 725810555.6759883
co2_price: 130.0
emissions: 296049342.19590664
emissions_zone: 0.9253022587816115
objective: 164836004644.6287
system_emission_rate: 0.09223821434933296
system_emissions: 98683114.06530222
system_grid_cfe_wavg: 0.8924071737714039
system_inv_H2_Electrolysis-2030: 7885.699178845953
system_inv_H2_Fuel_Cell-2030: 1737.761842484181
system_inv_OCGT-2030: 68682.41026144967
system_inv_battery_charger-2030: 27965.54586619895
system_inv_battery_discharger-2030: 28542.212732241158
system_inv_offwind-ac-2030: 6119.166464161498
system_inv_offwind-dc-2030: 58181.74119485425
system_inv_onwind-2030: 221355.03985910898
system_inv_solar-2030: 391690.727920184
system_inv_solar_rooftop-2030: 0.0
zone_average_marginal_price: 131.5818513207103
