ci_average cost: 80.33947700329276
ci_average_revenue: 29.66433600233508
ci_cap_battery_charger: 1351.3300826824236
ci_cap_battery_discharger: 1379.1953454417283
ci_cap_onwind: 1198.6756002126149
ci_cap_solar: 1677.1927893696886
ci_capital_cost_battery_inverter: 32168907.895074904
ci_capital_cost_battery_storage: 51456507.617350526
ci_capital_cost_grid: 0.0
ci_capital_cost_hydrogen_electrolysis: 0.0
ci_capital_cost_hydrogen_fuel_cell: 0.0
ci_capital_cost_hydrogen_storage: 0.0
ci_capital_cost_onwind: 131119728.61339639
ci_capital_cost_solar: 80490064.81123383
ci_clean_excess_total: 981118.5454256863
ci_clean_total: 5211503.315066861
ci_clean_used_grid_total: 518125.12000911485
ci_clean_used_local_total: 4230384.769641175
ci_clean_used_total: 4748509.88965029
ci_cost_battery_inverter: 32168907.895074904
ci_cost_battery_storage: 51456507.617350526
ci_cost_grid: 98807347.1042732
ci_cost_hydrogen_electrolysis: 0.0
ci_cost_hydrogen_fuel_cell: 0.0
ci_cost_hydrogen_storage: 0.0
ci_cost_onwind: 131174446.50449698
ci_cost_solar: 80506129.26615734
ci_demand_total: 4905600.0
ci_emission_rate_local: 0.0138093237288113
ci_emission_rate_myopic: 0.01739315156362117
ci_emission_rate_true: 0.017812016785968315
ci_emissions: 87378.62954524615
ci_fraction_clean: 1.0623579817080195
ci_fraction_clean_excess: 0.19999970348697127
ci_fraction_clean_used: 0.9679773910735262
ci_fraction_clean_used_grid: 0.10561911285247776
ci_fraction_clean_used_local: 0.8623582782210484
ci_generation_battery_discharger: 1027240.7125317882
ci_generation_onwind: 3647859.4067056235
ci_generation_solar: 1606445.4923511082
ci_marginal_cost_grid: 98807347.1042732
ci_marginal_cost_onwind: 54717.89110058437
ci_marginal_cost_solar: 16064.454923511079
ci_revenue_grid: 145521366.69305497
ci_total_cost: 394113338.38735294
co2_price: 130.0
emissions: 296566936.1207736
emissions_zone: 0.9141681106552733
objective: 164513957677.57968
system_emission_rate: 0.09239947780303165
system_emissions: 98855645.373591
system_grid_cfe_wavg: 0.8927966715971389
system_inv_H2_Electrolysis-2030: 7950.498149501164
system_inv_H2_Fuel_Cell-2030: 1750.2782809953508
system_inv_OCGT-2030: 68959.88478172527
system_inv_battery_charger-2030: 27077.103261711934
system_inv_battery_discharger-2030: 27635.449891316082
system_inv_offwind-ac-2030: 6127.086949474764
system_inv_offwind-dc-2030: 58181.72581363273
system_inv_onwind-2030: 221645.67311310317
system_inv_solar-2030: 390948.96415574726
system_inv_solar_rooftop-2030: 0.0
zone_average_marginal_price: 131.32624987882556
