ci_average cost: 80.33943269400207
ci_average_revenue: 29.664303262079855
ci_cap_battery_charger: 1351.3308943759396
ci_cap_battery_discharger: 1379.196173872867
ci_cap_onwind: 1198.6749777459981
ci_cap_solar: 1677.1905443714732
ci_capital_cost_battery_inverter: 32168927.217736546
ci_capital_cost_battery_storage: 51456538.12065555
ci_capital_cost_grid: 0.0
ci_capital_cost_hydrogen_electrolysis: 0.0
ci_capital_cost_hydrogen_fuel_cell: 0.0
ci_capital_cost_hydrogen_storage: 0.0
ci_capital_cost_onwind: 131119660.52353635
ci_capital_cost_solar: 80489957.07165076
ci_clean_excess_total: 981118.4157089
ci_clean_total: 5211502.50211442
ci_clean_used_grid_total: 518089.6168693905
ci_clean_used_local_total: 4230384.086405519
ci_clean_used_total: 4748473.703274909
ci_cost_battery_inverter: 32168927.217736546
ci_cost_battery_storage: 51456538.12065555
ci_cost_grid: 98807264.04796797
ci_cost_hydrogen_electrolysis: 0.0
ci_cost_hydrogen_fuel_cell: 0.0
ci_cost_hydrogen_storage: 0.0
ci_cost_onwind: 131174369.45159581
ci_cost_solar: 80506022.1857407
ci_demand_total: 4905600.0
ci_emission_rate_local: 0.013798711818451256
ci_emission_rate_myopic: 0.01738885915334136
ci_emission_rate_true: 0.017804565317019367
ci_emissions: 87342.0756191702
ci_fraction_clean: 1.0623578159887517
ci_fraction_clean_excess: 0.19999967704437785
ci_fraction_clean_used: 0.967970014529295
ci_fraction_clean_used_grid: 0.10561187558492141
ci_fraction_clean_used_local: 0.8623581389443736
ci_generation_battery_discharger: 1014501.3235136499
ci_generation_onwind: 3647261.8706310047
ci_generation_solar: 1606511.408994287
ci_marginal_cost_grid: 98807264.04796797
ci_marginal_cost_onwind: 54708.928059465085
ci_marginal_cost_solar: 16065.114089942868
ci_revenue_grid: 145521206.08245894
ci_total_cost: 394113121.02369654
co2_price: 130.0
emissions: 296567457.6377713
emissions_zone: 0.9144347971589508
objective: 164513956846.1469
system_emission_rate: 0.09239964028877258
system_emissions: 98855819.2125906
system_grid_cfe_wavg: 0.892535076125328
system_inv_H2_Electrolysis-2030: 7950.160806610589
system_inv_H2_Fuel_Cell-2030: 1750.1573247670256
system_inv_OCGT-2030: 68960.05086245955
system_inv_battery_charger-2030: 27076.34952986003
system_inv_battery_discharger-2030: 27634.680617046844
system_inv_offwind-ac-2030: 6127.135203143224
system_inv_offwind-dc-2030: 58181.750914424454
system_inv_onwind-2030: 221644.91654674226
system_inv_solar-2030: 390949.59266196156
system_inv_solar_rooftop-2030: 0.0
zone_average_marginal_price: 131.32619888073583
