ci_average cost: 80.33944576255674
ci_average_revenue: 29.66414570275283
ci_cap_battery_charger: 1351.3306997749128
ci_cap_battery_discharger: 1379.1959752590465
ci_cap_onwind: 1198.675552347913
ci_cap_solar: 1677.1914753278054
ci_capital_cost_battery_inverter: 32168922.585187778
ci_capital_cost_battery_storage: 51456531.74029848
ci_capital_cost_grid: 0.0
ci_capital_cost_hydrogen_electrolysis: 0.0
ci_capital_cost_hydrogen_fuel_cell: 0.0
ci_capital_cost_hydrogen_storage: 0.0
ci_capital_cost_onwind: 131119723.37761223
ci_capital_cost_solar: 80490001.74912374
ci_clean_excess_total: 981118.6565067795
ci_clean_total: 5211502.9578433875
ci_clean_used_grid_total: 517875.6813725346
ci_clean_used_local_total: 4230384.301336608
ci_clean_used_total: 4748259.982709142
ci_cost_battery_inverter: 32168922.585187778
ci_cost_battery_storage: 51456531.74029848
ci_cost_grid: 98807240.11294878
ci_cost_hydrogen_electrolysis: 0.0
ci_cost_hydrogen_fuel_cell: 0.0
ci_cost_hydrogen_storage: 0.0
ci_cost_onwind: 131174421.14825648
ci_cost_solar: 80506069.5461068
ci_demand_total: 4905600.0
ci_emission_rate_local: 0.013808975587150017
ci_emission_rate_myopic: 0.017391923587863484
ci_emission_rate_true: 0.01781287267740701
ci_emissions: 87382.82820628781
ci_fraction_clean: 1.0623579088884922
ci_fraction_clean_excess: 0.19999972613070358
ci_fraction_clean_used: 0.9679264478777606
ci_fraction_clean_used_grid: 0.10556826511997199
ci_fraction_clean_used_local: 0.8623581827577886
ci_generation_battery_discharger: 1003077.4352089728
ci_generation_onwind: 3646518.0429500258
ci_generation_solar: 1606779.6983064949
ci_marginal_cost_grid: 98807240.11294878
ci_marginal_cost_onwind: 54697.770644250406
ci_marginal_cost_solar: 16067.796983064945
ci_revenue_grid: 145520433.15942428
ci_total_cost: 394113185.1327983
co2_price: 130.0
emissions: 296567284.04532987
emissions_zone: 0.9133359407706878
objective: 164513949038.47968
system_emission_rate: 0.09239958620367728
system_emissions: 98855761.34844323
system_grid_cfe_wavg: 0.8934097740760143
system_inv_H2_Electrolysis-2030: 7950.26771582517
system_inv_H2_Fuel_Cell-2030: 1750.2316592684354
system_inv_OCGT-2030: 68959.69036969355
system_inv_battery_charger-2030: 27077.23900401154
system_inv_battery_discharger-2030: 27635.588432705925
system_inv_offwind-ac-2030: 6127.074196228011
system_inv_offwind-dc-2030: 58181.69942624705
system_inv_onwind-2030: 221644.0577715978
system_inv_solar-2030: 390953.02311812626
system_inv_solar_rooftop-2030: 0.0
zone_average_marginal_price: 131.32612091936244
