ci_average cost: 84.58093030969707
ci_average_revenue: 32.72007509641232
ci_cap_battery_charger: 1748.508905421208
ci_cap_battery_discharger: 1784.5642413535145
ci_cap_onwind: 1320.1039996823968
ci_cap_solar: 1848.32800001305
ci_capital_cost_battery_inverter: 41623895.34062629
ci_capital_cost_battery_storage: 66580498.74127854
ci_capital_cost_grid: 0.0
ci_capital_cost_hydrogen_electrolysis: 0.0
ci_capital_cost_hydrogen_fuel_cell: 0.0
ci_capital_cost_hydrogen_storage: 0.0
ci_capital_cost_onwind: 144402437.28087306
ci_capital_cost_solar: 88703005.07872987
ci_clean_excess_total: 981118.4451091259
ci_clean_total: 5398063.641670797
ci_clean_used_grid_total: 390544.2223039371
ci_clean_used_local_total: 4416945.196561672
ci_clean_used_total: 4807489.418865609
ci_cost_battery_inverter: 41623895.34062629
ci_cost_battery_storage: 66580498.74127854
ci_cost_grid: 73537430.72972524
ci_cost_hydrogen_electrolysis: 0.0
ci_cost_hydrogen_fuel_cell: 0.0
ci_cost_hydrogen_storage: 0.0
ci_cost_onwind: 144457681.8641428
ci_cost_solar: 88720705.05147703
ci_demand_total: 4905600.0
ci_emission_rate_local: 0.008429026951800027
ci_emission_rate_myopic: 0.011395686308375204
ci_emission_rate_true: 0.011630922776064022
ci_emissions: 57056.65477025969
ci_fraction_clean: 1.1003880548089524
ci_fraction_clean_excess: 0.1999996830375746
ci_fraction_clean_used: 0.9800002892338571
ci_fraction_clean_used_grid: 0.07961191746247902
ci_fraction_clean_used_local: 0.900388371771378
ci_generation_battery_discharger: 1317743.88404073
ci_generation_onwind: 3682972.2179836263
ci_generation_solar: 1769997.2747157805
ci_marginal_cost_grid: 73537430.72972524
ci_marginal_cost_onwind: 55244.58326975441
ci_marginal_cost_solar: 17699.9727471578
ci_revenue_grid: 160511600.39296028
ci_total_cost: 414920211.7272499
co2_price: 130.0
emissions: 296533958.7429072
emissions_zone: 0.9266297282953359
objective: 164518409538.48416
system_emission_rate: 0.092389203250737
system_emissions: 98844652.91430269
system_grid_cfe_wavg: 0.8937659037185858
system_inv_H2_Electrolysis-2030: 7988.3166828309795
system_inv_H2_Fuel_Cell-2030: 1756.7994966664967
system_inv_OCGT-2030: 69001.9113422355
system_inv_battery_charger-2030: 26636.871837405382
system_inv_battery_discharger-2030: 27186.140622543244
system_inv_offwind-ac-2030: 6136.848483585415
system_inv_offwind-dc-2030: 58181.764385285984
system_inv_onwind-2030: 221636.22423775546
system_inv_solar-2030: 390863.8686741136
system_inv_solar_rooftop-2030: 0.0
zone_average_marginal_price: 131.12143065964193
