ci_average cost: 80.33945159121785
ci_average_revenue: 29.664253488519993
ci_cap_battery_charger: 1351.3323483768984
ci_cap_battery_discharger: 1379.1976578562255
ci_cap_onwind: 1198.6748197939485
ci_cap_solar: 1677.1890039454245
ci_capital_cost_battery_inverter: 32168961.830762275
ci_capital_cost_battery_storage: 51456566.63359968
ci_capital_cost_grid: 0.0
ci_capital_cost_hydrogen_electrolysis: 0.0
ci_capital_cost_hydrogen_fuel_cell: 0.0
ci_capital_cost_hydrogen_storage: 0.0
ci_capital_cost_onwind: 131119643.24560905
ci_capital_cost_solar: 80489883.1451509
ci_clean_excess_total: 981118.4930137948
ci_clean_total: 5211501.760568822
ci_clean_used_grid_total: 517798.77311851236
ci_clean_used_local_total: 4230383.267555026
ci_clean_used_total: 4748182.040673539
ci_cost_battery_inverter: 32168961.830762275
ci_cost_battery_storage: 51456566.63359968
ci_cost_grid: 98807387.74578327
ci_cost_hydrogen_electrolysis: 0.0
ci_cost_hydrogen_fuel_cell: 0.0
ci_cost_hydrogen_storage: 0.0
ci_cost_onwind: 131174347.88522384
ci_cost_solar: 80505949.6305092
ci_demand_total: 4905600.0
ci_emission_rate_local: 0.013815333607065697
ci_emission_rate_myopic: 0.01739216170761165
ci_emission_rate_true: 0.01781570954834989
ci_emissions: 87396.74476038522
ci_fraction_clean: 1.0623576648256732
ci_fraction_clean_excess: 0.19999969280287727
ci_fraction_clean_used: 0.9679105594980306
ci_fraction_clean_used_grid: 0.10555258747523491
ci_fraction_clean_used_local: 0.8623579720227956
ci_generation_battery_discharger: 1010948.6439134402
ci_generation_onwind: 3646975.9743193
ci_generation_solar: 1606648.5358304938
ci_marginal_cost_grid: 98807387.74578327
ci_marginal_cost_onwind: 54704.63961478952
ci_marginal_cost_solar: 16066.485358304935
ci_revenue_grid: 145520961.91328368
ci_total_cost: 394113213.7258783
co2_price: 130.0
emissions: 296567060.40134627
emissions_zone: 0.9132071182618251
objective: 164513939793.93326
system_emission_rate: 0.09239951652434096
system_emissions: 98855686.80044875
system_grid_cfe_wavg: 0.8927520456952498
system_inv_H2_Electrolysis-2030: 7950.333593027128
system_inv_H2_Fuel_Cell-2030: 1750.244865373397
system_inv_OCGT-2030: 68959.86234716675
system_inv_battery_charger-2030: 27077.040229002534
system_inv_battery_discharger-2030: 27635.3855588332
system_inv_offwind-ac-2030: 6127.09509051097
system_inv_offwind-dc-2030: 58181.68189149598
system_inv_onwind-2030: 221644.2032124932
system_inv_solar-2030: 390952.7110642156
system_inv_solar_rooftop-2030: 0.0
zone_average_marginal_price: 131.32616815051142
