ci_average cost: 97.23563363411921
ci_average_revenue: 35.955696152504494
ci_cap_battery_charger: 1988.6856187953283
ci_cap_battery_discharger: 2029.6935472234304
ci_cap_onwind: 1659.3723832602805
ci_cap_solar: 1849.643920198214
ci_capital_cost_battery_inverter: 47341390.02981218
ci_capital_cost_battery_storage: 122252612.09354891
ci_capital_cost_grid: 0.0
ci_capital_cost_hydrogen_electrolysis: 0.0
ci_capital_cost_hydrogen_fuel_cell: 0.0
ci_capital_cost_hydrogen_storage: 0.0
ci_capital_cost_onwind: 181514044.76996127
ci_capital_cost_solar: 88766157.33031453
ci_clean_excess_total: 981118.8699578699
ci_clean_total: 5654056.741227275
ci_clean_used_grid_total: 183607.1213801209
ci_clean_used_local_total: 4672937.871269405
ci_clean_used_total: 4856544.992649525
ci_cost_battery_inverter: 47341390.02981218
ci_cost_battery_storage: 122252612.09354891
ci_cost_grid: 37048125.178886265
ci_cost_hydrogen_electrolysis: 0.0
ci_cost_hydrogen_fuel_cell: 0.0
ci_cost_hydrogen_storage: 0.0
ci_cost_onwind: 181573145.8696018
ci_cost_solar: 88783851.18368612
ci_demand_total: 4905600.0
ci_emission_rate_local: 0.0036304941829327555
ci_emission_rate_myopic: 0.005649258398691029
ci_emission_rate_true: 0.005653804430311579
ci_emissions: 27735.30301333649
ci_fraction_clean: 1.1525719058274777
ci_fraction_clean_excess: 0.19999976964242291
ci_fraction_clean_used: 0.9900002023502783
ci_fraction_clean_used_grid: 0.0374280661652236
ci_fraction_clean_used_local: 0.9525721361850548
ci_generation_battery_discharger: 1329649.2178151815
ci_generation_onwind: 3940073.309368429
ci_generation_solar: 1769385.3371589985
ci_marginal_cost_grid: 37048125.178886265
ci_marginal_cost_onwind: 59101.09964052645
ci_marginal_cost_solar: 17693.853371589983
ci_revenue_grid: 176384263.04572606
ci_total_cost: 476999124.3555352
co2_price: 130.0
emissions: 296448942.3470748
emissions_zone: 0.9249714542024089
objective: 164564074884.66473
system_emission_rate: 0.09236271523193591
system_emissions: 98816314.1156914
system_grid_cfe_wavg: 0.8940172943283171
system_inv_H2_Electrolysis-2030: 8000.542112630172
system_inv_H2_Fuel_Cell-2030: 1759.2653024740064
system_inv_OCGT-2030: 68681.67728738059
system_inv_battery_charger-2030: 26716.49806371024
system_inv_battery_discharger-2030: 27267.408790922036
system_inv_offwind-ac-2030: 6148.946574334854
system_inv_offwind-dc-2030: 58181.786116870426
system_inv_onwind-2030: 221624.45723820015
system_inv_solar-2030: 390835.83261218073
system_inv_solar_rooftop-2030: 0.0
zone_average_marginal_price: 130.952770982506
