ci_average cost: 134.01589551334214
ci_average_revenue: 0.0
ci_cap_battery_charger: 0.0
ci_cap_battery_discharger: 0.0
ci_cap_onwind: 0.0
ci_cap_solar: 0.0
ci_capital_cost_battery_inverter: 0.0
ci_capital_cost_battery_storage: 0.0
ci_capital_cost_grid: 0.0
ci_capital_cost_hydrogen_electrolysis: 0.0
ci_capital_cost_hydrogen_fuel_cell: 0.0
ci_capital_cost_hydrogen_storage: 0.0
ci_capital_cost_onwind: 0.0
ci_capital_cost_solar: 0.0
ci_clean_excess_total: 0.0
ci_clean_total: 0.0
ci_clean_used_grid_total: 4380717.499017079
ci_clean_used_local_total: 0.0
ci_clean_used_total: 4380717.499017079
ci_cost_battery_inverter: 0.0
ci_cost_battery_storage: 0.0
ci_cost_grid: 657428377.0302513
ci_cost_hydrogen_electrolysis: 0.0
ci_cost_hydrogen_fuel_cell: 0.0
ci_cost_hydrogen_storage: 0.0
ci_cost_onwind: 0.0
ci_cost_solar: 0.0
ci_demand_total: 4905600.0
ci_emission_rate_local: 0.08128528494979524
ci_emission_rate_myopic: 0.09189351841438392
ci_emission_rate_true: 0.07408757165435306
ci_emissions: 363443.99150759436
ci_fraction_clean: 0.0
ci_fraction_clean_excess: 0.0
ci_fraction_clean_used: 0.8930034040723009
ci_fraction_clean_used_grid: 0.8930034040723009
ci_fraction_clean_used_local: 0.0
ci_generation_battery_discharger: -0.0
ci_generation_onwind: 0.0
ci_generation_solar: 0.0
ci_marginal_cost_grid: 657428377.0302513
ci_marginal_cost_onwind: 0.0
ci_marginal_cost_solar: 0.0
ci_revenue_grid: 0.0
ci_total_cost: 657428377.0302513
co2_price: 130.0
emissions: 298484172.80413467
emissions_zone: 0.9435415496881965
objective: 164919279193.79645
system_emission_rate: 0.09299681906664214
system_emissions: 99494724.26804505
system_grid_cfe_wavg: 0.8889389396276228
system_inv_H2_Electrolysis-2030: 7887.722212490235
system_inv_H2_Fuel_Cell-2030: 1739.0249217437438
system_inv_OCGT-2030: 69431.2894290127
system_inv_battery_charger-2030: 28236.531763150193
system_inv_battery_discharger-2030: 28818.786526124008
system_inv_offwind-ac-2030: 5969.681285342371
system_inv_offwind-dc-2030: 58181.77872288728
system_inv_onwind-2030: 220816.58997226311
system_inv_solar-2030: 392526.2346237958
system_inv_solar_rooftop-2030: 0.0
zone_average_marginal_price: 134.01589551334217
