ci_average cost: 81.02029395628382
ci_average_revenue: 25.432084515734875
ci_cap_battery_charger: 0.0
ci_cap_battery_discharger: 0.0
ci_cap_onwind: 1747.0130159513353
ci_cap_solar: 925.4870006327492
ci_capital_cost_battery_inverter: 0.0
ci_capital_cost_battery_storage: 0.0
ci_capital_cost_grid: 0.0
ci_capital_cost_hydrogen_electrolysis: 0.0
ci_capital_cost_hydrogen_fuel_cell: 0.0
ci_capital_cost_hydrogen_storage: 0.0
ci_capital_cost_onwind: 191100805.33463714
ci_capital_cost_solar: 44414994.58799824
ci_clean_excess_total: 981119.0365334821
ci_clean_total: 4905600.000017999
ci_clean_used_grid_total: 742824.4498945747
ci_clean_used_local_total: 3924480.9634845164
ci_clean_used_total: 4667305.413379091
ci_cost_battery_inverter: 0.0
ci_cost_battery_storage: 0.0
ci_cost_grid: 161868153.5875048
ci_cost_hydrogen_electrolysis: 0.0
ci_cost_hydrogen_fuel_cell: 0.0
ci_cost_hydrogen_storage: 0.0
ci_cost_onwind: 191161238.90005383
ci_cost_solar: 44423761.5443873
ci_demand_total: 4905600.0
ci_emission_rate_local: 0.02117409060522095
ci_emission_rate_myopic: 0.025266435026962783
ci_emission_rate_true: 0.027625850804036973
ci_emissions: 135521.3737042838
ci_fraction_clean: 1.000000000003669
ci_fraction_clean_excess: 0.19999980359863873
ci_fraction_clean_used: 0.951423967176103
ci_fraction_clean_used_grid: 0.1514237707710728
ci_fraction_clean_used_local: 0.8000001964050303
ci_generation_battery_discharger: -0.0
ci_generation_onwind: 4028904.361112129
ci_generation_solar: 876695.6389058696
ci_marginal_cost_grid: 161868153.5875048
ci_marginal_cost_onwind: 60433.56541668195
ci_marginal_cost_solar: 8766.956389058694
ci_revenue_grid: 124759633.800389
ci_total_cost: 397453154.03194594
co2_price: 130.0
emissions: 296569771.23874193
emissions_zone: 0.9276028935167084
objective: 164538593240.6285
system_emission_rate: 0.09240036112274129
system_emissions: 98856590.41291422
system_grid_cfe_wavg: 0.8928230698909043
system_inv_H2_Electrolysis-2030: 7899.6589025181975
system_inv_H2_Fuel_Cell-2030: 1740.4434711372633
system_inv_OCGT-2030: 69197.81921779642
system_inv_battery_charger-2030: 28186.882388967453
system_inv_battery_discharger-2030: 28768.113351113352
system_inv_offwind-ac-2030: 6117.8906789349985
system_inv_offwind-dc-2030: 58181.730794858326
system_inv_onwind-2030: 221427.40963677756
system_inv_solar-2030: 391497.9964702361
system_inv_solar_rooftop-2030: 0.0
zone_average_marginal_price: 131.17969938241555
