ci_average cost: 86.79990198878815
ci_average_revenue: 20.58689587610421
ci_cap_H2_Electrolysis: 4.475861489389865
ci_cap_H2_Fuel_Cell: 10.044874016425581
ci_cap_adv_geothermal: 0.00051715756996033
ci_cap_allam_ccs: 188.91096881328951
ci_cap_battery_charger: 24.48244599649134
ci_cap_battery_discharger: 24.98728918723014
ci_cap_onwind: 465.9130824084348
ci_cap_solar: 204.05263145934464
ci_capital_cost_adv_geothermal: 416.7586861164886
ci_capital_cost_allam_ccs: 48251351.31771558
ci_capital_cost_battery_inverter: 778320.7340652128
ci_capital_cost_battery_storage: 5388226.755013096
ci_capital_cost_grid: 0.0
ci_capital_cost_hydrogen_electrolysis: 378065.1779803334
ci_capital_cost_hydrogen_fuel_cell: 2318889.334189136
ci_capital_cost_hydrogen_storage: 123974.98055459748
ci_capital_cost_onwind: 53477984.928404704
ci_capital_cost_solar: 11284355.028555099
ci_clean_excess_total: 392447.98337328853
ci_clean_total: 2354687.9773027757
ci_clean_used_grid_total: 0.01791514998899408
ci_clean_used_local_total: 1962239.9939294874
ci_clean_used_total: 1962240.0118446373
ci_cost_adv_geothermal: 416.7586861164886
ci_cost_allam_ccs: 96546161.73994884
ci_cost_battery_inverter: 778320.7340652128
ci_cost_battery_storage: 5388226.755013096
ci_cost_grid: 1.6244497062146053
ci_cost_hydrogen_electrolysis: 378065.1779803334
ci_cost_hydrogen_fuel_cell: 2318889.334189136
ci_cost_hydrogen_storage: 123974.98055459748
ci_cost_onwind: 53501872.73249358
ci_cost_solar: 11286309.841098987
ci_demand_total: 1962239.9999999998
ci_emission_rate_local: 2.7254378730814573e-10
ci_emission_rate_myopic: 4.271626558765112e-10
ci_emission_rate_true: 2.7105494827630495e-10
ci_emissions: 0.0005318748617056965
ci_fraction_clean: 1.199999988433003
ci_fraction_clean_excess: 0.19999999152666778
ci_fraction_clean_used: 1.000000006036284
ci_fraction_clean_used_grid: 9.129948420679469e-09
ci_fraction_clean_used_local: 0.9999999969063355
ci_generation_H2_Fuel_Cell: 7333.991379888079
ci_generation_adv_geothermal: 3.680473106829906
ci_generation_allam_ccs: 583062.0109999545
ci_generation_battery_discharger: 43697.41787457088
ci_generation_onwind: 1592520.272591529
ci_generation_solar: 195481.2543887176
ci_marginal_cost_adv_geothermal: 0.0
ci_marginal_cost_allam_ccs: 48294810.42223327
ci_marginal_cost_grid: 1.6244497062146053
ci_marginal_cost_onwind: 23887.80408887294
ci_marginal_cost_solar: 1954.812543887176
ci_revenue_grid: 40396430.56392673
ci_total_cost: 170322239.67847964
co2_price: 80.0
emissions: 510897941.5188402
emissions_zone: 5.273303076940826
objective: 141956082821.01404
system_emission_rate: 0.1590313898897958
system_emissions: 170299313.83961374
system_grid_cfe_wavg: 0.8065365100299633
system_inv_H2_Electrolysis-2025: 107.69188831153099
system_inv_H2_Fuel_Cell-2025: 22.42122470915228
system_inv_OCGT-2025: 17016.74103057532
system_inv_battery_charger-2025: 1714.8621116179231
system_inv_battery_discharger-2025: 1750.2236298351122
system_inv_offwind-ac-2025: 542.034014329364
system_inv_offwind-dc-2025: 34742.32161430679
system_inv_onwind-2025: 114142.46640445683
system_inv_solar-2025: 189031.11252629088
system_inv_solar_rooftop-2025: 0.0
zone_average_marginal_price: 108.22693798539643
