ci_average cost: 69.30673442339747
ci_average_revenue: 21.516678518765772
ci_cap_H2_Electrolysis: 0.004618355608888775
ci_cap_H2_Fuel_Cell: 0.0015252324633760123
ci_cap_adv_geothermal: 0.00034729940476039704
ci_cap_allam_ccs: 0.0006025144726507975
ci_cap_battery_charger: 0.008540941867338229
ci_cap_battery_discharger: 0.008717061375366125
ci_cap_onwind: 526.0884401948189
ci_cap_solar: 237.62690240685097
ci_capital_cost_adv_geothermal: 279.87609971190085
ci_capital_cost_allam_ccs: 153.89332698100372
ci_capital_cost_battery_inverter: 271.52483639697147
ci_capital_cost_battery_storage: 459.82848174218344
ci_capital_cost_grid: 0.0
ci_capital_cost_hydrogen_electrolysis: 390.1013110861525
ci_capital_cost_hydrogen_fuel_cell: 352.1044948595807
ci_capital_cost_hydrogen_storage: 218.02217558580142
ci_capital_cost_onwind: 60384974.66161111
ci_capital_cost_solar: 13141052.442781042
ci_clean_excess_total: 392446.8929176675
ci_clean_total: 1808377.0196952478
ci_clean_used_grid_total: 364941.9989360542
ci_clean_used_local_total: 1415930.1267775802
ci_clean_used_total: 1780872.1257136343
ci_cost_adv_geothermal: 279.87609971190085
ci_cost_allam_ccs: 352.0225300904691
ci_cost_battery_inverter: 271.52483639697147
ci_cost_battery_storage: 459.82848174218344
ci_cost_grid: 62442106.83119875
ci_cost_hydrogen_electrolysis: 390.1013110861525
ci_cost_hydrogen_fuel_cell: 352.1044948595807
ci_cost_hydrogen_storage: 218.02217558580142
ci_cost_onwind: 60408690.44864199
ci_cost_solar: 13143325.795197224
ci_demand_total: 1962239.9999999998
ci_emission_rate_local: 0.12953328684190904
ci_emission_rate_myopic: 0.05318623858095274
ci_emission_rate_true: 0.09597665709860655
ci_emissions: 188329.23562516968
ci_fraction_clean: 0.9215880930443003
ci_fraction_clean_excess: 0.19999943580686744
ci_fraction_clean_used: 0.9075710034010287
ci_fraction_clean_used_grid: 0.1859823461635958
ci_fraction_clean_used_local: 0.7215886572374329
ci_generation_H2_Fuel_Cell: 7.069581767403385
ci_generation_adv_geothermal: 2.162333731647804
ci_generation_allam_ccs: 2.3920088016256327
ci_generation_battery_discharger: 29.073109613025718
ci_generation_onwind: 1581052.4687254915
ci_generation_solar: 227335.24161821674
ci_marginal_cost_adv_geothermal: 0.0
ci_marginal_cost_allam_ccs: 198.12920310946535
ci_marginal_cost_grid: 62442106.83119875
ci_marginal_cost_onwind: 23715.78703088238
ci_marginal_cost_solar: 2273.352416182167
ci_revenue_grid: 42220887.25666294
ci_total_cost: 135996446.55496743
co2_price: 80.0
emissions: 511353881.0313492
emissions_zone: 5.302324874734613
objective: 141919920308.7935
system_emission_rate: 0.15917331391901404
system_emissions: 170451293.67711607
system_grid_cfe_wavg: 0.8065182093590173
system_inv_H2_Electrolysis-2025: 107.69912516992153
system_inv_H2_Fuel_Cell-2025: 22.42492698882149
system_inv_OCGT-2025: 17017.954521477008
system_inv_battery_charger-2025: 1714.9567310618747
system_inv_battery_discharger-2025: 1750.3202003905656
system_inv_offwind-ac-2025: 542.0583644814797
system_inv_offwind-dc-2025: 34731.52628580903
system_inv_onwind-2025: 114154.81888552265
system_inv_solar-2025: 189006.71309643768
system_inv_solar_rooftop-2025: 0.0
zone_average_marginal_price: 108.3011954489448
