ci_average cost: 69.30688870042228
ci_average_revenue: 21.516727121903518
ci_cap_H2_Electrolysis: 0.0051697188927857735
ci_cap_H2_Fuel_Cell: 0.001719991894043295
ci_cap_adv_geothermal: 0.0004399165088340334
ci_cap_allam_ccs: 0.0007515068248248471
ci_cap_battery_charger: 0.010761339536492802
ci_cap_battery_discharger: 0.010983245018853722
ci_cap_onwind: 526.0923406975121
ci_cap_solar: 237.62942711881453
ci_capital_cost_adv_geothermal: 354.5128929209872
ci_capital_cost_allam_ccs: 191.9487261648818
ci_capital_cost_battery_inverter: 342.1134346122293
ci_capital_cost_battery_storage: 578.4304333687589
ci_capital_cost_grid: 0.0
ci_capital_cost_hydrogen_electrolysis: 436.6736320912771
ci_capital_cost_hydrogen_fuel_cell: 397.0652943448309
ci_capital_cost_hydrogen_storage: 204.45097975915897
ci_capital_cost_onwind: 60385422.3653398
ci_capital_cost_solar: 13141192.062377898
ci_clean_excess_total: 392446.84564401617
ci_clean_total: 1808383.3958803522
ci_clean_used_grid_total: 364860.2027138773
ci_clean_used_local_total: 1415936.5502363362
ci_clean_used_total: 1780796.7529502134
ci_cost_adv_geothermal: 354.5128929209872
ci_cost_allam_ccs: 437.52337239544147
ci_cost_battery_inverter: 342.1134346122293
ci_cost_battery_storage: 578.4304333687589
ci_cost_grid: 62441394.21469402
ci_cost_hydrogen_electrolysis: 436.6736320912771
ci_cost_hydrogen_fuel_cell: 397.0652943448309
ci_cost_hydrogen_storage: 204.45097975915897
ci_cost_onwind: 60409140.136851795
ci_cost_solar: 13143464.161931273
ci_demand_total: 1962239.9999999998
ci_emission_rate_local: 0.12940427869164012
ci_emission_rate_myopic: 0.05318149860658216
ci_emission_rate_true: 0.09589692856757137
ci_emissions: 188172.7891124312
ci_fraction_clean: 0.9215913424863179
ci_fraction_clean_excess: 0.19999941171519092
ci_fraction_clean_used: 0.9075325918084504
ci_fraction_clean_used_grid: 0.18594066103732335
ci_fraction_clean_used_local: 0.721591930771127
ci_generation_H2_Fuel_Cell: 7.8427271769311675
ci_generation_adv_geothermal: 2.758000163735842
ci_generation_allam_ccs: 2.9648164229230516
ci_generation_battery_discharger: 35.55239801138319
ci_generation_onwind: 1581184.767466099
ci_generation_solar: 227209.95533754522
ci_marginal_cost_adv_geothermal: 0.0
ci_marginal_cost_allam_ccs: 245.5746462305597
ci_marginal_cost_grid: 62441394.21469402
ci_marginal_cost_onwind: 23717.771511991494
ci_marginal_cost_solar: 2272.0995533754517
ci_revenue_grid: 42220982.62768395
ci_total_cost: 135996749.2835166
co2_price: 80.0
emissions: 511353869.9036847
emissions_zone: 5.29993836185384
objective: 141919928767.60464
system_emission_rate: 0.15917331045521485
system_emissions: 170451289.96789473
system_grid_cfe_wavg: 0.8063867679193462
system_inv_H2_Electrolysis-2025: 107.71584172806885
system_inv_H2_Fuel_Cell-2025: 22.431227688268063
system_inv_OCGT-2025: 17017.9397308685
system_inv_battery_charger-2025: 1715.0374190132336
system_inv_battery_discharger-2025: 1750.4025521774265
system_inv_offwind-ac-2025: 542.061336550913
system_inv_offwind-dc-2025: 34731.60595397521
system_inv_onwind-2025: 114154.76574885364
system_inv_solar-2025: 189006.67570753235
system_inv_solar_rooftop-2025: 0.0
zone_average_marginal_price: 108.30120679295
