ci_average cost: 80.56739914217422
ci_average_revenue: 20.996918859127856
ci_cap_H2_Electrolysis: 0.043932192986089795
ci_cap_H2_Fuel_Cell: 0.02509067634473929
ci_cap_adv_geothermal: 0.0010149395245577695
ci_cap_allam_ccs: 140.6551771549758
ci_cap_battery_charger: 37.7413727497969
ci_cap_battery_discharger: 38.519623217278806
ci_cap_onwind: 480.8440977591728
ci_cap_solar: 256.13219766215775
ci_capital_cost_adv_geothermal: 817.9032606538775
ci_capital_cost_allam_ccs: 35925930.66561428
ci_capital_cost_battery_inverter: 1199834.8918020918
ci_capital_cost_battery_storage: 4572599.860754497
ci_capital_cost_grid: 0.0
ci_capital_cost_hydrogen_electrolysis: 3710.8459231200445
ci_capital_cost_hydrogen_fuel_cell: 5792.257988329808
ci_capital_cost_hydrogen_storage: 1230.7932848029711
ci_capital_cost_onwind: 55191782.29542642
ci_capital_cost_solar: 14164417.44462236
ci_clean_excess_total: 392446.85148481216
ci_clean_total: 2308601.111367182
ci_clean_used_grid_total: 26464.480506674983
ci_clean_used_local_total: 1916154.2598823698
ci_clean_used_total: 1942618.7403890449
ci_cost_adv_geothermal: 817.9032606538775
ci_cost_allam_ccs: 77526075.10745479
ci_cost_battery_inverter: 1199834.8918020918
ci_cost_battery_storage: 4572599.860754497
ci_cost_grid: 5400392.695335859
ci_cost_hydrogen_electrolysis: 3710.8459231200445
ci_cost_hydrogen_fuel_cell: 5792.257988329808
ci_cost_hydrogen_storage: 1230.7932848029711
ci_cost_onwind: 55215251.83050954
ci_cost_solar: 14166867.10642624
ci_demand_total: 1962239.9999999998
ci_emission_rate_local: 0.012677792696667294
ci_emission_rate_myopic: 0.0051231057397965645
ci_emission_rate_true: 0.00975431903129996
ci_emissions: 19140.31497597803
ci_fraction_clean: 1.1765131234544104
ci_fraction_clean_excess: 0.19999941469178703
ci_fraction_clean_used: 0.9900005811669547
ci_fraction_clean_used_grid: 0.013486872404331267
ci_fraction_clean_used_local: 0.9765137087626233
ci_generation_H2_Fuel_Cell: 71.14102375646809
ci_generation_adv_geothermal: 6.966951220872071
ci_generation_allam_ccs: 502237.4798469388
ci_generation_battery_discharger: 74495.42284480072
ci_generation_onwind: 1564635.6722079837
ci_generation_solar: 244966.18038806398
ci_marginal_cost_adv_geothermal: 0.0
ci_marginal_cost_allam_ccs: 41600144.441840515
ci_marginal_cost_grid: 5400392.695335859
ci_marginal_cost_onwind: 23469.53508311976
ci_marginal_cost_solar: 2449.6618038806396
ci_revenue_grid: 41200994.06213504
ci_total_cost: 158092573.29273993
co2_price: 80.0
emissions: 510926789.5981661
emissions_zone: 5.2837947403310865
objective: 141943110511.14352
system_emission_rate: 0.1590403696679041
system_emissions: 170308929.8660557
system_grid_cfe_wavg: 0.8062162237398108
system_inv_H2_Electrolysis-2025: 107.69340811418246
system_inv_H2_Fuel_Cell-2025: 22.42822478157659
system_inv_OCGT-2025: 17016.643867287723
system_inv_battery_charger-2025: 1715.1123437329138
system_inv_battery_discharger-2025: 1750.4790218912037
system_inv_offwind-ac-2025: 542.0757968892808
system_inv_offwind-dc-2025: 34741.743359516346
system_inv_onwind-2025: 114143.47956310472
system_inv_solar-2025: 189031.042006172
system_inv_solar_rooftop-2025: 0.0
zone_average_marginal_price: 108.2270239261223
