ci_average cost: 78.26162687838467
ci_average_revenue: 21.365464091036948
ci_cap_H2_Electrolysis: 0.025636822564585948
ci_cap_H2_Fuel_Cell: 0.013176145050452516
ci_cap_adv_geothermal: 0.0005674754071213213
ci_cap_allam_ccs: 113.47424397807681
ci_cap_battery_charger: 35.02271233071944
ci_cap_battery_discharger: 35.744902337547245
ci_cap_onwind: 507.5733127577917
ci_cap_solar: 271.7412384507409
ci_capital_cost_adv_geothermal: 457.3080214091089
ci_capital_cost_allam_ccs: 28983418.200082727
ci_capital_cost_battery_inverter: 1113406.0368848315
ci_capital_cost_battery_storage: 3664999.5595363677
ci_capital_cost_grid: 0.0
ci_capital_cost_hydrogen_electrolysis: 2165.480301101017
ci_capital_cost_hydrogen_fuel_cell: 3041.7526564554973
ci_capital_cost_hydrogen_storage: 762.1800849613851
ci_capital_cost_onwind: 58259789.20661925
ci_capital_cost_solar: 15027616.103977378
ci_clean_excess_total: 392447.2428572357
ci_clean_total: 2257408.898118975
ci_clean_used_grid_total: 58034.29484407656
ci_clean_used_local_total: 1864961.6552617396
ci_clean_used_total: 1922995.9501058161
ci_cost_adv_geothermal: 457.3080214091089
ci_cost_allam_ccs: 64147900.27666464
ci_cost_battery_inverter: 1113406.0368848315
ci_cost_battery_storage: 3664999.5595363677
ci_cost_grid: 11321719.191595
ci_cost_hydrogen_electrolysis: 2165.480301101017
ci_cost_hydrogen_fuel_cell: 3041.7526564554973
ci_cost_hydrogen_storage: 762.1800849613851
ci_cost_onwind: 58283425.099361226
ci_cost_solar: 15030217.840735512
ci_demand_total: 1962239.9999999998
ci_emission_rate_local: 0.025837776410135658
ci_emission_rate_myopic: 0.010432081145887272
ci_emission_rate_true: 0.01968475458306473
ci_emissions: 38626.21283307293
ci_fraction_clean: 1.150424462919406
ci_fraction_clean_excess: 0.19999961414365
ci_fraction_clean_used: 0.980000382270169
ci_fraction_clean_used_grid: 0.029575533494412796
ci_fraction_clean_used_local: 0.9504248487757562
ci_generation_H2_Fuel_Cell: 42.35707829679927
ci_generation_adv_geothermal: 3.8359584354822163
ci_generation_allam_ccs: 424539.89271494886
ci_generation_battery_discharger: 70814.75967081622
ci_generation_onwind: 1575726.1827986692
ci_generation_solar: 260173.6758133222
ci_marginal_cost_adv_geothermal: 0.0
ci_marginal_cost_allam_ccs: 35164482.07658191
ci_marginal_cost_grid: 11321719.191595
ci_marginal_cost_onwind: 23635.892741980046
ci_marginal_cost_solar: 2601.7367581332214
ci_revenue_grid: 41924168.257996336
ci_total_cost: 153568094.72584152
co2_price: 80.0
emissions: 510953075.6594492
emissions_zone: 5.263130381873559
objective: 141937811696.21582
system_emission_rate: 0.15904855194565629
system_emissions: 170317691.88648325
system_grid_cfe_wavg: 0.8057271423945078
system_inv_H2_Electrolysis-2025: 107.69645802192493
system_inv_H2_Fuel_Cell-2025: 22.42417232868999
system_inv_OCGT-2025: 17016.64596124316
system_inv_battery_charger-2025: 1714.9334518859612
system_inv_battery_discharger-2025: 1750.2964411836356
system_inv_offwind-ac-2025: 542.0465965750184
system_inv_offwind-dc-2025: 34741.4029530257
system_inv_onwind-2025: 114143.67234051111
system_inv_solar-2025: 189030.8952019125
system_inv_solar_rooftop-2025: 0.0
zone_average_marginal_price: 108.2221344294172
