ci_average cost: 74.02696312013515
ci_average_revenue: 22.07132435730458
ci_cap_H2_Electrolysis: 0.04785036617647122
ci_cap_H2_Fuel_Cell: 0.019876949447571356
ci_cap_adv_geothermal: 0.0002904246354388317
ci_cap_allam_ccs: 57.28945023316068
ci_cap_battery_charger: 10.847550121550213
ci_cap_battery_discharger: 11.071233319538162
ci_cap_onwind: 566.1680592753913
ci_cap_solar: 252.85893906125608
ci_capital_cost_adv_geothermal: 234.04276861041055
ci_capital_cost_allam_ccs: 14632783.93713132
ci_capital_cost_battery_inverter: 344854.15283359046
ci_capital_cost_battery_storage: 1089735.4156253727
ci_capital_cost_grid: 0.0
ci_capital_cost_hydrogen_electrolysis: 4041.8045213900846
ci_capital_cost_hydrogen_fuel_cell: 4588.653475874217
ci_capital_cost_hydrogen_storage: 1232.9599076818988
ci_capital_cost_onwind: 64985354.74548285
ci_capital_cost_solar: 13983402.321765661
ci_clean_excess_total: 392447.57189759274
ci_clean_total: 2087643.063072902
ci_clean_used_grid_total: 168932.93823137006
ci_clean_used_local_total: 1695195.4911753093
ci_clean_used_total: 1864128.4294066792
ci_cost_adv_geothermal: 234.04276861041055
ci_cost_allam_ccs: 34034181.874841206
ci_cost_battery_inverter: 344854.15283359046
ci_cost_battery_storage: 1089735.4156253727
ci_cost_grid: 30784432.49810957
ci_cost_hydrogen_electrolysis: 4041.8045213900846
ci_cost_hydrogen_fuel_cell: 4588.653475874217
ci_cost_hydrogen_storage: 1232.9599076818988
ci_cost_onwind: 65009543.462560534
ci_cost_solar: 13985823.248210168
ci_demand_total: 1962239.9999999998
ci_emission_rate_local: 0.06771553695813969
ci_emission_rate_myopic: 0.02720557166643126
ci_emission_rate_true: 0.050703030307825435
ci_emissions: 99491.51419122737
ci_fraction_clean: 1.0639081167812816
ci_fraction_clean_excess: 0.19999978182974193
ci_fraction_clean_used: 0.9500002188349435
ci_fraction_clean_used_grid: 0.0860918838834037
ci_fraction_clean_used_local: 0.8639083349515398
ci_generation_H2_Fuel_Cell: 81.05256722702507
ci_generation_adv_geothermal: 1.9080650071144956
ci_generation_allam_ccs: 234232.58107591083
ci_generation_battery_discharger: 26503.59699455886
ci_generation_onwind: 1612581.1385123157
ci_generation_solar: 242092.64445057907
ci_marginal_cost_adv_geothermal: 0.0
ci_marginal_cost_allam_ccs: 19401397.937709887
ci_marginal_cost_grid: 30784432.49810957
ci_marginal_cost_onwind: 24188.71707768474
ci_marginal_cost_solar: 2420.92644450579
ci_revenue_grid: 43309235.50687733
ci_total_cost: 145258668.11285397
co2_price: 80.0
emissions: 511070567.2495224
emissions_zone: 5.294835061604635
objective: 141928067274.74435
system_emission_rate: 0.1590851245159314
system_emissions: 170356855.7498408
system_grid_cfe_wavg: 0.8055862900674675
system_inv_H2_Electrolysis-2025: 107.47802202133042
system_inv_H2_Fuel_Cell-2025: 22.377395810965037
system_inv_OCGT-2025: 17017.530913415554
system_inv_battery_charger-2025: 1714.8278694621906
system_inv_battery_discharger-2025: 1750.1886815849327
system_inv_offwind-ac-2025: 542.0259542883665
system_inv_offwind-dc-2025: 34739.084641585934
system_inv_onwind-2025: 114143.25617676319
system_inv_solar-2025: 189031.66228519363
system_inv_solar_rooftop-2025: 0.0
zone_average_marginal_price: 108.23379275724112
