ci_average cost: 69.30678678867882
ci_average_revenue: 21.516814313377647
ci_cap_H2_Electrolysis: 0.004220688191378181
ci_cap_H2_Fuel_Cell: 0.001409850543907971
ci_cap_adv_geothermal: 0.00035142739170090654
ci_cap_allam_ccs: 0.0005966946883576376
ci_cap_battery_charger: 0.008799548795404554
ci_cap_battery_discharger: 0.008981000938363244
ci_cap_onwind: 526.0912665705096
ci_cap_solar: 237.62678491468066
ci_capital_cost_adv_geothermal: 283.2026959246658
ci_capital_cost_allam_ccs: 152.40684655963594
ci_capital_cost_battery_inverter: 279.7462017832477
ci_capital_cost_battery_storage: 462.06950185426984
ci_capital_cost_grid: 0.0
ci_capital_cost_hydrogen_electrolysis: 356.51130761206895
ci_capital_cost_hydrogen_fuel_cell: 325.4682322269987
ci_capital_cost_hydrogen_storage: 188.7119248437876
ci_capital_cost_onwind: 60385299.075932786
ci_capital_cost_solar: 13141045.945323236
ci_clean_excess_total: 392447.1496368551
ci_clean_total: 1808378.6914447863
ci_clean_used_grid_total: 364611.08199549915
ci_clean_used_local_total: 1415931.5418079314
ci_clean_used_total: 1780542.6238034305
ci_cost_adv_geothermal: 283.2026959246658
ci_cost_allam_ccs: 341.6460905267926
ci_cost_battery_inverter: 279.7462017832477
ci_cost_battery_storage: 462.06950185426984
ci_cost_grid: 62441978.53804484
ci_cost_hydrogen_electrolysis: 356.51130761206895
ci_cost_hydrogen_fuel_cell: 325.4682322269987
ci_cost_hydrogen_storage: 188.7119248437876
ci_cost_onwind: 60409012.6071083
ci_cost_solar: 13143320.807109201
ci_demand_total: 1962239.9999999998
ci_emission_rate_local: 0.1294409668743669
ci_emission_rate_myopic: 0.053188168281206656
ci_emission_rate_true: 0.0959026972256444
ci_emissions: 188184.10860404844
ci_fraction_clean: 0.9215889450040701
ci_fraction_clean_excess: 0.19999956663652518
ci_fraction_clean_used: 0.9074030820916048
ci_fraction_clean_used_grid: 0.18581370372405984
ci_fraction_clean_used_local: 0.721589378367545
ci_generation_H2_Fuel_Cell: 6.427155769750253
ci_generation_adv_geothermal: 2.1581165975875662
ci_generation_allam_ccs: 2.2846805522774236
ci_generation_battery_discharger: 29.999323400757323
ci_generation_onwind: 1580902.0783676384
ci_generation_solar: 227486.1785965323
ci_marginal_cost_adv_geothermal: 0.0
ci_marginal_cost_allam_ccs: 189.23924396715665
ci_marginal_cost_grid: 62441978.53804484
ci_marginal_cost_onwind: 23713.531175514585
ci_marginal_cost_solar: 2274.8617859653227
ci_revenue_grid: 42221153.71828215
ci_total_cost: 135996549.3082171
co2_price: 80.0
emissions: 511353860.5183853
emissions_zone: 5.305234294845333
objective: 141919910715.63913
system_emission_rate: 0.15917330753377543
system_emissions: 170451286.83946124
system_grid_cfe_wavg: 0.8059756637427928
system_inv_H2_Electrolysis-2025: 107.64575899452433
system_inv_H2_Fuel_Cell-2025: 22.415188914949987
system_inv_OCGT-2025: 17017.973235072972
system_inv_battery_charger-2025: 1714.9910453267255
system_inv_battery_discharger-2025: 1750.3552222367973
system_inv_offwind-ac-2025: 542.0439435588104
system_inv_offwind-dc-2025: 34731.54000928678
system_inv_onwind-2025: 114154.81940327035
system_inv_solar-2025: 189006.69391808947
system_inv_solar_rooftop-2025: 0.0
zone_average_marginal_price: 108.30162492192702
