ci_average cost: 108.56798707229572
ci_average_revenue: 0.0
ci_cap_H2_Electrolysis: 0.0
ci_cap_H2_Fuel_Cell: 0.0
ci_cap_adv_geothermal: 0.0
ci_cap_allam_ccs: 0.0
ci_cap_battery_charger: 0.0
ci_cap_battery_discharger: 0.0
ci_cap_onwind: 0.0
ci_cap_solar: 0.0
ci_capital_cost_adv_geothermal: 0.0
ci_capital_cost_allam_ccs: 0.0
ci_capital_cost_battery_inverter: 0.0
ci_capital_cost_battery_storage: 0.0
ci_capital_cost_grid: 0.0
ci_capital_cost_hydrogen_electrolysis: 0.0
ci_capital_cost_hydrogen_fuel_cell: 0.0
ci_capital_cost_hydrogen_storage: 0.0
ci_capital_cost_onwind: 0.0
ci_capital_cost_solar: 0.0
ci_clean_excess_total: 0.0
ci_clean_total: 0.0
ci_clean_used_grid_total: 1592170.008774743
ci_clean_used_local_total: 0.0
ci_clean_used_total: 1592170.008774743
ci_cost_adv_geothermal: 0.0
ci_cost_allam_ccs: 0.0
ci_cost_battery_inverter: 0.0
ci_cost_battery_storage: 0.0
ci_cost_grid: 213036446.95274153
ci_cost_hydrogen_electrolysis: 0.0
ci_cost_hydrogen_fuel_cell: 0.0
ci_cost_hydrogen_storage: 0.0
ci_cost_onwind: 0.0
ci_cost_solar: 0.0
ci_demand_total: 1962239.9999999998
ci_emission_rate_local: 0.3230524627981758
ci_emission_rate_myopic: 0.15566305526126561
ci_emission_rate_true: 0.22830412735246142
ci_emissions: 447987.4908560938
ci_fraction_clean: 0.0
ci_fraction_clean_excess: 0.0
ci_fraction_clean_used: 0.811404317909503
ci_fraction_clean_used_grid: 0.811404317909503
ci_fraction_clean_used_local: 0.0
ci_generation_H2_Fuel_Cell: -0.0
ci_generation_adv_geothermal: 0.0
ci_generation_allam_ccs: 0.0
ci_generation_battery_discharger: -0.0
ci_generation_onwind: 0.0
ci_generation_solar: 0.0
ci_marginal_cost_adv_geothermal: 0.0
ci_marginal_cost_allam_ccs: 0.0
ci_marginal_cost_grid: 213036446.95274153
ci_marginal_cost_onwind: 0.0
ci_marginal_cost_solar: 0.0
ci_revenue_grid: 0.0
ci_total_cost: 213036446.95274153
co2_price: 80.0
emissions: 512765392.14161855
emissions_zone: 5.392710232626626
objective: 142038897276.43628
system_emission_rate: 0.15961268655192024
system_emissions: 170921797.38054016
system_grid_cfe_wavg: 0.8051174274824824
system_inv_H2_Electrolysis-2025: 107.71303591727627
system_inv_H2_Fuel_Cell-2025: 22.43028862274564
system_inv_OCGT-2025: 17021.278994152162
system_inv_battery_charger-2025: 1715.1447414595261
system_inv_battery_discharger-2025: 1750.5120876789924
system_inv_offwind-ac-2025: 542.0765397263185
system_inv_offwind-dc-2025: 34717.62041153892
system_inv_onwind-2025: 114173.11105219633
system_inv_solar-2025: 189000.5163004852
system_inv_solar_rooftop-2025: 0.0
zone_average_marginal_price: 108.5679870722957
