ci_average cost: 74.37794241550857
ci_average_revenue: 23.002429372715383
ci_cap_H2_Electrolysis: 0.0
ci_cap_H2_Fuel_Cell: 0.0
ci_cap_adv_geothermal: 0.0
ci_cap_allam_ccs: 0.0
ci_cap_battery_charger: 0.0
ci_cap_battery_discharger: 0.0
ci_cap_onwind: 703.8511589218031
ci_cap_solar: 359.8420870879849
ci_capital_cost_adv_geothermal: 0.0
ci_capital_cost_allam_ccs: 0.0
ci_capital_cost_battery_inverter: 0.0
ci_capital_cost_battery_storage: 0.0
ci_capital_cost_grid: 0.0
ci_capital_cost_hydrogen_electrolysis: 0.0
ci_capital_cost_hydrogen_fuel_cell: 0.0
ci_capital_cost_hydrogen_storage: 0.0
ci_capital_cost_onwind: 80788763.16175948
ci_capital_cost_solar: 19899698.601662453
ci_clean_excess_total: 392447.68455889425
ci_clean_total: 1962240.0000033702
ci_clean_used_grid_total: 249224.56196563315
ci_clean_used_local_total: 1569792.3154444762
ci_clean_used_total: 1819016.8774101094
ci_cost_adv_geothermal: 0.0
ci_cost_allam_ccs: 0.0
ci_cost_battery_inverter: 0.0
ci_cost_battery_storage: 0.0
ci_cost_grid: 45231179.088341966
ci_cost_hydrogen_electrolysis: 0.0
ci_cost_hydrogen_fuel_cell: 0.0
ci_cost_hydrogen_storage: 0.0
ci_cost_onwind: 80813094.58269021
ci_cost_solar: 19903100.05437533
ci_demand_total: 1962239.9999999998
ci_emission_rate_local: 0.09960856697112
ci_emission_rate_myopic: 0.03999455474944834
ci_emission_rate_true: 0.07392327605923522
ci_emissions: 145055.2092144737
ci_fraction_clean: 1.0000000000017177
ci_fraction_clean_excess: 0.19999983924438106
ci_fraction_clean_used: 0.9270103949619362
ci_fraction_clean_used_grid: 0.12701023420459942
ci_fraction_clean_used_local: 0.8000001607573367
ci_generation_H2_Fuel_Cell: -0.0
ci_generation_adv_geothermal: 0.0
ci_generation_allam_ccs: 0.0
ci_generation_battery_discharger: -0.0
ci_generation_onwind: 1622094.7287154086
ci_generation_solar: 340145.27128796175
ci_marginal_cost_adv_geothermal: 0.0
ci_marginal_cost_allam_ccs: 0.0
ci_marginal_cost_grid: 45231179.088341966
ci_marginal_cost_onwind: 24331.420930731136
ci_marginal_cost_solar: 3401.452712879617
ci_revenue_grid: 45136287.01231703
ci_total_cost: 145947373.7254075
co2_price: 80.0
emissions: 511146357.9284205
emissions_zone: 5.287201805262879
objective: 141926954310.77988
system_emission_rate: 0.15910871650177894
system_emissions: 170382119.30947348
system_grid_cfe_wavg: 0.8064886945779166
system_inv_H2_Electrolysis-2025: 107.70866375219782
system_inv_H2_Fuel_Cell-2025: 22.426149231049234
system_inv_OCGT-2025: 17017.50637815951
system_inv_battery_charger-2025: 1714.9350983523022
system_inv_battery_discharger-2025: 1750.2981216011315
system_inv_offwind-ac-2025: 542.0466637317338
system_inv_offwind-dc-2025: 34743.67330312417
system_inv_onwind-2025: 114147.2782035495
system_inv_solar-2025: 189019.18463408443
system_inv_solar_rooftop-2025: 0.0
zone_average_marginal_price: 108.25830825363695
