ci_average cost: 100.49201203224881
ci_average_revenue: 23.255434023157004
ci_cap_H2_Electrolysis: 0.007881702992121898
ci_cap_H2_Fuel_Cell: 0.042865227693618085
ci_cap_adv_geothermal: 2792.533356720364
ci_cap_allam_ccs: 5187.419598062267
ci_cap_battery_charger: 4405.941335898914
ci_cap_battery_discharger: 4496.794573461123
ci_cap_onwind: 17850.10037984592
ci_cap_solar: 30274.39383144337
ci_capital_cost_adv_geothermal: 2250402199.0290504
ci_capital_cost_allam_ccs: 1258077117.9043741
ci_capital_cost_battery_inverter: 104885048.32534279
ci_capital_cost_battery_storage: 322120053.28162926
ci_capital_cost_grid: 0.0
ci_capital_cost_hydrogen_electrolysis: 524.641868947261
ci_capital_cost_hydrogen_fuel_cell: 9070.936003291932
ci_capital_cost_hydrogen_storage: 786.3886091371094
ci_capital_cost_onwind: 1952571919.4685662
ci_capital_cost_solar: 1452896731.4064543
ci_clean_excess_total: 16823578.99614535
ci_clean_total: 100941478.98408459
ci_clean_used_grid_total: 0.2368089002112979
ci_clean_used_local_total: 84117899.98793924
ci_clean_used_total: 84117900.22474813
ci_cost_adv_geothermal: 2250402199.0290504
ci_cost_allam_ccs: 2369483064.3356066
ci_cost_battery_inverter: 104885048.32534279
ci_cost_battery_storage: 322120053.28162926
ci_cost_grid: 23.41370228969498
ci_cost_hydrogen_electrolysis: 524.641868947261
ci_cost_hydrogen_fuel_cell: 9070.936003291932
ci_cost_hydrogen_storage: 786.3886091371094
ci_cost_onwind: 1953093646.3597686
ci_cost_solar: 1453182602.21592
ci_demand_total: 84117900.0
ci_emission_rate_local: 7.321777484478684e-11
ci_emission_rate_myopic: 7.923169955364437e-11
ci_emission_rate_true: 5.399504488923931e-11
ci_emissions: 0.0045419497864885435
ci_fraction_clean: 1.1999999879227203
ci_fraction_clean_excess: 0.19999998806609948
ci_fraction_clean_used: 1.000000002671823
ci_fraction_clean_used_grid: 2.8152022365191942e-09
ci_fraction_clean_used_local: 0.9999999998566208
ci_generation_H2_Fuel_Cell: 8.258617778902558
ci_generation_adv_geothermal: 24462589.441669773
ci_generation_allam_ccs: 13417975.565034552
ci_generation_battery_discharger: 7390667.832746858
ci_generation_onwind: 34781792.74682405
ci_generation_solar: 28587080.946565762
ci_marginal_cost_adv_geothermal: 0.0
ci_marginal_cost_allam_ccs: 1111405946.4312322
ci_marginal_cost_grid: 23.41370228969498
ci_marginal_cost_onwind: 521726.89120236214
ci_marginal_cost_solar: 285870.80946565623
ci_revenue_grid: 1956198273.6165185
ci_total_cost: 8453177018.927502
co2_price: 130.0
emissions: 289719378.8284406
emissions_zone: 43.07526789260366
objective: 165930498936.0587
system_emission_rate: 0.0925501349564043
system_emissions: 96573126.27614701
system_grid_cfe_wavg: 0.8436174350829183
system_inv_H2_Electrolysis-2030: 7994.439748958883
system_inv_H2_Fuel_Cell-2030: 1760.7217584942875
system_inv_OCGT-2030: 61323.841524922784
system_inv_battery_charger-2030: 23210.981336613637
system_inv_battery_discharger-2030: 23689.606139046937
system_inv_offwind-ac-2030: 1084.1026685875242
system_inv_offwind-dc-2030: 43928.47655014303
system_inv_onwind-2030: 226719.8720421675
system_inv_solar-2030: 383393.50825296243
system_inv_solar_rooftop-2030: 0.0
zone_average_marginal_price: 133.03622917216032
