ci_average cost: 93.79537438180054
ci_average_revenue: 22.625170502738964
ci_cap_H2_Electrolysis: 0.0059030306517402105
ci_cap_H2_Fuel_Cell: 0.001835494255998721
ci_cap_adv_geothermal: 0.0024917018929459956
ci_cap_allam_ccs: 1673.6306391234418
ci_cap_battery_charger: 9019.956495524559
ci_cap_battery_discharger: 9205.953581689004
ci_cap_onwind: 25862.446324400495
ci_cap_solar: 41325.43791734326
ci_capital_cost_adv_geothermal: 2007.9729417434555
ci_capital_cost_allam_ccs: 405896683.5247711
ci_capital_cost_battery_inverter: 214723370.28576547
ci_capital_cost_battery_storage: 659477361.9020536
ci_capital_cost_grid: 0.0
ci_capital_cost_hydrogen_electrolysis: 392.9324711521754
ci_capital_cost_hydrogen_fuel_cell: 388.4185813634017
ci_capital_cost_hydrogen_storage: 323.1471120779131
ci_capital_cost_onwind: 2829019747.0712113
ci_capital_cost_solar: 1983246766.5029984
ci_clean_excess_total: 16823576.923925057
ci_clean_total: 93473050.49531135
ci_clean_used_grid_total: 4827441.313517897
ci_clean_used_local_total: 76649473.57138631
ci_clean_used_total: 81476914.8849042
ci_cost_adv_geothermal: 2007.9729417434555
ci_cost_allam_ccs: 995974876.1168534
ci_cost_battery_inverter: 214723370.28576547
ci_cost_battery_storage: 659477361.9020536
ci_cost_grid: 1206313919.2065232
ci_cost_hydrogen_electrolysis: 392.9324711521754
ci_cost_hydrogen_fuel_cell: 388.4185813634017
ci_cost_hydrogen_storage: 323.1471120779131
ci_cost_onwind: 2829743231.388193
ci_cost_solar: 1983634051.3403642
ci_demand_total: 84117900.0
ci_emission_rate_local: 0.01426701517533199
ci_emission_rate_myopic: 0.013469113658148665
ci_emission_rate_true: 0.015010094789281841
ci_emissions: 1262617.652475331
ci_fraction_clean: 1.111214741396437
ci_fraction_clean_excess: 0.19999996343138687
ci_fraction_clean_used: 0.9686037678651537
ci_fraction_clean_used_grid: 0.05738898990010328
ci_fraction_clean_used_local: 0.9112147779650503
ci_generation_H2_Fuel_Cell: 6.822207990091714
ci_generation_adv_geothermal: 19.791239673546457
ci_generation_allam_ccs: 7123998.926840557
ci_generation_battery_discharger: 14681474.904121306
ci_generation_onwind: 48232287.79878652
ci_generation_solar: 38728483.7365918
ci_marginal_cost_adv_geothermal: 0.0
ci_marginal_cost_allam_ccs: 590078192.5920823
ci_marginal_cost_grid: 1206313919.2065232
ci_marginal_cost_onwind: 723484.3169817998
ci_marginal_cost_solar: 387284.8373659161
ci_revenue_grid: 1903181829.832346
ci_total_cost: 7889869922.710859
co2_price: 130.0
emissions: 294270264.9308719
emissions_zone: 43.58744558939134
objective: 165333843602.89157
system_emission_rate: 0.09400390420254309
system_emissions: 98090088.31029071
system_grid_cfe_wavg: 0.8428015119962634
system_inv_H2_Electrolysis-2030: 8160.646430944881
system_inv_H2_Fuel_Cell-2030: 1799.1657878218455
system_inv_OCGT-2030: 63976.92266837908
system_inv_battery_charger-2030: 22151.36016170334
system_inv_battery_discharger-2030: 22608.13491961933
system_inv_offwind-ac-2030: 1084.09048407071
system_inv_offwind-dc-2030: 43408.50690851749
system_inv_onwind-2030: 225945.88625426716
system_inv_solar-2030: 384400.5493707297
system_inv_solar_rooftop-2030: 0.0
zone_average_marginal_price: 133.44235127436573
