ci_average cost: 93.79516305625586
ci_average_revenue: 22.624961398832763
ci_cap_H2_Electrolysis: 0.0039449250270026555
ci_cap_H2_Fuel_Cell: 0.0012710828009552557
ci_cap_adv_geothermal: 0.001589140735659998
ci_cap_allam_ccs: 1673.6494381614527
ci_cap_battery_charger: 9019.638066654521
ci_cap_battery_discharger: 9205.628586618563
ci_cap_onwind: 25862.42925048643
ci_cap_solar: 41324.559716232485
ci_capital_cost_adv_geothermal: 1280.6313655984065
ci_capital_cost_allam_ccs: 405901242.7548687
ci_capital_cost_battery_inverter: 214715789.9698067
ci_capital_cost_battery_storage: 659450108.5481361
ci_capital_cost_grid: 0.0
ci_capital_cost_hydrogen_electrolysis: 262.59208715327446
ci_capital_cost_hydrogen_fuel_cell: 268.9805085082236
ci_capital_cost_hydrogen_storage: 223.34301909830137
ci_capital_cost_onwind: 2829017879.4041142
ci_capital_cost_solar: 1983204620.8028905
ci_clean_excess_total: 16823577.824196853
ci_clean_total: 93472771.85040125
ci_clean_used_grid_total: 4816968.6421258
ci_clean_used_local_total: 76649194.0262044
ci_clean_used_total: 81466162.66833021
ci_cost_adv_geothermal: 1280.6313655984065
ci_cost_allam_ccs: 995996011.7379441
ci_cost_battery_inverter: 214715789.9698067
ci_cost_battery_storage: 659450108.5481361
ci_cost_grid: 1206354934.5823975
ci_cost_hydrogen_electrolysis: 262.59208715327446
ci_cost_hydrogen_fuel_cell: 268.9805085082236
ci_cost_hydrogen_storage: 223.34301909830137
ci_cost_onwind: 2829741368.19775
ci_cost_solar: 1983591897.866809
ci_demand_total: 84117900.0
ci_emission_rate_local: 0.014268246785425655
ci_emission_rate_myopic: 0.013463754573784195
ci_emission_rate_true: 0.015008869189167365
ci_emissions: 1262514.5575674614
ci_fraction_clean: 1.1112114288445296
ci_fraction_clean_excess: 0.1999999741338865
ci_fraction_clean_used: 0.9684759446958401
ci_fraction_clean_used_grid: 0.05726448998519697
ci_fraction_clean_used_local: 0.9112114547106431
ci_generation_H2_Fuel_Cell: 4.660176177913563
ci_generation_adv_geothermal: 12.56735955814007
ci_generation_allam_ccs: 7124199.053185047
ci_generation_battery_discharger: 14681399.137768738
ci_generation_onwind: 48232586.24240006
ci_generation_solar: 38727706.39183655
ci_marginal_cost_adv_geothermal: 0.0
ci_marginal_cost_allam_ccs: 590094768.9830754
ci_marginal_cost_grid: 1206354934.5823975
ci_marginal_cost_onwind: 723488.7936360028
ci_marginal_cost_solar: 387277.0639183636
ci_revenue_grid: 1903164240.4508746
ci_total_cost: 7889852146.449824
co2_price: 130.0
emissions: 294270486.89827675
emissions_zone: 43.588003855964
objective: 165333817780.8309
system_emission_rate: 0.09400397510947828
system_emissions: 98090162.29942545
system_grid_cfe_wavg: 0.8413498111903451
system_inv_H2_Electrolysis-2030: 8161.003320307291
system_inv_H2_Fuel_Cell-2030: 1799.2220811962115
system_inv_OCGT-2030: 63977.45453929819
system_inv_battery_charger-2030: 22150.63219553079
system_inv_battery_discharger-2030: 22607.3919423337
system_inv_offwind-ac-2030: 1084.0727796589301
system_inv_offwind-dc-2030: 43408.46925454604
system_inv_onwind-2030: 225945.72015493285
system_inv_solar-2030: 384400.3902462006
system_inv_solar_rooftop-2030: 0.0
zone_average_marginal_price: 133.4423704458807
