ci_average cost: 93.79531623135651
ci_average_revenue: 22.625095755170502
ci_cap_H2_Electrolysis: 0.007093111676533873
ci_cap_H2_Fuel_Cell: 0.0022408727097669233
ci_cap_adv_geothermal: 0.0029963053050930263
ci_cap_allam_ccs: 1673.605651521938
ci_cap_battery_charger: 9019.750402344194
ci_cap_battery_discharger: 9205.743238739693
ci_cap_onwind: 25862.525678430262
ci_cap_solar: 41324.94478714763
ci_capital_cost_adv_geothermal: 2414.6146835870973
ci_capital_cost_allam_ccs: 405890623.41548383
ci_capital_cost_battery_inverter: 214718464.1620716
ci_capital_cost_battery_storage: 659456704.3384888
ci_capital_cost_grid: 0.0
ci_capital_cost_hydrogen_electrolysis: 472.14965729462455
ci_capital_cost_hydrogen_fuel_cell: 474.2028454183496
ci_capital_cost_hydrogen_storage: 389.4291874816575
ci_capital_cost_onwind: 2829028427.3837543
ci_capital_cost_solar: 1983223100.7195187
ci_clean_excess_total: 16823576.291219342
ci_clean_total: 93472763.97630247
ci_clean_used_grid_total: 4848834.140012443
ci_clean_used_local_total: 76649187.68508314
ci_clean_used_total: 81498021.82509558
ci_cost_adv_geothermal: 2414.6146835870973
ci_cost_allam_ccs: 995966600.6526926
ci_cost_battery_inverter: 214718464.1620716
ci_cost_battery_storage: 659456704.3384888
ci_cost_grid: 1206357215.8316596
ci_cost_hydrogen_electrolysis: 472.14965729462455
ci_cost_hydrogen_fuel_cell: 474.2028454183496
ci_cost_hydrogen_storage: 389.4291874816575
ci_cost_onwind: 2829751915.1347566
ci_cost_solar: 1983610380.7015812
ci_demand_total: 84117900.0
ci_emission_rate_local: 0.014268739791786882
ci_emission_rate_myopic: 0.013470094824233265
ci_emission_rate_true: 0.015010464663216413
ci_emissions: 1262648.7654939722
ci_fraction_clean: 1.1112113352366437
ci_fraction_clean_excess: 0.19999995590973316
ci_fraction_clean_used: 0.9688546887772469
ci_fraction_clean_used_grid: 0.05764330945033629
ci_fraction_clean_used_local: 0.9112113793269107
ci_generation_H2_Fuel_Cell: 8.247322996831041
ci_generation_adv_geothermal: 23.64414190846864
ci_generation_allam_ccs: 7123972.18091783
ci_generation_battery_discharger: 14681577.239324868
ci_generation_onwind: 48232516.73350099
ci_generation_solar: 38727998.2062625
ci_marginal_cost_adv_geothermal: 0.0
ci_marginal_cost_allam_ccs: 590075977.2372087
ci_marginal_cost_grid: 1206357215.8316596
ci_marginal_cost_onwind: 723487.7510025168
ci_marginal_cost_solar: 387279.98206262314
ci_revenue_grid: 1903175542.223857
ci_total_cost: 7889865031.217624
co2_price: 130.0
emissions: 294270473.5624427
emissions_zone: 43.588731753561675
objective: 165333872102.32925
system_emission_rate: 0.09400397084937948
system_emissions: 98090157.85414766
system_grid_cfe_wavg: 0.8451660727891998
system_inv_H2_Electrolysis-2030: 8160.757461950428
system_inv_H2_Fuel_Cell-2030: 1799.190879097404
system_inv_OCGT-2030: 63977.2388799988
system_inv_battery_charger-2030: 22151.224298913374
system_inv_battery_discharger-2030: 22607.996255254533
system_inv_offwind-ac-2030: 1084.1205153926398
system_inv_offwind-dc-2030: 43408.54405294421
system_inv_onwind-2030: 225945.7627540425
system_inv_solar-2030: 384400.4585608252
system_inv_solar_rooftop-2030: 0.0
zone_average_marginal_price: 133.44236515518142
