ci_average cost: 93.79524380135244
ci_average_revenue: 22.625269744779978
ci_cap_H2_Electrolysis: 0.005437620591893257
ci_cap_H2_Fuel_Cell: 0.0016896974226148192
ci_cap_adv_geothermal: 0.0024024123068205083
ci_cap_allam_ccs: 1673.5747858588807
ci_cap_battery_charger: 9019.704493827301
ci_cap_battery_discharger: 9205.696383560764
ci_cap_onwind: 25862.618889749752
ci_cap_solar: 41324.90439987654
ci_capital_cost_adv_geothermal: 1936.0176755749692
ci_capital_cost_allam_ccs: 405883137.7313807
ci_capital_cost_battery_inverter: 214717371.29300097
ci_capital_cost_battery_storage: 659451740.3313285
ci_capital_cost_grid: 0.0
ci_capital_cost_hydrogen_electrolysis: 361.95266845356775
ci_capital_cost_hydrogen_fuel_cell: 357.56574758025374
ci_capital_cost_hydrogen_storage: 333.3825508103214
ci_capital_cost_onwind: 2829038623.5059686
ci_capital_cost_solar: 1983221162.4962637
ci_clean_excess_total: 16823576.294491597
ci_clean_total: 93472643.72089444
ci_clean_used_grid_total: 4837484.206452828
ci_clean_used_local_total: 76649067.42640284
ci_clean_used_total: 81486551.63285567
ci_cost_adv_geothermal: 1936.0176755749692
ci_cost_allam_ccs: 995949284.1000757
ci_cost_battery_inverter: 214717371.29300097
ci_cost_battery_storage: 659451740.3313285
ci_cost_grid: 1206367000.5544019
ci_cost_hydrogen_electrolysis: 361.95266845356775
ci_cost_hydrogen_fuel_cell: 357.56574758025374
ci_cost_hydrogen_storage: 333.3825508103214
ci_cost_onwind: 2829762110.6167936
ci_cost_solar: 1983608442.7435403
ci_demand_total: 84117900.0
ci_emission_rate_local: 0.014266649110489702
ci_emission_rate_myopic: 0.01347205925408373
ci_emission_rate_true: 0.015009368117809733
ci_emissions: 1262556.5263971074
ci_fraction_clean: 1.1112099056311966
ci_fraction_clean_excess: 0.19999995594863396
ci_fraction_clean_used: 0.9687183302585498
ci_fraction_clean_used_grid: 0.05750838057598713
ci_fraction_clean_used_local: 0.9112099496825626
ci_generation_H2_Fuel_Cell: 6.296236518420448
ci_generation_adv_geothermal: 19.30207131238366
ci_generation_allam_ccs: 7123853.493093707
ci_generation_battery_discharger: 14681213.776840253
ci_generation_onwind: 48232474.05499341
ci_generation_solar: 38728024.72764971
ci_marginal_cost_adv_geothermal: 0.0
ci_marginal_cost_allam_ccs: 590066146.368695
ci_marginal_cost_grid: 1206367000.5544019
ci_marginal_cost_onwind: 723487.1108249031
ci_marginal_cost_solar: 387280.2472764952
ci_revenue_grid: 1903190177.8644278
ci_total_cost: 7889858938.557784
co2_price: 130.0
emissions: 294270755.62384444
emissions_zone: 43.58592552113043
objective: 165333850684.46234
system_emission_rate: 0.09400406095319283
system_emissions: 98090251.87461504
system_grid_cfe_wavg: 0.8440554730404951
system_inv_H2_Electrolysis-2030: 8160.599551975735
system_inv_H2_Fuel_Cell-2030: 1799.1386358840068
system_inv_OCGT-2030: 63977.74286294581
system_inv_battery_charger-2030: 22150.709943700986
system_inv_battery_discharger-2030: 22607.4712937193
system_inv_offwind-ac-2030: 1084.0964513163717
system_inv_offwind-dc-2030: 43408.51354538932
system_inv_onwind-2030: 225946.15829490317
system_inv_solar-2030: 384398.424759645
system_inv_solar_rooftop-2030: 0.0
zone_average_marginal_price: 133.4425218246391
