ci_average cost: 93.90348005828196
ci_average_revenue: 22.552764499277934
ci_cap_H2_Electrolysis: 0.00378843231431229
ci_cap_H2_Fuel_Cell: 0.0012750958440871458
ci_cap_adv_geothermal: 0.0021608887204340862
ci_cap_allam_ccs: 2614.5484065021246
ci_cap_battery_charger: 9000.818932873419
ci_cap_battery_discharger: 9186.421390650114
ci_cap_onwind: 25273.242652894056
ci_cap_solar: 41547.42118864919
ci_capital_cost_adv_geothermal: 1741.3825036751
ci_capital_cost_allam_ccs: 634092434.9174238
ci_capital_cost_battery_inverter: 214267793.59273526
ci_capital_cost_battery_storage: 658061386.893087
ci_capital_cost_grid: 0.0
ci_capital_cost_hydrogen_electrolysis: 252.17522301305434
ci_capital_cost_hydrogen_fuel_cell: 269.82972964587884
ci_capital_cost_hydrogen_storage: 178.6273687117343
ci_capital_cost_onwind: 2764568426.386751
ci_capital_cost_solar: 1993899953.1895084
ci_clean_excess_total: 16823577.862144604
ci_clean_total: 96166919.003477
ci_clean_used_grid_total: 3092201.4100599736
ci_clean_used_local_total: 79343341.1413324
ci_clean_used_total: 82435542.55139238
ci_cost_adv_geothermal: 1741.3825036751
ci_cost_allam_ccs: 1474359883.99996
ci_cost_battery_inverter: 214267793.59273526
ci_cost_battery_storage: 658061386.893087
ci_cost_grid: 792698919.5310531
ci_cost_hydrogen_electrolysis: 252.17522301305434
ci_cost_hydrogen_fuel_cell: 269.82972964587884
ci_cost_hydrogen_storage: 178.6273687117343
ci_cost_onwind: 2765283252.829469
ci_cost_solar: 1994289866.3334248
ci_demand_total: 84117900.0
ci_emission_rate_local: 0.008651182453962876
ci_emission_rate_myopic: 0.008528911568389693
ci_emission_rate_true: 0.00932290791908182
ci_emissions: 784223.4360465326
ci_fraction_clean: 1.143239655334679
ci_fraction_clean_excess: 0.19999997458501229
ci_fraction_clean_used: 0.9800000065549945
ci_fraction_clean_used_grid: 0.03676032580532768
ci_fraction_clean_used_local: 0.9432396807496669
ci_generation_H2_Fuel_Cell: 4.235741674483046
ci_generation_adv_geothermal: 17.426467351012086
ci_generation_allam_ccs: 10144527.421404254
ci_generation_battery_discharger: 14976715.995349048
ci_generation_onwind: 47655096.1811942
ci_generation_solar: 38991314.391636804
ci_marginal_cost_adv_geothermal: 0.0
ci_marginal_cost_allam_ccs: 840267449.082536
ci_marginal_cost_grid: 792698919.5310531
ci_marginal_cost_onwind: 714826.4427179149
ci_marginal_cost_solar: 389913.14391636616
ci_revenue_grid: 1897091188.8738112
ci_total_cost: 7898963545.194555
co2_price: 130.0
emissions: 293082978.9969157
emissions_zone: 42.92944733330436
objective: 165351451211.43912
system_emission_rate: 0.0936246286640416
system_emissions: 97694326.33230536
system_grid_cfe_wavg: 0.8458936921714665
system_inv_H2_Electrolysis-2030: 8143.742729488226
system_inv_H2_Fuel_Cell-2030: 1798.2985574360725
system_inv_OCGT-2030: 63069.57929453837
system_inv_battery_charger-2030: 22131.489569618567
system_inv_battery_discharger-2030: 22587.854583626147
system_inv_offwind-ac-2030: 1084.049568700296
system_inv_offwind-dc-2030: 43443.987879056556
system_inv_onwind-2030: 226211.1614412697
system_inv_solar-2030: 384325.6993782582
system_inv_solar_rooftop-2030: 0.0
zone_average_marginal_price: 133.19102356632715
