ci_average cost: 94.4591091145939
ci_average_revenue: 22.445028354051882
ci_cap_H2_Electrolysis: 0.0036721555142456533
ci_cap_H2_Fuel_Cell: 0.0015207344195493318
ci_cap_adv_geothermal: 0.0022438667478135214
ci_cap_allam_ccs: 3843.892250742459
ci_cap_battery_charger: 8515.646890134429
ci_cap_battery_discharger: 8691.244800075146
ci_cap_onwind: 24884.836160826344
ci_cap_solar: 40909.84373270369
ci_capital_cost_adv_geothermal: 1808.2515116446518
ci_capital_cost_allam_ccs: 932238619.4005706
ci_capital_cost_battery_inverter: 202718095.29462978
ci_capital_cost_battery_storage: 622583776.980192
ci_capital_cost_grid: 0.0
ci_capital_cost_hydrogen_electrolysis: 244.43531226494025
ci_capital_cost_hydrogen_fuel_cell: 321.81059893889375
ci_capital_cost_hydrogen_storage: 217.69073458484345
ci_capital_cost_onwind: 2722081740.395507
ci_capital_cost_solar: 1963302009.3654587
ci_clean_excess_total: 16823577.97036589
ci_clean_total: 98652739.77052803
ci_clean_used_grid_total: 1447559.723422335
ci_clean_used_local_total: 81829161.80016214
ci_clean_used_total: 83276721.52358447
ci_cost_adv_geothermal: 1808.2515116446518
ci_cost_allam_ccs: 2041394323.6193006
ci_cost_battery_inverter: 202718095.29462978
ci_cost_battery_storage: 622583776.980192
ci_cost_grid: 392523588.0581976
ci_cost_hydrogen_electrolysis: 244.43531226494025
ci_cost_hydrogen_fuel_cell: 321.81059893889375
ci_cost_hydrogen_storage: 217.69073458484345
ci_cost_onwind: 2722793281.195491
ci_cost_solar: 1963686237.2545278
ci_demand_total: 84117900.0
ci_emission_rate_local: 0.003980774547224191
ci_emission_rate_myopic: 0.004123876137310923
ci_emission_rate_true: 0.004512987590644212
ci_emissions: 379623.03885105066
ci_fraction_clean: 1.1727912818856394
ci_fraction_clean_excess: 0.19999997587155516
ci_fraction_clean_used: 0.9900000062244121
ci_fraction_clean_used_grid: 0.017208700210327825
ci_fraction_clean_used_local: 0.9727913060140843
ci_generation_H2_Fuel_Cell: 4.164668951462149
ci_generation_adv_geothermal: 18.09720631050928
ci_generation_allam_ccs: 13390808.448357053
ci_generation_battery_discharger: 14326139.927001618
ci_generation_onwind: 47436053.33227266
ci_generation_solar: 38422788.90691345
ci_marginal_cost_adv_geothermal: 0.0
ci_marginal_cost_allam_ccs: 1109155704.21873
ci_marginal_cost_grid: 392523588.0581976
ci_marginal_cost_onwind: 711540.7999840919
ci_marginal_cost_solar: 384227.8890691327
ci_revenue_grid: 1888028650.5833008
ci_total_cost: 7945701894.590498
co2_price: 130.0
emissions: 291920582.89228183
emissions_zone: 42.88327239375497
objective: 165422598047.24597
system_emission_rate: 0.09325330411960923
system_emissions: 97306860.96409394
system_grid_cfe_wavg: 0.8456687092880362
system_inv_H2_Electrolysis-2030: 8067.009964238956
system_inv_H2_Fuel_Cell-2030: 1777.4418847903805
system_inv_OCGT-2030: 61921.234963245864
system_inv_battery_charger-2030: 22501.483097458084
system_inv_battery_discharger-2030: 22965.477607030527
system_inv_offwind-ac-2030: 1084.0650063311805
system_inv_offwind-dc-2030: 43493.39814495941
system_inv_onwind-2030: 226442.16894306036
system_inv_solar-2030: 384452.07704876916
system_inv_solar_rooftop-2030: 0.0
zone_average_marginal_price: 133.0052762021912
