ci_average cost: 142.98385547334416
ci_average_revenue: 0.0
ci_cap_H2_Electrolysis: 0.0
ci_cap_H2_Fuel_Cell: 0.0
ci_cap_adv_geothermal: 0.0
ci_cap_allam_ccs: 0.0
ci_cap_battery_charger: 0.0
ci_cap_battery_discharger: 0.0
ci_cap_onwind: 0.0
ci_cap_solar: 0.0
ci_capital_cost_adv_geothermal: 0.0
ci_capital_cost_allam_ccs: 0.0
ci_capital_cost_battery_inverter: 0.0
ci_capital_cost_battery_storage: 0.0
ci_capital_cost_grid: 0.0
ci_capital_cost_hydrogen_electrolysis: 0.0
ci_capital_cost_hydrogen_fuel_cell: 0.0
ci_capital_cost_hydrogen_storage: 0.0
ci_capital_cost_onwind: 0.0
ci_capital_cost_solar: 0.0
ci_clean_excess_total: 0.0
ci_clean_total: 0.0
ci_clean_used_grid_total: 67311869.91269383
ci_clean_used_local_total: 0.0
ci_clean_used_total: 67311869.91269383
ci_cost_adv_geothermal: 0.0
ci_cost_allam_ccs: 0.0
ci_cost_battery_inverter: 0.0
ci_cost_battery_storage: 0.0
ci_cost_grid: 12027501656.321217
ci_cost_hydrogen_electrolysis: 0.0
ci_cost_hydrogen_fuel_cell: 0.0
ci_cost_hydrogen_storage: 0.0
ci_cost_onwind: 0.0
ci_cost_solar: 0.0
ci_demand_total: 84117900.0
ci_emission_rate_local: 0.1374282670260062
ci_emission_rate_myopic: 0.10480264775584289
ci_emission_rate_true: 0.12162935897641665
ci_emissions: 10231206.25544232
ci_fraction_clean: 0.0
ci_fraction_clean_excess: 0.0
ci_fraction_clean_used: 0.8002086346983678
ci_fraction_clean_used_grid: 0.8002086346983678
ci_fraction_clean_used_local: 0.0
ci_generation_H2_Fuel_Cell: -0.0
ci_generation_adv_geothermal: 0.0
ci_generation_allam_ccs: 0.0
ci_generation_battery_discharger: -0.0
ci_generation_onwind: 0.0
ci_generation_solar: 0.0
ci_marginal_cost_adv_geothermal: 0.0
ci_marginal_cost_allam_ccs: 0.0
ci_marginal_cost_grid: 12027501656.321217
ci_marginal_cost_onwind: 0.0
ci_marginal_cost_solar: 0.0
ci_revenue_grid: 0.0
ci_total_cost: 12027501656.321217
co2_price: 130.0
emissions: 331151291.03334516
emissions_zone: 57.39402598306964
objective: 171210665593.96375
system_emission_rate: 0.10578545625790568
system_emissions: 110383763.67778188
system_grid_cfe_wavg: 0.7961162443115654
system_inv_H2_Electrolysis-2030: 7906.121944629828
system_inv_H2_Fuel_Cell-2030: 1732.0696458543166
system_inv_OCGT-2030: 72514.5235963307
system_inv_battery_charger-2030: 27471.73045229133
system_inv_battery_discharger-2030: 28038.21453883393
system_inv_offwind-ac-2030: 1084.1059448758656
system_inv_offwind-dc-2030: 42200.751539516896
system_inv_onwind-2030: 220461.80641279835
system_inv_solar-2030: 393092.0025735683
system_inv_solar_rooftop-2030: 0.0
zone_average_marginal_price: 142.98385547334416
