ci_average cost: 105.75073962660551
ci_average_revenue: 24.36355637222776
ci_cap_H2_Electrolysis: 0.0
ci_cap_H2_Fuel_Cell: 0.0
ci_cap_adv_geothermal: 0.0
ci_cap_allam_ccs: 0.0
ci_cap_battery_charger: 0.0
ci_cap_battery_discharger: 0.0
ci_cap_onwind: 44877.35187579044
ci_cap_solar: 25860.210098613254
ci_capital_cost_adv_geothermal: 0.0
ci_capital_cost_allam_ccs: 0.0
ci_capital_cost_battery_inverter: 0.0
ci_capital_cost_battery_storage: 0.0
ci_capital_cost_grid: 0.0
ci_capital_cost_hydrogen_electrolysis: 0.0
ci_capital_cost_hydrogen_fuel_cell: 0.0
ci_capital_cost_hydrogen_storage: 0.0
ci_capital_cost_onwind: 4909006404.900384
ci_capital_cost_solar: 1241055888.1854937
ci_clean_excess_total: 16823579.284401353
ci_clean_total: 84117900.00004825
ci_clean_used_grid_total: 11523130.753602995
ci_clean_used_local_total: 67294320.7156469
ci_clean_used_total: 78817451.46924989
ci_cost_adv_geothermal: 0.0
ci_cost_allam_ccs: 0.0
ci_cost_battery_inverter: 0.0
ci_cost_battery_storage: 0.0
ci_cost_grid: 2744323692.319293
ci_cost_hydrogen_electrolysis: 0.0
ci_cost_hydrogen_fuel_cell: 0.0
ci_cost_hydrogen_storage: 0.0
ci_cost_onwind: 4909915334.195388
ci_cost_solar: 1241291114.3221586
ci_demand_total: 84117900.0
ci_emission_rate_local: 0.03267768434743179
ci_emission_rate_myopic: 0.02735586998026217
ci_emission_rate_true: 0.034757504109304706
ci_emissions: 2923728.2549160826
ci_fraction_clean: 1.0000000000005735
ci_fraction_clean_excess: 0.1999999914929088
ci_fraction_clean_used: 0.9369878642863159
ci_fraction_clean_used_grid: 0.13698785577865108
ci_fraction_clean_used_local: 0.8000000085076647
ci_generation_H2_Fuel_Cell: -0.0
ci_generation_adv_geothermal: 0.0
ci_generation_allam_ccs: 0.0
ci_generation_battery_discharger: -0.0
ci_generation_onwind: 60595286.33356967
ci_generation_solar: 23522613.666478574
ci_marginal_cost_adv_geothermal: 0.0
ci_marginal_cost_allam_ccs: 0.0
ci_marginal_cost_grid: 2744323692.319293
ci_marginal_cost_onwind: 908929.2950035476
ci_marginal_cost_solar: 235226.1366647846
ci_revenue_grid: 2049411198.5634174
ci_total_cost: 8895530140.83684
co2_price: 130.0
emissions: 296501839.89384395
emissions_zone: 47.488701406624
objective: 166265848850.717
system_emission_rate: 0.09471677527393497
system_emissions: 98833946.6312815
system_grid_cfe_wavg: 0.8434009212948961
system_inv_H2_Electrolysis-2030: 7824.9582528724695
system_inv_H2_Fuel_Cell-2030: 1721.9663107653835
system_inv_OCGT-2030: 67632.86428936945
system_inv_battery_charger-2030: 27789.37606578032
system_inv_battery_discharger-2030: 28362.410201491246
system_inv_offwind-ac-2030: 1084.1012931918685
system_inv_offwind-dc-2030: 44428.52555727382
system_inv_onwind-2030: 222563.38632338285
system_inv_solar-2030: 386791.888312323
system_inv_solar_rooftop-2030: 0.0
zone_average_marginal_price: 134.3008910677165
