ci_average cost: 83.93510611530553
ci_average_revenue: 24.469613530583672
ci_cap_H2_Electrolysis: 38.02557040882382
ci_cap_H2_Fuel_Cell: 37.38233199585171
ci_cap_adv_geothermal: 0.001085489301871407
ci_cap_allam_ccs: 149.10278197573572
ci_cap_battery_charger: 86.27074659564329
ci_cap_battery_discharger: 88.0497027908292
ci_cap_onwind: 551.3536786927547
ci_cap_solar: 379.74989589225885
ci_capital_cost_adv_geothermal: 874.7567888760358
ci_capital_cost_allam_ccs: 36161099.882806554
ci_capital_cost_battery_inverter: 2053706.7418536886
ci_capital_cost_battery_storage: 8208157.502933021
ci_capital_cost_grid: 0.0
ci_capital_cost_hydrogen_electrolysis: 2531154.2882308154
ci_capital_cost_hydrogen_fuel_cell: 7910671.643035933
ci_capital_cost_hydrogen_storage: 679039.2223989865
ci_capital_cost_onwind: 60311017.182103924
ci_capital_cost_solar: 18224555.892536577
ci_clean_excess_total: 392447.75928081415
ci_clean_total: 2354687.7249733834
ci_clean_used_grid_total: 0.26056376655846136
ci_clean_used_local_total: 1962239.9656925693
ci_clean_used_total: 1962240.2262563359
ci_cost_adv_geothermal: 874.7567888760358
ci_cost_allam_ccs: 64751489.97380614
ci_cost_battery_inverter: 2053706.7418536886
ci_cost_battery_storage: 8208157.502933021
ci_cost_grid: 26.58359869674252
ci_cost_hydrogen_electrolysis: 2531154.2882308154
ci_cost_hydrogen_fuel_cell: 7910671.643035933
ci_cost_hydrogen_storage: 679039.2223989865
ci_cost_onwind: 60337510.760920376
ci_cost_solar: 18228191.15013052
ci_demand_total: 1962239.9999999998
ci_emission_rate_local: 2.951387136644244e-09
ci_emission_rate_myopic: 5.755405076593e-09
ci_emission_rate_true: 1.5914800603635124e-09
ci_emissions: 0.0031228658336476985
ci_fraction_clean: 1.1999998598404802
ci_fraction_clean_excess: 0.1999998773242897
ci_fraction_clean_used: 1.0000001153051288
ci_fraction_clean_used_grid: 1.3278893843691974e-07
ci_fraction_clean_used_local: 0.9999999825161904
ci_generation_H2_Fuel_Cell: 59078.67656582846
ci_generation_adv_geothermal: 7.303566587809268
ci_generation_allam_ccs: 345171.0483173802
ci_generation_battery_discharger: 133748.44458919548
ci_generation_onwind: 1766238.5877634925
ci_generation_solar: 363525.75939458236
ci_marginal_cost_adv_geothermal: 0.0
ci_marginal_cost_allam_ccs: 28590390.090999592
ci_marginal_cost_grid: 26.58359869674252
ci_marginal_cost_onwind: 26493.578816452395
ci_marginal_cost_solar: 3635.257593945823
ci_revenue_grid: 48015254.4542525
ci_total_cost: 164700822.6236971
co2_price: 130.0
emissions: 296450335.1628749
emissions_zone: 0.9074430296433121
objective: 164518732935.71335
system_emission_rate: 0.09227852571511912
system_emissions: 98816778.38762501
system_grid_cfe_wavg: 0.8970336989021573
system_inv_H2_Electrolysis-2030: 7896.0331353419115
system_inv_H2_Fuel_Cell-2030: 1739.9448320669155
system_inv_OCGT-2030: 69050.62149983118
system_inv_battery_charger-2030: 28098.056157642444
system_inv_battery_discharger-2030: 28677.45546791623
system_inv_offwind-ac-2030: 6107.61487473255
system_inv_offwind-dc-2030: 58181.70369737834
system_inv_onwind-2030: 222260.06117252156
system_inv_solar-2030: 391751.0779530513
system_inv_solar_rooftop-2030: 0.0
zone_average_marginal_price: 131.14453572135082
