ci_average cost: 79.10936845367212
ci_average_revenue: 28.93922047824114
ci_cap_H2_Electrolysis: 35.844012307206306
ci_cap_H2_Fuel_Cell: 14.647862066266061
ci_cap_adv_geothermal: 0.0007294257286603391
ci_cap_allam_ccs: 0.10250516777847862
ci_cap_battery_charger: 475.79941505523965
ci_cap_battery_discharger: 485.61069350685204
ci_cap_onwind: 511.56660224794445
ci_cap_solar: 617.317136211402
ci_capital_cost_adv_geothermal: 587.8179610120839
ci_capital_cost_allam_ccs: 24860.029849373434
ci_capital_cost_battery_inverter: 11326579.460926257
ci_capital_cost_battery_storage: 18117686.64590129
ci_capital_cost_grid: 0.0
ci_capital_cost_hydrogen_electrolysis: 2385939.8947433084
ci_capital_cost_hydrogen_fuel_cell: 3099711.037063476
ci_capital_cost_hydrogen_storage: 1059918.9491613174
ci_capital_cost_onwind: 55958821.588201255
ci_capital_cost_solar: 29625631.9593494
ci_clean_excess_total: 392446.28838771285
ci_clean_total: 2126104.620515072
ci_clean_used_grid_total: 174731.76720288777
ci_clean_used_local_total: 1733658.3321273592
ci_clean_used_total: 1908390.099330247
ci_cost_adv_geothermal: 587.8179610120839
ci_cost_allam_ccs: 56905.85971327836
ci_cost_battery_inverter: 11326579.460926257
ci_cost_battery_storage: 18117686.64590129
ci_cost_grid: 33568982.935487755
ci_cost_hydrogen_electrolysis: 2385939.8947433084
ci_cost_hydrogen_fuel_cell: 3099711.037063476
ci_cost_hydrogen_storage: 1059918.9491613174
ci_cost_onwind: 55983711.96301626
ci_cost_solar: 29631542.59055959
ci_demand_total: 1962239.9999999998
ci_emission_rate_local: 0.009201217146350324
ci_emission_rate_myopic: 0.01496631511712429
ci_emission_rate_true: 0.015251575150226414
ci_emissions: 29927.250822780275
ci_fraction_clean: 1.08350895941122
ci_fraction_clean_excess: 0.1999991277253103
ci_fraction_clean_used: 0.9725569243977531
ci_fraction_clean_used_grid: 0.0890470927118435
ci_fraction_clean_used_local: 0.8835098316859097
ci_generation_H2_Fuel_Cell: 55816.267864676236
ci_generation_adv_geothermal: 4.589577078102109
ci_generation_allam_ccs: 386.88848431650564
ci_generation_battery_discharger: 392618.8005970316
ci_generation_onwind: 1659358.3209999052
ci_generation_solar: 591063.1210191068
ci_marginal_cost_adv_geothermal: 0.0
ci_marginal_cost_allam_ccs: 32045.82986390493
ci_marginal_cost_grid: 33568982.935487755
ci_marginal_cost_onwind: 24890.374814998588
ci_marginal_cost_solar: 5910.631210191067
ci_revenue_grid: 56785695.99122389
ci_total_cost: 155231567.15453357
co2_price: 130.0
emissions: 296585712.5926437
emissions_zone: 0.9078592861782715
objective: 164500417266.06525
system_emission_rate: 0.09232066575731969
system_emissions: 98861904.19754782
system_grid_cfe_wavg: 0.8970940695240996
system_inv_H2_Electrolysis-2030: 7908.31163077736
system_inv_H2_Fuel_Cell-2030: 1742.413603246703
system_inv_OCGT-2030: 69103.58641922807
system_inv_battery_charger-2030: 27841.28377705509
system_inv_battery_discharger-2030: 28415.38828190265
system_inv_offwind-ac-2030: 6107.396200287061
system_inv_offwind-dc-2030: 58181.746909565896
system_inv_onwind-2030: 222285.83307743087
system_inv_solar-2030: 391698.36481139757
system_inv_solar_rooftop-2030: 0.0
zone_average_marginal_price: 131.1986300630204
