ci_average cost: 79.10717136537592
ci_average_revenue: 28.936769156178315
ci_cap_H2_Electrolysis: 35.91646645915039
ci_cap_H2_Fuel_Cell: 14.671330344219927
ci_cap_adv_geothermal: 0.0007728904124396797
ci_cap_allam_ccs: 0.1741076636835008
ci_cap_battery_charger: 475.53088084179757
ci_cap_battery_discharger: 485.3366219517099
ci_cap_onwind: 511.7278306852868
ci_cap_solar: 616.9953749260407
ci_capital_cost_adv_geothermal: 622.8445864673317
ci_capital_cost_allam_ccs: 42225.40004549166
ci_capital_cost_battery_inverter: 11320186.905554628
ci_capital_cost_battery_storage: 18107458.57003368
ci_capital_cost_grid: 0.0
ci_capital_cost_hydrogen_electrolysis: 2390762.7714397446
ci_capital_cost_hydrogen_fuel_cell: 3104677.28264016
ci_capital_cost_hydrogen_storage: 1061181.4640877068
ci_capital_cost_onwind: 55976457.9102765
ci_capital_cost_solar: 29610190.331602946
ci_clean_excess_total: 392446.2512781247
ci_clean_total: 2126398.3794790646
ci_clean_used_grid_total: 174527.10490837824
ci_clean_used_local_total: 1733952.1282009399
ci_clean_used_total: 1908479.2331093182
ci_cost_adv_geothermal: 622.8445864673317
ci_cost_allam_ccs: 96675.93127755943
ci_cost_battery_inverter: 11320186.905554628
ci_cost_battery_storage: 18107458.57003368
ci_cost_grid: 33528219.209536448
ci_cost_hydrogen_electrolysis: 2390762.7714397446
ci_cost_hydrogen_fuel_cell: 3104677.28264016
ci_cost_hydrogen_storage: 1061181.4640877068
ci_cost_onwind: 56001379.30610402
ci_cost_solar: 29616091.65473486
ci_demand_total: 1962239.9999999998
ci_emission_rate_local: 0.009187278633007894
ci_emission_rate_myopic: 0.01494609154158252
ci_emission_rate_true: 0.015236576508513146
ci_emissions: 29897.819888064834
ci_fraction_clean: 1.0836586653411737
ci_fraction_clean_excess: 0.1999991088134605
ci_fraction_clean_used: 0.9726023489019276
ci_fraction_clean_used_grid: 0.08894279237421429
ci_fraction_clean_used_local: 0.8836595565277132
ci_generation_H2_Fuel_Cell: 55912.08402836395
ci_generation_adv_geothermal: 4.847321619913009
ci_generation_allam_ccs: 657.3798708933241
ci_generation_battery_discharger: 414896.9492818176
ci_generation_onwind: 1661426.388501095
ci_generation_solar: 590132.3131916715
ci_marginal_cost_adv_geothermal: 0.0
ci_marginal_cost_allam_ccs: 54450.53123206777
ci_marginal_cost_grid: 33528219.209536448
ci_marginal_cost_onwind: 24921.39582751643
ci_marginal_cost_solar: 5901.323131916714
ci_revenue_grid: 56780885.90901933
ci_total_cost: 155227255.93999523
co2_price: 130.0
emissions: 296584439.25580394
emissions_zone: 0.9080538505441991
objective: 164500424493.7596
system_emission_rate: 0.09232026939532453
system_emissions: 98861479.75193459
system_grid_cfe_wavg: 0.8972416242361709
system_inv_H2_Electrolysis-2030: 7909.788475149197
system_inv_H2_Fuel_Cell-2030: 1741.7653447107155
system_inv_OCGT-2030: 69103.76935232613
system_inv_battery_charger-2030: 27843.41138526509
system_inv_battery_discharger-2030: 28417.559762710905
system_inv_offwind-ac-2030: 6107.51346557236
system_inv_offwind-dc-2030: 58181.74897333861
system_inv_onwind-2030: 222289.8317386664
system_inv_solar-2030: 391697.5143242218
system_inv_solar_rooftop-2030: 0.0
zone_average_marginal_price: 131.19856700295
