ci_average cost: 80.30841451851046
ci_average_revenue: 28.952278155410298
ci_cap_H2_Electrolysis: 41.24808551866213
ci_cap_H2_Fuel_Cell: 20.50203523699784
ci_cap_adv_geothermal: 0.0009977010584962846
ci_cap_allam_ccs: 49.47730353093016
ci_cap_battery_charger: 448.3644267661188
ci_cap_battery_discharger: 457.6099787773361
ci_cap_onwind: 521.4706183054566
ci_cap_solar: 568.1504865268711
ci_capital_cost_adv_geothermal: 804.0114008344433
ci_capital_cost_allam_ccs: 11999465.678682381
ci_capital_cost_battery_inverter: 10673479.509489302
ci_capital_cost_battery_storage: 17073001.43289179
ci_capital_cost_grid: 0.0
ci_capital_cost_hydrogen_electrolysis: 2745659.4975271127
ci_capital_cost_hydrogen_fuel_cell: 4338543.373694286
ci_capital_cost_hydrogen_storage: 1086934.6743629773
ci_capital_cost_onwind: 57042193.85123336
ci_capital_cost_solar: 27266078.040001594
ci_clean_excess_total: 392446.43795383605
ci_clean_total: 2273883.2508836156
ci_clean_used_grid_total: 61182.31685520227
ci_clean_used_local_total: 1881436.8129297793
ci_clean_used_total: 1942619.1297849815
ci_cost_adv_geothermal: 804.0114008344433
ci_cost_allam_ccs: 24611809.73787988
ci_cost_battery_inverter: 10673479.509489302
ci_cost_battery_storage: 17073001.43289179
ci_cost_grid: 12714691.412383555
ci_cost_hydrogen_electrolysis: 2745659.4975271127
ci_cost_hydrogen_fuel_cell: 4338543.373694286
ci_cost_hydrogen_storage: 1086934.6743629773
ci_cost_onwind: 57067940.006987564
ci_cost_solar: 27271519.648184594
ci_demand_total: 1962239.9999999998
ci_emission_rate_local: 0.002930112423085281
ci_emission_rate_myopic: 0.0053159059858166584
ci_emission_rate_true: 0.0055209083225818
ci_emissions: 10833.34714690291
ci_fraction_clean: 1.1588201498713795
ci_fraction_clean_excess: 0.19999920394744583
ci_fraction_clean_used: 0.9900007796115571
ci_fraction_clean_used_grid: 0.03117983368762347
ci_fraction_clean_used_local: 0.9588209459239336
ci_generation_H2_Fuel_Cell: 63946.78788625538
ci_generation_adv_geothermal: 6.488793270054149
ci_generation_allam_ccs: 152268.50724303903
ci_generation_battery_discharger: 355943.6650378719
ci_generation_onwind: 1716410.383613164
ci_generation_solar: 544160.818300179
ci_marginal_cost_adv_geothermal: 0.0
ci_marginal_cost_allam_ccs: 12612344.059197498
ci_marginal_cost_grid: 12714691.412383555
ci_marginal_cost_onwind: 25746.15575419747
ci_marginal_cost_solar: 5441.608183001789
ci_revenue_grid: 56811318.287672296
ci_total_cost: 157584383.30480194
co2_price: 130.0
emissions: 296536852.9978026
emissions_zone: 0.9077220688384343
objective: 164502723869.77963
system_emission_rate: 0.09230545683075048
system_emissions: 98845617.66593435
system_grid_cfe_wavg: 0.8971193056605095
system_inv_H2_Electrolysis-2030: 7913.337330849057
system_inv_H2_Fuel_Cell-2030: 1743.1090230355876
system_inv_OCGT-2030: 69061.80763959687
system_inv_battery_charger-2030: 27843.330188570126
system_inv_battery_discharger-2030: 28417.47689168983
system_inv_offwind-ac-2030: 6110.47351910156
system_inv_offwind-dc-2030: 58181.734169581236
system_inv_onwind-2030: 222277.2873767058
system_inv_solar-2030: 391700.2417278333
system_inv_solar_rooftop-2030: 0.0
zone_average_marginal_price: 131.17085143255358
