ci_average cost: 79.44016518669342
ci_average_revenue: 29.13509712301879
ci_cap_H2_Electrolysis: 35.89320624339483
ci_cap_H2_Fuel_Cell: 15.321084354278803
ci_cap_adv_geothermal: 0.0006081354564443608
ci_cap_allam_ccs: 17.433950305726405
ci_cap_battery_charger: 474.8902185748507
ci_cap_battery_discharger: 484.68274883225763
ci_cap_onwind: 509.15020093700963
ci_cap_solar: 608.7421383933402
ci_capital_cost_adv_geothermal: 490.0744928243904
ci_capital_cost_allam_ccs: 4228162.680826785
ci_capital_cost_battery_inverter: 11304935.705480436
ci_capital_cost_battery_storage: 18083066.46236029
ci_capital_cost_grid: 0.0
ci_capital_cost_hydrogen_electrolysis: 2389214.4660699135
ci_capital_cost_hydrogen_fuel_cell: 3242175.1418665997
ci_capital_cost_hydrogen_storage: 992951.6227538092
ci_capital_cost_onwind: 55694498.29334598
ci_capital_cost_solar: 29214109.72141313
ci_clean_excess_total: 392446.07830060984
ci_clean_total: 2183913.8442414952
ci_clean_used_grid_total: 131529.330738419
ci_clean_used_local_total: 1791467.765940886
ci_clean_used_total: 1922997.096679305
ci_cost_adv_geothermal: 490.0744928243904
ci_cost_allam_ccs: 9445069.09344749
ci_cost_battery_inverter: 11304935.705480436
ci_cost_battery_storage: 18083066.46236029
ci_cost_grid: 25483410.96184151
ci_cost_hydrogen_electrolysis: 2389214.4660699135
ci_cost_hydrogen_fuel_cell: 3242175.1418665997
ci_cost_hydrogen_storage: 992951.6227538092
ci_cost_onwind: 55719418.19650942
ci_cost_solar: 29219938.011115007
ci_demand_total: 1962239.9999999998
ci_emission_rate_local: 0.0066066252186698015
ci_emission_rate_myopic: 0.011052986057542246
ci_emission_rate_true: 0.011207297786550108
ci_emissions: 21991.408008680082
ci_fraction_clean: 1.112969791789738
ci_fraction_clean_excess: 0.19999902066037278
ci_fraction_clean_used: 0.98000096658885
ci_fraction_clean_used_grid: 0.06703019545948458
ci_fraction_clean_used_local: 0.9129707711293655
ci_generation_H2_Fuel_Cell: 55012.32678036095
ci_generation_adv_geothermal: 3.850485188883202
ci_generation_allam_ccs: 62983.57768769408
ci_generation_battery_discharger: 394580.1739688101
ci_generation_onwind: 1661326.877562601
ci_generation_solar: 582828.970187485
ci_marginal_cost_adv_geothermal: 0.0
ci_marginal_cost_allam_ccs: 5216906.412620705
ci_marginal_cost_grid: 25483410.96184151
ci_marginal_cost_onwind: 24919.90316343902
ci_marginal_cost_solar: 5828.289701874849
ci_revenue_grid: 57170052.978672385
ci_total_cost: 155880669.73593727
co2_price: 130.0
emissions: 296566471.1685035
emissions_zone: 0.908016482016806
objective: 164500650639.04214
system_emission_rate: 0.09231467632151329
system_emissions: 98855490.38950136
system_grid_cfe_wavg: 0.8971774578699714
system_inv_H2_Electrolysis-2030: 7908.277048895069
system_inv_H2_Fuel_Cell-2030: 1742.3670673395968
system_inv_OCGT-2030: 69085.2109936109
system_inv_battery_charger-2030: 27828.527452625363
system_inv_battery_discharger-2030: 28402.368914167193
system_inv_offwind-ac-2030: 6108.555065215596
system_inv_offwind-dc-2030: 58181.70929490236
system_inv_onwind-2030: 222285.83845657777
system_inv_solar-2030: 391700.13982664235
system_inv_solar_rooftop-2030: 0.0
zone_average_marginal_price: 131.19069764224471
