ci_average cost: 79.10640451926453
ci_average_revenue: 28.936101740249033
ci_cap_H2_Electrolysis: 35.86282792088541
ci_cap_H2_Fuel_Cell: 14.651036617990668
ci_cap_adv_geothermal: 0.0006612639539583683
ci_cap_allam_ccs: 0.07336862269009467
ci_cap_battery_charger: 475.633344431015
ci_cap_battery_discharger: 485.4411984035605
ci_cap_onwind: 511.59138495028964
ci_cap_solar: 617.261534991034
ci_capital_cost_adv_geothermal: 532.8888382104192
ci_capital_cost_allam_ccs: 17793.69947498506
ci_capital_cost_battery_inverter: 11322626.088849943
ci_capital_cost_battery_storage: 18111382.975510444
ci_capital_cost_grid: 0.0
ci_capital_cost_hydrogen_electrolysis: 2387192.3472571704
ci_capital_cost_hydrogen_fuel_cell: 3100382.8206298407
ci_capital_cost_hydrogen_storage: 1060466.2794128135
ci_capital_cost_onwind: 55961532.49781286
ci_capital_cost_solar: 29622963.604310326
ci_clean_excess_total: 392444.9719832548
ci_clean_total: 2125976.395169641
ci_clean_used_grid_total: 174859.9397004513
ci_clean_used_local_total: 1733531.423186386
ci_clean_used_total: 1908391.3628868372
ci_cost_adv_geothermal: 532.8888382104192
ci_cost_allam_ccs: 40733.21271034068
ci_cost_battery_inverter: 11322626.088849943
ci_cost_battery_storage: 18111382.975510444
ci_cost_grid: 33587139.855143085
ci_cost_hydrogen_electrolysis: 2387192.3472571704
ci_cost_hydrogen_fuel_cell: 3100382.8206298407
ci_cost_hydrogen_storage: 1060466.2794128135
ci_cost_onwind: 55986419.62042113
ci_cost_solar: 29628875.11510868
ci_demand_total: 1962239.9999999998
ci_emission_rate_local: 0.009203590179332668
ci_emission_rate_myopic: 0.014972240704529658
ci_emission_rate_true: 0.015259381496504599
ci_emissions: 29942.56874770117
ci_fraction_clean: 1.083443612998227
ci_fraction_clean_excess: 0.19999845685708928
ci_fraction_clean_used: 0.9725575683335562
ci_fraction_clean_used_grid: 0.08911241219241853
ci_fraction_clean_used_local: 0.8834451561411378
ci_generation_H2_Fuel_Cell: 55839.56169389811
ci_generation_adv_geothermal: 4.261158980048995
ci_generation_allam_ccs: 276.9481565706501
ci_generation_battery_discharger: 388872.01134474995
ci_generation_onwind: 1659141.5072177425
ci_generation_solar: 591151.0798354256
ci_marginal_cost_adv_geothermal: 0.0
ci_marginal_cost_allam_ccs: 22939.513235355622
ci_marginal_cost_grid: 33587139.855143085
ci_marginal_cost_onwind: 24887.122608266145
ci_marginal_cost_solar: 5911.510798354255
ci_revenue_grid: 56779576.27878626
ci_total_cost: 155225751.20388162
co2_price: 130.0
emissions: 296585711.8153374
emissions_zone: 0.907676480862905
objective: 164500407246.48825
system_emission_rate: 0.09232066551536129
system_emissions: 98861903.93844584
system_grid_cfe_wavg: 0.8972413202775962
system_inv_H2_Electrolysis-2030: 7908.296357770427
system_inv_H2_Fuel_Cell-2030: 1742.4110405919719
system_inv_OCGT-2030: 69103.77719794062
system_inv_battery_charger-2030: 27841.2295066633
system_inv_battery_discharger-2030: 28415.332892421793
system_inv_offwind-ac-2030: 6107.383360603833
system_inv_offwind-dc-2030: 58181.7483550523
system_inv_onwind-2030: 222285.90063204026
system_inv_solar-2030: 391698.08894559805
system_inv_solar_rooftop-2030: 0.0
zone_average_marginal_price: 131.19878329594428
