ci_average cost: 79.10399480166527
ci_average_revenue: 28.934074394212125
ci_cap_H2_Electrolysis: 35.90766851494051
ci_cap_H2_Fuel_Cell: 14.666641468485148
ci_cap_adv_geothermal: 0.0003764871390939908
ci_cap_allam_ccs: 0.12064641843668027
ci_cap_battery_charger: 475.4337788022165
ci_cap_battery_discharger: 485.2375176079679
ci_cap_onwind: 511.6815858264966
ci_cap_solar: 617.071846756271
ci_capital_cost_adv_geothermal: 303.39744507772184
ci_capital_cost_allam_ccs: 29259.730300013016
ci_capital_cost_battery_inverter: 11317875.355913473
ci_capital_cost_battery_storage: 18103764.17264328
ci_capital_cost_grid: 0.0
ci_capital_cost_hydrogen_electrolysis: 2390177.1404031804
ci_capital_cost_hydrogen_fuel_cell: 3103685.0450152587
ci_capital_cost_hydrogen_storage: 1061296.7224131967
ci_capital_cost_onwind: 55971399.31616375
ci_capital_cost_solar: 29613860.286905933
ci_clean_excess_total: 392446.9007564037
ci_clean_total: 2126165.6614595363
ci_clean_used_grid_total: 174693.28964347378
ci_clean_used_local_total: 1733718.7607031327
ci_clean_used_total: 1908412.0503466064
ci_cost_adv_geothermal: 303.39744507772184
ci_cost_allam_ccs: 66993.49601566067
ci_cost_battery_inverter: 11317875.355913473
ci_cost_battery_storage: 18103764.17264328
ci_cost_grid: 33560857.77168452
ci_cost_hydrogen_electrolysis: 2390177.1404031804
ci_cost_hydrogen_fuel_cell: 3103685.0450152587
ci_cost_hydrogen_storage: 1061296.7224131967
ci_cost_onwind: 55996304.156445295
ci_cost_solar: 29619765.501640715
ci_demand_total: 1962239.9999999998
ci_emission_rate_local: 0.009194327233007104
ci_emission_rate_myopic: 0.014962360838277162
ci_emission_rate_true: 0.0152468919275566
ci_emissions: 29918.061215928654
ci_fraction_clean: 1.0835400671984754
ci_fraction_clean_excess: 0.19999943980165716
ci_fraction_clean_used: 0.9725681111110805
ci_fraction_clean_used_grid: 0.08902748371426217
ci_fraction_clean_used_local: 0.8835406273968184
ci_generation_H2_Fuel_Cell: 55899.783622100775
ci_generation_adv_geothermal: 2.43571168576569
ci_generation_allam_ccs: 455.5587883752846
ci_generation_battery_discharger: 399004.5821809747
ci_generation_onwind: 1660322.6854365137
ci_generation_solar: 590521.4734779877
ci_marginal_cost_adv_geothermal: 0.0
ci_marginal_cost_allam_ccs: 37733.76571564765
ci_marginal_cost_grid: 33560857.77168452
ci_marginal_cost_onwind: 24904.840281547713
ci_marginal_cost_solar: 5905.214734779876
ci_revenue_grid: 56775598.1392988
ci_total_cost: 155221022.75961962
co2_price: 130.0
emissions: 296586219.8916169
emissions_zone: 0.9077413885922758
objective: 164500365483.6279
system_emission_rate: 0.09232082366842918
system_emissions: 98862073.29720554
system_grid_cfe_wavg: 0.8972691265982761
system_inv_H2_Electrolysis-2030: 7908.033635441711
system_inv_H2_Fuel_Cell-2030: 1742.2478972965146
system_inv_OCGT-2030: 69104.04956064289
system_inv_battery_charger-2030: 27840.237126044332
system_inv_battery_discharger-2030: 28414.320048300182
system_inv_offwind-ac-2030: 6107.383806434589
system_inv_offwind-dc-2030: 58181.714990055865
system_inv_onwind-2030: 222285.9446535419
system_inv_solar-2030: 391696.15683326527
system_inv_solar_rooftop-2030: 0.0
zone_average_marginal_price: 131.19866396257336
