ci_average cost: 132.2306177982414
ci_average_revenue: 0.0
ci_cap_H2_Electrolysis: 0.0
ci_cap_H2_Fuel_Cell: 0.0
ci_cap_adv_geothermal: 0.0
ci_cap_allam_ccs: 0.0
ci_cap_battery_charger: 0.0
ci_cap_battery_discharger: 0.0
ci_cap_onwind: 0.0
ci_cap_solar: 0.0
ci_capital_cost_adv_geothermal: 0.0
ci_capital_cost_allam_ccs: 0.0
ci_capital_cost_battery_inverter: 0.0
ci_capital_cost_battery_storage: 0.0
ci_capital_cost_grid: 0.0
ci_capital_cost_hydrogen_electrolysis: 0.0
ci_capital_cost_hydrogen_fuel_cell: 0.0
ci_capital_cost_hydrogen_storage: 0.0
ci_capital_cost_onwind: 0.0
ci_capital_cost_solar: 0.0
ci_clean_excess_total: 0.0
ci_clean_total: 0.0
ci_clean_used_grid_total: 1764146.9503412487
ci_clean_used_local_total: 0.0
ci_clean_used_total: 1764146.9503412487
ci_cost_adv_geothermal: 0.0
ci_cost_allam_ccs: 0.0
ci_cost_battery_inverter: 0.0
ci_cost_battery_storage: 0.0
ci_cost_grid: 259468207.4684212
ci_cost_hydrogen_electrolysis: 0.0
ci_cost_hydrogen_fuel_cell: 0.0
ci_cost_hydrogen_storage: 0.0
ci_cost_onwind: 0.0
ci_cost_solar: 0.0
ci_demand_total: 1962239.9999999998
ci_emission_rate_local: 0.06105652822333839
ci_emission_rate_myopic: 0.09145090022176382
ci_emission_rate_true: 0.07095779554919719
ci_emissions: 139236.2247384567
ci_fraction_clean: 0.0
ci_fraction_clean_excess: 0.0
ci_fraction_clean_used: 0.8990474918161127
ci_fraction_clean_used_grid: 0.8990474918161127
ci_fraction_clean_used_local: 0.0
ci_generation_H2_Fuel_Cell: -0.0
ci_generation_adv_geothermal: 0.0
ci_generation_allam_ccs: 0.0
ci_generation_battery_discharger: -0.0
ci_generation_onwind: 0.0
ci_generation_solar: 0.0
ci_marginal_cost_adv_geothermal: 0.0
ci_marginal_cost_allam_ccs: 0.0
ci_marginal_cost_grid: 259468207.4684212
ci_marginal_cost_onwind: 0.0
ci_marginal_cost_solar: 0.0
ci_revenue_grid: 0.0
ci_total_cost: 259468207.4684212
co2_price: 130.0
emissions: 297352222.1310206
emissions_zone: 0.9220034581736088
objective: 164660805205.02307
system_emission_rate: 0.09255926346411318
system_emissions: 99117407.37700689
system_grid_cfe_wavg: 0.8952156124032623
system_inv_H2_Electrolysis-2030: 7891.188102476188
system_inv_H2_Fuel_Cell-2030: 1739.0695028238592
system_inv_OCGT-2030: 69336.0733050687
system_inv_battery_charger-2030: 28202.834693004075
system_inv_battery_discharger-2030: 28784.39460153346
system_inv_offwind-ac-2030: 6064.580345056881
system_inv_offwind-dc-2030: 58181.748962026395
system_inv_onwind-2030: 221997.8091839558
system_inv_solar-2030: 392114.36784977844
system_inv_solar_rooftop-2030: 0.0
zone_average_marginal_price: 132.2306177982414
