ci_average cost: 81.03480920709269
ci_average_revenue: 25.598321695621852
ci_cap_H2_Electrolysis: 0.0
ci_cap_H2_Fuel_Cell: 0.0
ci_cap_adv_geothermal: 0.0
ci_cap_allam_ccs: 0.0
ci_cap_battery_charger: 0.0
ci_cap_battery_discharger: 0.0
ci_cap_onwind: 700.1808098488336
ci_cap_solar: 367.3566544792671
ci_capital_cost_adv_geothermal: 0.0
ci_capital_cost_allam_ccs: 0.0
ci_capital_cost_battery_inverter: 0.0
ci_capital_cost_battery_storage: 0.0
ci_capital_cost_grid: 0.0
ci_capital_cost_hydrogen_electrolysis: 0.0
ci_capital_cost_hydrogen_fuel_cell: 0.0
ci_capital_cost_hydrogen_storage: 0.0
ci_capital_cost_onwind: 76590795.50080341
ci_capital_cost_solar: 17629792.541015215
ci_clean_excess_total: 392447.29757765797
ci_clean_total: 1962240.0000073845
ci_clean_used_grid_total: 299448.5029800605
ci_clean_used_local_total: 1569792.7024297267
ci_clean_used_total: 1869241.2054097871
ci_cost_adv_geothermal: 0.0
ci_cost_allam_ccs: 0.0
ci_cost_battery_inverter: 0.0
ci_cost_battery_storage: 0.0
ci_cost_grid: 64761457.627953105
ci_cost_hydrogen_electrolysis: 0.0
ci_cost_hydrogen_fuel_cell: 0.0
ci_cost_hydrogen_storage: 0.0
ci_cost_onwind: 76615023.3470646
ci_cost_solar: 17633263.043507826
ci_demand_total: 1962239.9999999998
ci_emission_rate_local: 0.016306185520803842
ci_emission_rate_myopic: 0.025240365536598742
ci_emission_rate_true: 0.027140869961612038
ci_emissions: 53256.9006734736
ci_fraction_clean: 1.0000000000037634
ci_fraction_clean_excess: 0.19999964203036225
ci_fraction_clean_used: 0.9526058002129135
ci_fraction_clean_used_grid: 0.15260544223951228
ci_fraction_clean_used_local: 0.8000003579734013
ci_generation_H2_Fuel_Cell: -0.0
ci_generation_adv_geothermal: 0.0
ci_generation_allam_ccs: 0.0
ci_generation_battery_discharger: -0.0
ci_generation_onwind: 1615189.7507463351
ci_generation_solar: 347050.2492610493
ci_marginal_cost_adv_geothermal: 0.0
ci_marginal_cost_allam_ccs: 0.0
ci_marginal_cost_grid: 64761457.627953105
ci_marginal_cost_onwind: 24227.846261195034
ci_marginal_cost_solar: 3470.5024926104925
ci_revenue_grid: 50230050.764017016
ci_total_cost: 159009744.01852554
co2_price: 130.0
emissions: 296597510.4436002
emissions_zone: 0.9164284997213461
objective: 164510771580.29324
system_emission_rate: 0.09232433817108934
system_emissions: 98865836.81453332
system_grid_cfe_wavg: 0.8972831869528352
system_inv_H2_Electrolysis-2030: 7899.8030272969845
system_inv_H2_Fuel_Cell-2030: 1740.6469388431276
system_inv_OCGT-2030: 69243.80743195972
system_inv_battery_charger-2030: 28168.537134166112
system_inv_battery_discharger-2030: 28749.389805802544
system_inv_offwind-ac-2030: 6101.33864008472
system_inv_offwind-dc-2030: 58181.70897022889
system_inv_onwind-2030: 222240.32016072667
system_inv_solar-2030: 391772.3764149201
system_inv_solar_rooftop-2030: 0.0
zone_average_marginal_price: 131.11488022694306
