ci_average cost: 89.15071501875579
ci_average_revenue: 25.8932531809773
ci_cap_H2_Electrolysis: 209.11750631015028
ci_cap_H2_Fuel_Cell: 174.19971273655386
ci_cap_battery_charger: 83.42925329532245
ci_cap_battery_discharger: 85.1496161398112
ci_cap_onwind: 777.5374803256308
ci_cap_solar: 362.0089100162535
ci_capital_cost_battery_inverter: 1986063.952402094
ci_capital_cost_battery_storage: 10076068.077258475
ci_capital_cost_grid: 0.0
ci_capital_cost_hydrogen_electrolysis: 13919808.885187574
ci_capital_cost_hydrogen_fuel_cell: 36863316.28329078
ci_capital_cost_hydrogen_storage: 9596260.888992634
ci_capital_cost_onwind: 85052622.5685726
ci_capital_cost_solar: 17373149.23730554
ci_clean_excess_total: 392447.7820854616
ci_clean_total: 2354439.8119932306
ci_clean_used_grid_total: 248.17309339549772
ci_clean_used_local_total: 1961992.029907769
ci_clean_used_total: 1962240.2030011646
ci_cost_battery_inverter: 1986063.952402094
ci_cost_battery_storage: 10076068.077258475
ci_cost_grid: 25306.7546964841
ci_cost_hydrogen_electrolysis: 13919808.885187574
ci_cost_hydrogen_fuel_cell: 36863316.28329078
ci_cost_hydrogen_storage: 9596260.888992634
ci_cost_onwind: 85091658.42586347
ci_cost_solar: 17376615.770711794
ci_demand_total: 1962239.9999999998
ci_emission_rate_local: 1.0109723402594356e-06
ci_emission_rate_myopic: 1.218814542315545e-06
ci_emission_rate_true: 1.2317077194186856e-06
ci_emissions: 2.416906155352121
ci_fraction_clean: 1.1998735180167721
ci_fraction_clean_excess: 0.1999998889460319
ci_fraction_clean_used: 1.00000010345379
ci_fraction_clean_used_grid: 0.00012647438304972774
ci_fraction_clean_used_local: 0.9998736290707402
ci_generation_H2_Fuel_Cell: 303346.26719750604
ci_generation_battery_discharger: 138129.44426341105
ci_generation_onwind: 2602390.4860587
ci_generation_solar: 346653.3406253068
ci_marginal_cost_grid: 25306.7546964841
ci_marginal_cost_onwind: 39035.85729088051
ci_marginal_cost_solar: 3466.533406253068
ci_revenue_grid: 50808777.121840894
ci_total_cost: 174935099.03840333
co2_price: 130.0
emissions: 296437195.75514495
emissions_zone: 0.9096111520994486
objective: 164526161138.26297
system_emission_rate: 0.09227443570397648
system_emissions: 98812398.58504848
system_grid_cfe_wavg: 0.8971135167870969
system_inv_H2_Electrolysis-2030: 7894.405656197998
system_inv_H2_Fuel_Cell-2030: 1739.619535885095
system_inv_OCGT-2030: 69059.46991192638
system_inv_battery_charger-2030: 28096.586027185163
system_inv_battery_discharger-2030: 28675.955022458926
system_inv_offwind-ac-2030: 6110.506478041385
system_inv_offwind-dc-2030: 58181.71337672704
system_inv_onwind-2030: 222266.53046926798
system_inv_solar-2030: 391744.2578898061
system_inv_solar_rooftop-2030: 0.0
zone_average_marginal_price: 131.1071429113081
