ci_average cost: 79.10923904957531
ci_average_revenue: 28.939129765920544
ci_cap_H2_Electrolysis: 35.78140763890464
ci_cap_H2_Fuel_Cell: 14.624680133857874
ci_cap_battery_charger: 475.94549838047294
ci_cap_battery_discharger: 485.7597891606752
ci_cap_onwind: 511.4255429360705
ci_cap_solar: 617.6209672418361
ci_capital_cost_battery_inverter: 11330057.028024524
ci_capital_cost_battery_storage: 18123252.0408319
ci_capital_cost_grid: 0.0
ci_capital_cost_hydrogen_electrolysis: 2381772.6443133648
ci_capital_cost_hydrogen_fuel_cell: 3094805.3865718865
ci_capital_cost_hydrogen_storage: 1058952.7084958851
ci_capital_cost_onwind: 55943391.50963119
ci_capital_cost_solar: 29640213.09724023
ci_clean_excess_total: 392446.2069416332
ci_clean_total: 2125682.95738595
ci_clean_used_grid_total: 175046.74571776253
ci_clean_used_local_total: 1733236.7504443165
ci_clean_used_total: 1908283.496162079
ci_cost_battery_inverter: 11330057.028024524
ci_cost_battery_storage: 18123252.0408319
ci_cost_grid: 33628074.46293275
ci_cost_hydrogen_electrolysis: 2381772.6443133648
ci_cost_hydrogen_fuel_cell: 3094805.3865718865
ci_cost_hydrogen_storage: 1058952.7084958851
ci_cost_onwind: 55968272.6625535
ci_cost_solar: 29646126.298914813
ci_demand_total: 1962239.9999999998
ci_emission_rate_local: 0.009216923592929242
ci_emission_rate_myopic: 0.01499221791777863
ci_emission_rate_true: 0.015277165636278692
ci_emissions: 29977.465498131496
ci_fraction_clean: 1.0832940707487106
ci_fraction_clean_excess: 0.19999908621862425
ci_fraction_clean_used: 0.9725025971145626
ci_fraction_clean_used_grid: 0.08920761258447618
ci_fraction_clean_used_local: 0.8832949845300864
ci_generation_H2_Fuel_Cell: 55731.187637913856
ci_generation_battery_discharger: 388721.0561691539
ci_generation_onwind: 1658743.5281542302
ci_generation_solar: 591320.167458392
ci_marginal_cost_grid: 33628074.46293275
ci_marginal_cost_onwind: 24881.15292231346
ci_marginal_cost_solar: 5913.201674583919
ci_revenue_grid: 56785517.991879925
ci_total_cost: 155231313.23263863
co2_price: 130.0
emissions: 296586837.5898395
emissions_zone: 0.9078888120220969
objective: 164500424830.32803
system_emission_rate: 0.09232101594441788
system_emissions: 98862279.19661298
system_grid_cfe_wavg: 0.8970432498471619
system_inv_H2_Electrolysis-2030: 7908.030107566575
system_inv_H2_Fuel_Cell-2030: 1742.2862776830252
system_inv_OCGT-2030: 69103.63229728544
system_inv_battery_charger-2030: 27840.335265152047
system_inv_battery_discharger-2030: 28414.42021109705
system_inv_offwind-ac-2030: 6107.398987652129
system_inv_offwind-dc-2030: 58181.774910489374
system_inv_onwind-2030: 222285.9928444903
system_inv_solar-2030: 391695.7513895827
system_inv_solar_rooftop-2030: 0.0
zone_average_marginal_price: 131.19877114426274
