ci_average cost: 79.10827520526814
ci_average_revenue: 28.938226050316434
ci_cap_H2_Electrolysis: 35.7947469746247
ci_cap_H2_Fuel_Cell: 14.628361477394094
ci_cap_battery_charger: 475.8849206152162
ci_cap_battery_discharger: 485.6979622444021
ci_cap_onwind: 511.44480261360616
ci_cap_solar: 617.5764608870726
ci_capital_cost_battery_inverter: 11328614.952120194
ci_capital_cost_battery_storage: 18120940.10946061
ci_capital_cost_grid: 0.0
ci_capital_cost_hydrogen_electrolysis: 2382660.5709492303
ci_capital_cost_hydrogen_fuel_cell: 3095584.415015684
ci_capital_cost_hydrogen_storage: 1059248.6984959058
ci_capital_cost_onwind: 55945498.27120305
ci_capital_cost_solar: 29638077.19527229
ci_clean_excess_total: 392446.3675090558
ci_clean_total: 2125683.608902908
ci_clean_used_grid_total: 175087.56570076075
ci_clean_used_local_total: 1733237.2413938525
ci_clean_used_total: 1908324.8070946133
ci_cost_battery_inverter: 11328614.952120194
ci_cost_battery_storage: 18120940.10946061
ci_cost_grid: 33628004.82474136
ci_cost_hydrogen_electrolysis: 2382660.5709492303
ci_cost_hydrogen_fuel_cell: 3095584.415015684
ci_cost_hydrogen_storage: 1059248.6984959058
ci_cost_onwind: 55970376.33068563
ci_cost_solar: 29643992.03731672
ci_demand_total: 1962239.9999999998
ci_emission_rate_local: 0.00921630542975445
ci_emission_rate_myopic: 0.014993728590365529
ci_emission_rate_true: 0.015276368348747705
ci_emissions: 29975.901028646687
ci_fraction_clean: 1.0832944027758624
ci_fraction_clean_excess: 0.1999991680472602
ci_fraction_clean_used: 0.972523650060448
ci_fraction_clean_used_grid: 0.08922841533184563
ci_fraction_clean_used_local: 0.8832952347286024
ci_generation_H2_Fuel_Cell: 55749.34306014505
ci_generation_battery_discharger: 386846.96927777526
ci_generation_onwind: 1658537.2988389102
ci_generation_solar: 591484.2044430382
ci_marginal_cost_grid: 33628004.82474136
ci_marginal_cost_onwind: 24878.05948258366
ci_marginal_cost_solar: 5914.842044430381
ci_revenue_grid: 56783744.68497291
ci_total_cost: 155229421.93878534
co2_price: 130.0
emissions: 296586887.7976989
emissions_zone: 0.9075361411936037
objective: 164500409358.5085
system_emission_rate: 0.09232103157303012
system_emissions: 98862295.93256643
system_grid_cfe_wavg: 0.8971452884071863
system_inv_H2_Electrolysis-2030: 7907.941372590208
system_inv_H2_Fuel_Cell-2030: 1742.2217518273274
system_inv_OCGT-2030: 69104.17586735688
system_inv_battery_charger-2030: 27839.48722699595
system_inv_battery_discharger-2030: 28413.554685869247
system_inv_offwind-ac-2030: 6107.379217066068
system_inv_offwind-dc-2030: 58181.74885962816
system_inv_onwind-2030: 222286.36542627818
system_inv_solar-2030: 391694.61753750494
system_inv_solar_rooftop-2030: 0.0
zone_average_marginal_price: 131.1987593872841
