ci_average cost: 82.7373222045045
ci_average_revenue: 30.39336764524403
ci_cap_H2_Electrolysis: 108.28591284080656
ci_cap_H2_Fuel_Cell: 58.282315224331064
ci_cap_battery_charger: 499.890846353299
ci_cap_battery_discharger: 510.198905030536
ci_cap_onwind: 622.7397471113022
ci_cap_solar: 541.1770007535965
ci_capital_cost_battery_inverter: 11900084.812741864
ci_capital_cost_battery_storage: 19035041.789907977
ci_capital_cost_grid: 0.0
ci_capital_cost_hydrogen_electrolysis: 7208001.081777166
ci_capital_cost_hydrogen_fuel_cell: 12333426.881628463
ci_capital_cost_hydrogen_storage: 3830943.7074537603
ci_capital_cost_onwind: 68119737.00267677
ci_capital_cost_solar: 25971595.00153606
ci_clean_excess_total: 392446.79460586514
ci_clean_total: 2264165.686436406
ci_clean_used_grid_total: 70899.87533131597
ci_clean_used_local_total: 1871718.8918305407
ci_clean_used_total: 1942618.7671618566
ci_cost_battery_inverter: 11900084.812741864
ci_cost_battery_storage: 19035041.789907977
ci_cost_grid: 13915329.898848455
ci_cost_hydrogen_electrolysis: 7208001.081777166
ci_cost_hydrogen_fuel_cell: 12333426.881628463
ci_cost_hydrogen_storage: 3830943.7074537603
ci_cost_onwind: 68150876.73781767
ci_cost_solar: 25976778.212391533
ci_demand_total: 1962239.9999999998
ci_emission_rate_local: 0.0030918781089269037
ci_emission_rate_myopic: 0.005432139455937282
ci_emission_rate_true: 0.005713592426251318
ci_emissions: 11211.439602487384
ci_fraction_clean: 1.1538678685769357
ci_fraction_clean_excess: 0.19999938570504383
ci_fraction_clean_used: 0.9900005948109594
ci_fraction_clean_used_grid: 0.03613211193906758
ci_fraction_clean_used_local: 0.9538684828718917
ci_generation_H2_Fuel_Cell: 162228.3882469621
ci_generation_battery_discharger: 365372.4412833966
ci_generation_onwind: 2075982.3427266295
ci_generation_solar: 518321.0855471443
ci_marginal_cost_grid: 13915329.898848455
ci_marginal_cost_onwind: 31139.73514089945
ci_marginal_cost_solar: 5183.210855471442
ci_revenue_grid: 59639081.72820364
ci_total_cost: 162350483.12256688
co2_price: 130.0
emissions: 296539132.53566873
emissions_zone: 0.9086153417222886
objective: 164504576741.4449
system_emission_rate: 0.09230616640118652
system_emissions: 98846377.5118897
system_grid_cfe_wavg: 0.8972439967030705
system_inv_H2_Electrolysis-2030: 7915.088798712491
system_inv_H2_Fuel_Cell-2030: 1743.4274364859136
system_inv_OCGT-2030: 69065.52434328014
system_inv_battery_charger-2030: 27804.504247535067
system_inv_battery_discharger-2030: 28377.850335717918
system_inv_offwind-ac-2030: 6111.437029316515
system_inv_offwind-dc-2030: 58181.71831656913
system_inv_onwind-2030: 222273.87088556512
system_inv_solar-2030: 391715.6572998329
system_inv_solar_rooftop-2030: 0.0
zone_average_marginal_price: 131.13345843616978
