ci_average cost: 80.05571732110045
ci_average_revenue: 29.674383885048805
ci_cap_H2_Electrolysis: 55.73477065262553
ci_cap_H2_Fuel_Cell: 24.289105362240925
ci_cap_battery_charger: 503.15727296769717
ci_cap_battery_discharger: 513.5326873835953
ci_cap_onwind: 532.2369584507717
ci_cap_solar: 630.7026082423257
ci_capital_cost_battery_inverter: 11977843.29547764
ci_capital_cost_battery_storage: 19159428.914577845
ci_capital_cost_grid: 0.0
ci_capital_cost_hydrogen_electrolysis: 3709958.9098660336
ci_capital_cost_hydrogen_fuel_cell: 5139945.176376726
ci_capital_cost_hydrogen_storage: 1604891.2235282077
ci_capital_cost_onwind: 58219893.30366473
ci_capital_cost_solar: 30268013.39464218
ci_clean_excess_total: 392446.6279103566
ci_clean_total: 2173374.237898701
ci_clean_used_grid_total: 142068.91851678002
ci_clean_used_local_total: 1780927.6099883448
ci_clean_used_total: 1922996.5285051249
ci_cost_battery_inverter: 11977843.29547764
ci_cost_battery_storage: 19159428.914577845
ci_cost_grid: 26976230.514639206
ci_cost_hydrogen_electrolysis: 3709958.9098660336
ci_cost_hydrogen_fuel_cell: 5139945.176376726
ci_cost_hydrogen_storage: 1604891.2235282077
ci_cost_onwind: 58246178.32727034
ci_cost_solar: 30274054.394420132
ci_demand_total: 1962239.9999999998
ci_emission_rate_local: 0.006753216218069461
ci_emission_rate_myopic: 0.011263156199707636
ci_emission_rate_true: 0.011439630830356488
ci_emissions: 22447.301200558708
ci_fraction_clean: 1.1075985801424397
ci_fraction_clean_excess: 0.19999930075340258
ci_fraction_clean_used: 0.9800006770349831
ci_fraction_clean_used_grid: 0.07240139764594547
ci_fraction_clean_used_local: 0.9075992793890375
ci_generation_H2_Fuel_Cell: 85434.44984033951
ci_generation_battery_discharger: 413216.3604214316
ci_generation_onwind: 1752334.9070405797
ci_generation_solar: 604099.9777951214
ci_marginal_cost_grid: 26976230.514639206
ci_marginal_cost_onwind: 26285.023605608705
ci_marginal_cost_solar: 6040.999777951213
ci_revenue_grid: 58228263.03459816
ci_total_cost: 157088530.75615612
co2_price: 130.0
emissions: 296575987.7053152
emissions_zone: 0.9078719385341036
objective: 164500806879.41565
system_emission_rate: 0.09231763861192996
system_emissions: 98858662.5684385
system_grid_cfe_wavg: 0.8972405369632255
system_inv_H2_Electrolysis-2030: 7908.594225387274
system_inv_H2_Fuel_Cell-2030: 1742.3549119889872
system_inv_OCGT-2030: 69088.91303434396
system_inv_battery_charger-2030: 27805.556179697298
system_inv_battery_discharger-2030: 28378.923959372463
system_inv_offwind-ac-2030: 6108.845266668298
system_inv_offwind-dc-2030: 58181.7053874397
system_inv_onwind-2030: 222296.85001255153
system_inv_solar-2030: 391681.6457234607
system_inv_solar_rooftop-2030: 0.0
zone_average_marginal_price: 131.19772051276647
