ci_average cost: 79.10848878021464
ci_average_revenue: 28.93848147598452
ci_cap_H2_Electrolysis: 35.79184011045268
ci_cap_H2_Fuel_Cell: 14.62776765479204
ci_cap_battery_charger: 475.9010846860798
ci_cap_battery_discharger: 485.71445962841227
ci_cap_onwind: 511.438998300312
ci_cap_solar: 617.5868881093334
ci_capital_cost_battery_inverter: 11328999.743751407
ci_capital_cost_battery_storage: 18121557.830392934
ci_capital_cost_grid: 0.0
ci_capital_cost_hydrogen_electrolysis: 2382467.076896802
ci_capital_cost_hydrogen_fuel_cell: 3095458.753095513
ci_capital_cost_hydrogen_storage: 1059219.165304431
ci_capital_cost_onwind: 55944863.35381274
ci_capital_cost_solar: 29638577.607509267
ci_clean_excess_total: 392446.45032658306
ci_clean_total: 2125684.086066217
ci_clean_used_grid_total: 175089.30469209654
ci_clean_used_local_total: 1733237.6357396343
ci_clean_used_total: 1908326.9404317308
ci_cost_battery_inverter: 11328999.743751407
ci_cost_battery_storage: 18121557.830392934
ci_cost_grid: 33627904.2568589
ci_cost_hydrogen_electrolysis: 2382467.076896802
ci_cost_hydrogen_fuel_cell: 3095458.753095513
ci_cost_hydrogen_storage: 1059219.165304431
ci_cost_onwind: 55969742.41583181
ci_cost_solar: 29644491.781956546
ci_demand_total: 1962239.9999999998
ci_emission_rate_local: 0.00922108656340368
ci_emission_rate_myopic: 0.014987923413487687
ci_emission_rate_true: 0.015276297342245494
ci_emissions: 29975.76169684779
ci_fraction_clean: 1.0832946459486186
ci_fraction_clean_excess: 0.19999921025286566
ci_fraction_clean_used: 0.9725247372552446
ci_fraction_clean_used_grid: 0.08922930155949148
ci_fraction_clean_used_local: 0.8832954356957531
ci_generation_H2_Fuel_Cell: 55745.44242673975
ci_generation_battery_discharger: 387019.0670829658
ci_generation_onwind: 1658604.1346047008
ci_generation_solar: 591417.4447280267
ci_marginal_cost_grid: 33627904.2568589
ci_marginal_cost_onwind: 24879.06201907052
ci_marginal_cost_solar: 5914.174447280267
ci_revenue_grid: 56784245.89143586
ci_total_cost: 155229841.02408835
co2_price: 130.0
emissions: 296586823.8369549
emissions_zone: 0.9077959542563935
objective: 164500400881.9695
system_emission_rate: 0.09232101166344499
system_emissions: 98862274.61231835
system_grid_cfe_wavg: 0.8972507744175348
system_inv_H2_Electrolysis-2030: 7907.887878126949
system_inv_H2_Fuel_Cell-2030: 1742.3077737912708
system_inv_OCGT-2030: 69104.24883888022
system_inv_battery_charger-2030: 27839.25020685403
system_inv_battery_discharger-2030: 28413.312778225296
system_inv_offwind-ac-2030: 6107.339283896513
system_inv_offwind-dc-2030: 58181.72143754239
system_inv_onwind-2030: 222286.67334748525
system_inv_solar-2030: 391693.99663522816
system_inv_solar_rooftop-2030: 0.0
zone_average_marginal_price: 131.19877705894723
