ci_average cost: 79.10832789057204
ci_average_revenue: 28.938327658493908
ci_cap_H2_Electrolysis: 35.798361225829694
ci_cap_H2_Fuel_Cell: 14.628980438627464
ci_cap_battery_charger: 475.89054466248274
ci_cap_battery_discharger: 485.70370226300446
ci_cap_onwind: 511.44206074057735
ci_cap_solar: 617.5735888974147
ci_capital_cost_battery_inverter: 11328748.834626647
ci_capital_cost_battery_storage: 18121156.371293176
ci_capital_cost_grid: 0.0
ci_capital_cost_hydrogen_electrolysis: 2382901.151888265
ci_capital_cost_hydrogen_fuel_cell: 3095715.3966536806
ci_capital_cost_hydrogen_storage: 1059309.6641907373
ci_capital_cost_onwind: 55945198.34547889
ci_capital_cost_solar: 29637939.365778167
ci_clean_excess_total: 392446.52017348504
ci_clean_total: 2125685.146086857
ci_clean_used_grid_total: 175092.71538809413
ci_clean_used_local_total: 1733238.6259133723
ci_clean_used_total: 1908331.3413014663
ci_cost_battery_inverter: 11328748.834626647
ci_cost_battery_storage: 18121156.371293176
ci_cost_grid: 33627761.66146868
ci_cost_hydrogen_electrolysis: 2382901.151888265
ci_cost_hydrogen_fuel_cell: 3095715.3966536806
ci_cost_hydrogen_storage: 1059309.6641907373
ci_cost_onwind: 55970079.31646578
ci_cost_solar: 29643852.923409086
ci_demand_total: 1962239.9999999998
ci_emission_rate_local: 0.009213919471688415
ci_emission_rate_myopic: 0.014991699732802736
ci_emission_rate_true: 0.015273011264364936
ci_emissions: 29969.31362338744
ci_fraction_clean: 1.0832951861580935
ci_fraction_clean_excess: 0.19999924584835957
ci_fraction_clean_used: 0.9725269800337709
ci_fraction_clean_used_grid: 0.0892310397240369
ci_fraction_clean_used_local: 0.883295940309734
ci_generation_H2_Fuel_Cell: 55752.55811619908
ci_generation_battery_discharger: 388236.111006581
ci_generation_onwind: 1658731.3991259397
ci_generation_solar: 591355.7630918531
ci_marginal_cost_grid: 33627761.66146868
ci_marginal_cost_onwind: 24880.970986889104
ci_marginal_cost_solar: 5913.55763091853
ci_revenue_grid: 56783944.064603075
ci_total_cost: 155229525.31999606
co2_price: 130.0
emissions: 296586007.6564945
emissions_zone: 0.9076279128236274
objective: 164500396013.80954
system_emission_rate: 0.09232075760426323
system_emissions: 98862002.55216494
system_grid_cfe_wavg: 0.8972440445171895
system_inv_H2_Electrolysis-2030: 7908.255939560189
system_inv_H2_Fuel_Cell-2030: 1742.3764284245208
system_inv_OCGT-2030: 69103.7334907555
system_inv_battery_charger-2030: 27840.98735826515
system_inv_battery_discharger-2030: 28415.08575077378
system_inv_offwind-ac-2030: 6107.382951225719
system_inv_offwind-dc-2030: 58181.74418496186
system_inv_onwind-2030: 222285.80237009074
system_inv_solar-2030: 391698.05454499915
system_inv_solar_rooftop-2030: 0.0
zone_average_marginal_price: 131.19875584933618
