ci_average cost: 132.23067943856296
ci_average_revenue: 0.0
ci_cap_H2_Electrolysis: 0.0
ci_cap_H2_Fuel_Cell: 0.0
ci_cap_battery_charger: 0.0
ci_cap_battery_discharger: 0.0
ci_cap_onwind: 0.0
ci_cap_solar: 0.0
ci_capital_cost_battery_inverter: 0.0
ci_capital_cost_battery_storage: 0.0
ci_capital_cost_grid: 0.0
ci_capital_cost_hydrogen_electrolysis: 0.0
ci_capital_cost_hydrogen_fuel_cell: 0.0
ci_capital_cost_hydrogen_storage: 0.0
ci_capital_cost_onwind: 0.0
ci_capital_cost_solar: 0.0
ci_clean_excess_total: 0.0
ci_clean_total: 0.0
ci_clean_used_grid_total: 1764130.6710379599
ci_clean_used_local_total: 0.0
ci_clean_used_total: 1764130.6710379599
ci_cost_battery_inverter: 0.0
ci_cost_battery_storage: 0.0
ci_cost_grid: 259468328.42152578
ci_cost_hydrogen_electrolysis: 0.0
ci_cost_hydrogen_fuel_cell: 0.0
ci_cost_hydrogen_storage: 0.0
ci_cost_onwind: 0.0
ci_cost_solar: 0.0
ci_demand_total: 1962239.9999999998
ci_emission_rate_local: 0.06106736900439336
ci_emission_rate_myopic: 0.09145196587522891
ci_emission_rate_true: 0.07096161759985135
ci_emissions: 139243.7245191323
ci_fraction_clean: 0.0
ci_fraction_clean_excess: 0.0
ci_fraction_clean_used: 0.8990391955305977
ci_fraction_clean_used_grid: 0.8990391955305977
ci_fraction_clean_used_local: 0.0
ci_generation_H2_Fuel_Cell: -0.0
ci_generation_battery_discharger: -0.0
ci_generation_onwind: 0.0
ci_generation_solar: 0.0
ci_marginal_cost_grid: 259468328.42152578
ci_marginal_cost_onwind: 0.0
ci_marginal_cost_solar: 0.0
ci_revenue_grid: 0.0
ci_total_cost: 259468328.42152578
co2_price: 130.0
emissions: 297352157.9717284
emissions_zone: 0.9221280299631202
objective: 164660770845.51974
system_emission_rate: 0.09255924349272436
system_emissions: 99117385.9905761
system_grid_cfe_wavg: 0.8952146150342867
system_inv_H2_Electrolysis-2030: 7891.130484051535
system_inv_H2_Fuel_Cell-2030: 1739.0584512189487
system_inv_OCGT-2030: 69336.07249576287
system_inv_battery_charger-2030: 28203.004313787445
system_inv_battery_discharger-2030: 28784.567720002367
system_inv_offwind-ac-2030: 6064.558446141205
system_inv_offwind-dc-2030: 58181.717518991405
system_inv_onwind-2030: 221997.68271209672
system_inv_solar-2030: 392114.5960492266
system_inv_solar_rooftop-2030: 0.0
zone_average_marginal_price: 132.23067943856296
