ci_average cost: 81.03487925321328
ci_average_revenue: 25.59838651199796
ci_cap_H2_Electrolysis: 0.0
ci_cap_H2_Fuel_Cell: 0.0
ci_cap_battery_charger: 0.0
ci_cap_battery_discharger: 0.0
ci_cap_onwind: 700.1808928071772
ci_cap_solar: 367.3571620535076
ci_capital_cost_battery_inverter: 0.0
ci_capital_cost_battery_storage: 0.0
ci_capital_cost_grid: 0.0
ci_capital_cost_hydrogen_electrolysis: 0.0
ci_capital_cost_hydrogen_fuel_cell: 0.0
ci_capital_cost_hydrogen_storage: 0.0
ci_capital_cost_onwind: 76590804.57538164
ci_capital_cost_solar: 17629816.89998204
ci_clean_excess_total: 392447.1780704426
ci_clean_total: 1962240.0000075665
ci_clean_used_grid_total: 299459.03211896715
ci_clean_used_local_total: 1569792.8219371242
ci_clean_used_total: 1869251.8540560915
ci_cost_battery_inverter: 0.0
ci_cost_battery_storage: 0.0
ci_cost_grid: 64761561.460513994
ci_cost_hydrogen_electrolysis: 0.0
ci_cost_hydrogen_fuel_cell: 0.0
ci_cost_hydrogen_storage: 0.0
ci_cost_onwind: 76615032.96522394
ci_cost_solar: 17633287.040087245
ci_demand_total: 1962239.9999999998
ci_emission_rate_local: 0.016306814732174293
ci_emission_rate_myopic: 0.025238813054924866
ci_emission_rate_true: 0.02714012599589699
ci_emissions: 53255.44083418891
ci_fraction_clean: 1.0000000000038562
ci_fraction_clean_excess: 0.19999958112689714
ci_fraction_clean_used: 0.9526112269936867
ci_fraction_clean_used_grid: 0.15261080811672742
ci_fraction_clean_used_local: 0.8000004188769592
ci_generation_H2_Fuel_Cell: -0.0
ci_generation_battery_discharger: -0.0
ci_generation_onwind: 1615225.9894870054
ci_generation_solar: 347014.01052056125
ci_marginal_cost_grid: 64761561.460513994
ci_marginal_cost_onwind: 24228.38984230509
ci_marginal_cost_solar: 3470.140105205612
ci_revenue_grid: 50230177.94930287
ci_total_cost: 159009881.4658252
co2_price: 130.0
emissions: 296598805.3671713
emissions_zone: 0.9167608459694132
objective: 164510788259.31454
system_emission_rate: 0.09232474125256326
system_emissions: 98866268.45572364
system_grid_cfe_wavg: 0.8972868388261758
system_inv_H2_Electrolysis-2030: 7899.459877224426
system_inv_H2_Fuel_Cell-2030: 1740.4647853255938
system_inv_OCGT-2030: 69243.60150551835
system_inv_battery_charger-2030: 28167.634251235002
system_inv_battery_discharger-2030: 28748.468304866517
system_inv_offwind-ac-2030: 6101.391205388485
system_inv_offwind-dc-2030: 58181.737006927964
system_inv_onwind-2030: 222240.08571460345
system_inv_solar-2030: 391770.5642112038
system_inv_solar_rooftop-2030: 0.0
zone_average_marginal_price: 131.11512853423923
