ci_average cost: 103.37181417184647
ci_average_revenue: 20.369689004694454
ci_cap_H2_Electrolysis: 2.218320859916252
ci_cap_H2_Fuel_Cell: 101.00780120293948
ci_cap_adv_geothermal: 9215.99333211651
ci_cap_allam_ccs: 160.69094773218086
ci_cap_battery_charger: 81.51142756876807
ci_cap_battery_discharger: 83.19224365966801
ci_cap_onwind: 9700.676390864619
ci_cap_solar: 1351.4434781178154
ci_capital_cost_adv_geothermal: 7426837574.176512
ci_capital_cost_allam_ccs: 41043436.605660364
ci_capital_cost_battery_inverter: 2591327.4412662475
ci_capital_cost_battery_storage: 8189294.293308425
ci_capital_cost_grid: 0.0
ci_capital_cost_hydrogen_electrolysis: 187376.18952458887
ci_capital_cost_hydrogen_fuel_cell: 23317954.261684313
ci_capital_cost_hydrogen_storage: 919411.7575793144
ci_capital_cost_onwind: 1113453657.8031013
ci_capital_cost_solar: 74736443.72552578
ci_clean_excess_total: 16823579.82076986
ci_clean_total: 100941479.82075655
ci_clean_used_grid_total: 0.15929548594338583
ci_clean_used_local_total: 84117899.99998671
ci_clean_used_total: 84117900.1592822
ci_cost_adv_geothermal: 7426837574.176512
ci_cost_allam_ccs: 44890579.162652336
ci_cost_battery_inverter: 2591327.4412662475
ci_cost_battery_storage: 8189294.293308425
ci_cost_grid: 13.668420383873588
ci_cost_hydrogen_electrolysis: 187376.18952458887
ci_cost_hydrogen_fuel_cell: 23317954.261684313
ci_cost_hydrogen_storage: 919411.7575793144
ci_cost_onwind: 1113737191.4347737
ci_cost_solar: 74749204.9402432
ci_demand_total: 84117900.0
ci_emission_rate_local: 2.722725724942714e-11
ci_emission_rate_myopic: 8.215505864074287e-11
ci_emission_rate_true: 2.584373794908389e-11
ci_emissions: 0.0021739209644272436
ci_fraction_clean: 1.1999999978691402
ci_fraction_clean_excess: 0.19999999786929845
ci_fraction_clean_used: 1.0000000018935589
ci_fraction_clean_used_grid: 1.8937168657727525e-09
ci_fraction_clean_used_local: 0.999999999999842
ci_generation_H2_Fuel_Cell: 3950.3760060471113
ci_generation_adv_geothermal: 80732100.33312844
ci_generation_allam_ccs: 46446.45369289184
ci_generation_battery_discharger: 182130.67327045655
ci_generation_onwind: 18902242.111484624
ci_generation_solar: 1276121.4717424752
ci_marginal_cost_adv_geothermal: 0.0
ci_marginal_cost_allam_ccs: 3847142.556991974
ci_marginal_cost_grid: 13.668420383873588
ci_marginal_cost_onwind: 283533.63167227013
ci_marginal_cost_solar: 12761.21471742469
ci_revenue_grid: 1713455462.7279875
ci_total_cost: 8695419927.325964
co2_price: 80.0
emissions: 494858190.8316748
emissions_zone: 99.47154934854281
objective: 144431391012.1274
system_emission_rate: 0.15808121821520896
system_emissions: 164952730.27722496
system_grid_cfe_wavg: 0.6813508305106771
system_inv_H2_Electrolysis-2025: 100.3793730490346
system_inv_H2_Fuel_Cell-2025: 21.054153513124465
system_inv_OCGT-2025: 16918.73564450915
system_inv_battery_charger-2025: 1714.815063679002
system_inv_battery_discharger-2025: 1750.1756117385676
system_inv_offwind-ac-2025: 542.0579249784262
system_inv_offwind-dc-2025: 15679.13285763326
system_inv_onwind-2025: 114615.85088622804
system_inv_solar-2025: 189149.1931274551
system_inv_solar_rooftop-2025: 0.0
zone_average_marginal_price: 107.34711054226919
