ci_average cost: 89.0110273733795
ci_average_revenue: 18.83405742758774
ci_cap_H2_Electrolysis: 0.0024236053655593936
ci_cap_H2_Fuel_Cell: 0.0006213669125411368
ci_cap_adv_geothermal: 0.0009237669131878642
ci_cap_allam_ccs: 0.0008496576032381647
ci_cap_battery_charger: 0.011970413677044243
ci_cap_battery_discharger: 0.012217251016583292
ci_cap_onwind: 28752.123966668245
ci_cap_solar: 19631.87054475171
ci_capital_cost_adv_geothermal: 744.4305321637083
ci_capital_cost_allam_ccs: 217.01824817876224
ci_capital_cost_battery_inverter: 380.55107571835606
ci_capital_cost_battery_storage: 912.6405824958142
ci_capital_cost_grid: 0.0
ci_capital_cost_hydrogen_electrolysis: 204.71607444876662
ci_capital_cost_hydrogen_fuel_cell: 143.44441789449203
ci_capital_cost_hydrogen_storage: 222.70468038619686
ci_capital_cost_onwind: 3300198492.3900294
ci_capital_cost_solar: 1085665965.2818534
ci_clean_excess_total: 16823573.7765596
ci_clean_total: 74157894.15614012
ci_clean_used_grid_total: 14137528.735413874
ci_clean_used_local_total: 57334320.37958051
ci_clean_used_total: 71471849.11499439
ci_cost_adv_geothermal: 744.4305321637083
ci_cost_allam_ccs: 565.5566761878067
ci_cost_battery_inverter: 380.55107571835606
ci_cost_battery_storage: 912.6405824958142
ci_cost_grid: 3100533361.5667753
ci_cost_hydrogen_electrolysis: 204.71607444876662
ci_cost_hydrogen_fuel_cell: 143.44441789449203
ci_cost_hydrogen_storage: 222.70468038619686
ci_cost_onwind: 3301032874.3233633
ci_cost_solar: 1085851289.557023
ci_demand_total: 84117900.0
ci_emission_rate_local: 0.12076933076563333
ci_emission_rate_myopic: 0.06684557855521427
ci_emission_rate_true: 0.11678377282076971
ci_emissions: 9823605.723760225
ci_fraction_clean: 0.8815946921658782
ci_fraction_clean_excess: 0.19999992601526664
ci_fraction_clean_used: 0.8496627841992536
ci_fraction_clean_used_grid: 0.16806801804864213
ci_fraction_clean_used_local: 0.6815947661506114
ci_generation_H2_Fuel_Cell: 2.743903540940003
ci_generation_adv_geothermal: 7.226514454814943
ci_generation_allam_ccs: 4.207895526848597
ci_generation_battery_discharger: 37.695767207085424
ci_generation_onwind: 55625462.22225042
ci_generation_solar: 18532427.51697065
ci_marginal_cost_adv_geothermal: 0.0
ci_marginal_cost_allam_ccs: 348.53842800904454
ci_marginal_cost_grid: 3100533361.5667753
ci_marginal_cost_onwind: 834381.9333337585
ci_marginal_cost_solar: 185324.2751697056
ci_revenue_grid: 1584281359.2880828
ci_total_cost: 7487420699.4912
co2_price: 80.0
emissions: 522877046.8671246
emissions_zone: 112.21159463141655
objective: 143308026473.88965
system_emission_rate: 0.1670317720852714
system_emissions: 174292348.95570838
system_grid_cfe_wavg: 0.6823766291474658
system_inv_H2_Electrolysis-2025: 96.2446298597304
system_inv_H2_Fuel_Cell-2025: 19.996746176600954
system_inv_OCGT-2025: 17040.0455186813
system_inv_battery_charger-2025: 1737.1945489451962
system_inv_battery_discharger-2025: 1773.016575843539
system_inv_offwind-ac-2025: 542.063816654135
system_inv_offwind-dc-2025: 15202.21870029498
system_inv_onwind-2025: 114751.2906486133
system_inv_solar-2025: 188932.92301931343
system_inv_solar_rooftop-2025: 0.0
zone_average_marginal_price: 108.61490653049898
