ci_average cost: 89.06389261657355
ci_average_revenue: 18.89181172312975
ci_cap_H2_Electrolysis: 0.0007812425443099547
ci_cap_H2_Fuel_Cell: 0.00021559521453026086
ci_cap_adv_geothermal: 0.00036922721049787257
ci_cap_allam_ccs: 0.00037459880280499855
ci_cap_battery_charger: 0.004793099005885618
ci_cap_battery_discharger: 0.004891935674248126
ci_cap_onwind: 28982.457358505457
ci_cap_solar: 19428.629422048718
ci_capital_cost_adv_geothermal: 297.54692972463545
ci_capital_cost_allam_ccs: 95.67945445880383
ci_capital_cost_battery_inverter: 152.3772721582956
ci_capital_cost_battery_storage: 383.11942491660074
ci_capital_cost_grid: 0.0
ci_capital_cost_hydrogen_electrolysis: 65.98966528801455
ci_capital_cost_hydrogen_fuel_cell: 49.77080276556243
ci_capital_cost_hydrogen_storage: 69.10219748877076
ci_capital_cost_onwind: 3326636397.059941
ci_capital_cost_solar: 1074426487.6599262
ci_clean_excess_total: 16823578.917535353
ci_clean_total: 74251058.2988016
ci_clean_used_grid_total: 14072737.889964215
ci_clean_used_local_total: 57427479.381266244
ci_clean_used_total: 71500217.27123046
ci_cost_adv_geothermal: 297.54692972463545
ci_cost_allam_ccs: 251.06235417042305
ci_cost_battery_inverter: 152.3772721582956
ci_cost_battery_storage: 383.11942491660074
ci_cost_grid: 3089781399.110153
ci_cost_hydrogen_electrolysis: 65.98966528801455
ci_cost_hydrogen_fuel_cell: 49.77080276556243
ci_cost_hydrogen_storage: 69.10219748877076
ci_cost_onwind: 3327475045.1809983
ci_cost_solar: 1074609899.4718747
ci_demand_total: 84117900.0
ci_emission_rate_local: 0.12030334598524811
ci_emission_rate_myopic: 0.06661493555387413
ci_emission_rate_true: 0.11638518319856611
ci_emissions: 9790077.201778663
ci_fraction_clean: 0.8827022345874255
ci_fraction_clean_excess: 0.19999998713157785
ci_fraction_clean_used: 0.8500000270005607
ci_fraction_clean_used_grid: 0.16729777954471303
ci_fraction_clean_used_local: 0.6827022474558476
ci_generation_H2_Fuel_Cell: 0.895418376661471
ci_generation_adv_geothermal: 2.876935381292169
ci_generation_allam_ccs: 1.8759337740179394
ci_generation_battery_discharger: 14.606911945154783
ci_generation_onwind: 55909874.737159826
ci_generation_solar: 18341181.194859717
ci_marginal_cost_adv_geothermal: 0.0
ci_marginal_cost_allam_ccs: 155.38289971161922
ci_marginal_cost_grid: 3089781399.110153
ci_marginal_cost_onwind: 838648.1210573997
ci_marginal_cost_solar: 183411.8119485963
ci_revenue_grid: 1589139529.3450558
ci_total_cost: 7491867612.731672
co2_price: 80.0
emissions: 522805319.3011681
emissions_zone: 112.13747086320562
objective: 143308093853.28046
system_emission_rate: 0.1670088588927324
system_emissions: 174268439.7670562
system_grid_cfe_wavg: 0.6823864824601432
system_inv_H2_Electrolysis-2025: 96.20721186306861
system_inv_H2_Fuel_Cell-2025: 19.93500038691985
system_inv_OCGT-2025: 17039.446015526028
system_inv_battery_charger-2025: 1736.9948822169047
system_inv_battery_discharger-2025: 1772.8127918637192
system_inv_offwind-ac-2025: 542.0186275991081
system_inv_offwind-dc-2025: 15204.748800770178
system_inv_onwind-2025: 114743.39987608648
system_inv_solar-2025: 188913.25577011477
system_inv_solar_rooftop-2025: 0.0
zone_average_marginal_price: 108.61590181093186
