ci_average cost: 98.5195440894782
ci_average_revenue: 19.45966845290739
ci_cap_H2_Electrolysis: 0.0012198163154385447
ci_cap_H2_Fuel_Cell: 0.0005972776940525629
ci_cap_adv_geothermal: 5886.392791232167
ci_cap_allam_ccs: 1380.953569170404
ci_cap_battery_charger: 690.8090309202528
ci_cap_battery_discharger: 705.0539407389424
ci_cap_onwind: 18055.39922724509
ci_cap_solar: 9016.29776282026
ci_capital_cost_adv_geothermal: 4743632246.991315
ci_capital_cost_allam_ccs: 352721052.87518334
ci_capital_cost_battery_inverter: 21961489.963943344
ci_capital_cost_battery_storage: 69399966.47628033
ci_capital_cost_grid: 0.0
ci_capital_cost_hydrogen_electrolysis: 103.03492936338678
ci_capital_cost_hydrogen_fuel_cell: 137.8833494599092
ci_capital_cost_hydrogen_storage: 147.2297183719273
ci_capital_cost_onwind: 2072417376.1330347
ci_capital_cost_solar: 498612070.18593216
ci_clean_excess_total: 16823578.485576086
ci_clean_total: 99380986.44698238
ci_clean_used_grid_total: 719314.4040446529
ci_clean_used_local_total: 82557407.9614063
ci_clean_used_total: 83276722.36545096
ci_cost_adv_geothermal: 4743632246.991315
ci_cost_allam_ccs: 698989637.2932711
ci_cost_battery_inverter: 21961489.963943344
ci_cost_battery_storage: 69399966.47628033
ci_cost_grid: 181631117.29344207
ci_cost_hydrogen_electrolysis: 103.03492936338678
ci_cost_hydrogen_fuel_cell: 137.8833494599092
ci_cost_hydrogen_storage: 147.2297183719273
ci_cost_onwind: 2072945103.576641
ci_cost_solar: 498697208.02142906
ci_demand_total: 84117900.0
ci_emission_rate_local: 0.007521145191101067
ci_emission_rate_myopic: 0.004146537681931071
ci_emission_rate_true: 0.007833179352941547
ci_emissions: 658910.5974928018
ci_fraction_clean: 1.181448733824577
ci_fraction_clean_excess: 0.1999999819964132
ci_fraction_clean_used: 0.990000016232585
ci_fraction_clean_used_grid: 0.008551264404421091
ci_fraction_clean_used_local: 0.9814487518281638
ci_generation_H2_Fuel_Cell: 1.4994774093585324
ci_generation_adv_geothermal: 51564800.07580748
ci_generation_allam_ccs: 4180491.763230356
ci_generation_battery_discharger: 1437976.7096077288
ci_generation_onwind: 35181829.57375741
ci_generation_solar: 8513783.549692165
ci_marginal_cost_adv_geothermal: 0.0
ci_marginal_cost_allam_ccs: 346268584.41808766
ci_marginal_cost_grid: 181631117.29344207
ci_marginal_cost_onwind: 527727.4436063626
ci_marginal_cost_solar: 85137.83549692124
ci_revenue_grid: 1636906444.9548187
ci_total_cost: 8287257157.764318
co2_price: 80.0
emissions: 497625080.2210362
emissions_zone: 100.89010432805703
objective: 144088813444.03943
system_emission_rate: 0.15896509414863932
system_emissions: 165875026.74034548
system_grid_cfe_wavg: 0.6826781489789847
system_inv_H2_Electrolysis-2025: 99.87918212858047
system_inv_H2_Fuel_Cell-2025: 20.94093890165464
system_inv_OCGT-2025: 16924.78253811263
system_inv_battery_charger-2025: 1714.9312603974686
system_inv_battery_discharger-2025: 1750.2942045052935
system_inv_offwind-ac-2025: 542.0512893061594
system_inv_offwind-dc-2025: 15563.20858571123
system_inv_onwind-2025: 114534.90768662975
system_inv_solar-2025: 189262.68226822818
system_inv_solar_rooftop-2025: 0.0
zone_average_marginal_price: 107.41149518877242
