ci_average cost: 93.94745995787083
ci_average_revenue: 18.999715003956194
ci_cap_H2_Electrolysis: 1.867026260320905e-09
ci_cap_H2_Fuel_Cell: 6.300002788159026e-10
ci_cap_adv_geothermal: 2377.285666596429
ci_cap_allam_ccs: 1916.6666046523303
ci_cap_battery_charger: 723.0873844865904
ci_cap_battery_discharger: 737.9978939356666
ci_cap_onwind: 25029.542332064706
ci_cap_solar: 15531.63511022224
ci_capital_cost_adv_geothermal: 1915769019.8952076
ci_capital_cost_allam_ccs: 489552058.73417103
ci_capital_cost_battery_inverter: 22987650.170557044
ci_capital_cost_battery_storage: 72642189.12058076
ci_capital_cost_grid: 0.0
ci_capital_cost_hydrogen_electrolysis: 0.0001577031856493842
ci_capital_cost_hydrogen_fuel_cell: 0.00014543745642737617
ci_capital_cost_hydrogen_storage: 0.00017238172237684493
ci_capital_cost_onwind: 2872916726.6130223
ci_capital_cost_solar: 858918032.5892484
ci_clean_excess_total: 16823579.96550911
ci_clean_total: 92715361.10588132
ci_clean_used_grid_total: 4020223.7367619043
ci_clean_used_local_total: 75891781.14037222
ci_clean_used_total: 79912004.87713411
ci_cost_adv_geothermal: 1915769019.8952076
ci_cost_allam_ccs: 1206811760.5997682
ci_cost_battery_inverter: 22987650.170557044
ci_cost_battery_storage: 72642189.12058076
ci_cost_grid: 951741543.8213555
ci_cost_hydrogen_electrolysis: 0.0001577031856493842
ci_cost_hydrogen_fuel_cell: 0.00014543745642737617
ci_cost_hydrogen_storage: 0.00017238172237684493
ci_cost_onwind: 2873646205.3563776
ci_cost_solar: 859064673.0258602
ci_demand_total: 84117900.0
ci_emission_rate_local: 0.03730040431688737
ci_emission_rate_myopic: 0.020843042647786903
ci_emission_rate_true: 0.037886402130346775
ci_emissions: 3186924.585760297
ci_fraction_clean: 1.1022072722438543
ci_fraction_clean_excess: 0.19999999958996967
ci_fraction_clean_used: 0.949999998539361
ci_fraction_clean_used_grid: 0.04779272588547627
ci_fraction_clean_used_local: 0.9022072726538848
ci_generation_H2_Fuel_Cell: 2.2200436384367726e-06
ci_generation_adv_geothermal: 20825022.439370863
ci_generation_allam_ccs: 8659458.035401145
ci_generation_battery_discharger: 1561906.1907462047
ci_generation_onwind: 48631916.223700285
ci_generation_solar: 14664043.66118063
ci_marginal_cost_adv_geothermal: 0.0
ci_marginal_cost_allam_ccs: 717259701.865597
ci_marginal_cost_grid: 951741543.8213555
ci_marginal_cost_onwind: 729478.7433555062
ci_marginal_cost_solar: 146640.4366118056
ci_revenue_grid: 1598216126.7312868
ci_total_cost: 7902663041.990183
co2_price: 80.0
emissions: 504643645.56032974
emissions_zone: 104.18005320925023
objective: 143733310868.82288
system_emission_rate: 0.1612071573892089
system_emissions: 168214548.52010977
system_grid_cfe_wavg: 0.6821020560008746
system_inv_H2_Electrolysis-2025: 98.61206935734148
system_inv_H2_Fuel_Cell-2025: 20.56825067055746
system_inv_OCGT-2025: 16965.60044439079
system_inv_battery_charger-2025: 1722.423746899267
system_inv_battery_discharger-2025: 1757.9411907165036
system_inv_offwind-ac-2025: 542.0000000536196
system_inv_offwind-dc-2025: 15415.070073073448
system_inv_onwind-2025: 114534.38141652339
system_inv_solar-2025: 189249.59986026486
system_inv_solar_rooftop-2025: 0.0
zone_average_marginal_price: 107.74463589782695
