ci_average cost: 96.90762795199691
ci_average_revenue: 19.255195543445506
ci_cap_H2_Electrolysis: 2.648385462713291e-07
ci_cap_H2_Fuel_Cell: 1.1254560484589104e-07
ci_cap_adv_geothermal: 4711.4945494772965
ci_cap_allam_ccs: 1643.415057504217
ci_cap_battery_charger: 717.5653177764011
ci_cap_battery_discharger: 732.3619587918313
ci_cap_onwind: 20481.977930712463
ci_cap_solar: 11287.122605145589
ci_capital_cost_adv_geothermal: 3796824009.045784
ci_capital_cost_allam_ccs: 419758565.6279866
ci_capital_cost_battery_inverter: 22812098.307150606
ci_capital_cost_battery_storage: 72087435.9642016
ci_capital_cost_grid: 0.0
ci_capital_cost_hydrogen_electrolysis: 0.0223702704763037
ci_capital_cost_hydrogen_fuel_cell: 0.02598149088383197
ci_capital_cost_hydrogen_storage: 0.023905188381069836
ci_capital_cost_onwind: 2350942586.588183
ci_capital_cost_solar: 624191405.0134133
ci_clean_excess_total: 16823579.951527737
ci_clean_total: 97757745.65093789
ci_clean_used_grid_total: 1501376.1952530304
ci_clean_used_local_total: 80934165.69941014
ci_clean_used_total: 82435541.89466317
ci_cost_adv_geothermal: 3796824009.045784
ci_cost_allam_ccs: 915082883.9460337
ci_cost_battery_inverter: 22812098.307150606
ci_cost_battery_storage: 72087435.9642016
ci_cost_grid: 369020505.8289227
ci_cost_hydrogen_electrolysis: 0.0223702704763037
ci_cost_hydrogen_fuel_cell: 0.02598149088383197
ci_cost_hydrogen_storage: 0.023905188381069836
ci_cost_onwind: 2351541238.656705
ci_cost_solar: 624297985.482226
ci_demand_total: 84117900.0
ci_emission_rate_local: 0.014736855463798451
ci_emission_rate_myopic: 0.008247420189315728
ci_emission_rate_true: 0.01528757233660151
ci_emissions: 1285958.4810530122
ci_fraction_clean: 1.1621515236464282
ci_fraction_clean_excess: 0.19999999942375804
ci_fraction_clean_used: 0.9799999987477478
ci_fraction_clean_used_grid: 0.017848474525077665
ci_fraction_clean_used_local: 0.9621515242226701
ci_generation_H2_Fuel_Cell: 0.00033075785312179846
ci_generation_adv_geothermal: 41272692.25323446
ci_generation_allam_ccs: 5980037.826232906
ci_generation_battery_discharger: 1516065.035640187
ci_generation_onwind: 39910137.9014732
ci_generation_solar: 10658046.88127462
ci_marginal_cost_adv_geothermal: 0.0
ci_marginal_cost_allam_ccs: 495324318.31804705
ci_marginal_cost_grid: 369020505.8289227
ci_marginal_cost_onwind: 598652.0685220996
ci_marginal_cost_solar: 106580.46881274569
ci_revenue_grid: 1619706613.2039948
ci_total_cost: 8151666157.303281
co2_price: 80.0
emissions: 499415248.6905723
emissions_zone: 101.68833279512823
objective: 143967376708.44907
system_emission_rate: 0.15953695901360046
system_emissions: 166471749.56352448
system_grid_cfe_wavg: 0.682876872997348
system_inv_H2_Electrolysis-2025: 98.61210793258262
system_inv_H2_Fuel_Cell-2025: 20.570122271373354
system_inv_OCGT-2025: 16933.479314320703
system_inv_battery_charger-2025: 1719.3514338656805
system_inv_battery_discharger-2025: 1754.8055246864456
system_inv_offwind-ac-2025: 542.0000081636922
system_inv_offwind-dc-2025: 15519.644599588713
system_inv_onwind-2025: 114530.63617732134
system_inv_solar-2025: 189227.5105036592
system_inv_solar_rooftop-2025: 0.0
zone_average_marginal_price: 107.4969033775466
