ci_average cost: 90.98663053351358
ci_average_revenue: 18.959239948734904
ci_cap_H2_Electrolysis: 0.0006734083634036574
ci_cap_H2_Fuel_Cell: 0.00019617522695881357
ci_cap_adv_geothermal: 0.005603107957459095
ci_cap_allam_ccs: 1633.2877783317656
ci_cap_battery_charger: 551.2062582592274
ci_cap_battery_discharger: 562.5724724934857
ci_cap_onwind: 29560.59851718926
ci_cap_solar: 19586.761547834376
ci_capital_cost_adv_geothermal: 4515.3431877611665
ci_capital_cost_allam_ccs: 417171871.4391198
ci_capital_cost_battery_inverter: 17523382.247474156
ci_capital_cost_battery_storage: 55374802.759735905
ci_capital_cost_grid: 0.0
ci_capital_cost_hydrogen_electrolysis: 56.88117323718924
ci_capital_cost_hydrogen_fuel_cell: 45.287640311172645
ci_capital_cost_hydrogen_storage: 52.058328669200115
ci_capital_cost_onwind: 3392996036.5247955
ci_capital_cost_solar: 1083171383.6998532
ci_clean_excess_total: 16823579.563286208
ci_clean_total: 83881520.09087788
ci_clean_used_grid_total: 8648169.891345084
ci_clean_used_local_total: 67057940.52759167
ci_clean_used_total: 75706110.41893676
ci_cost_adv_geothermal: 4515.3431877611665
ci_cost_allam_ccs: 1128559421.8920786
ci_cost_battery_inverter: 17523382.247474156
ci_cost_battery_storage: 55374802.759735905
ci_cost_grid: 1974936920.9554653
ci_cost_hydrogen_electrolysis: 56.88117323718924
ci_cost_hydrogen_fuel_cell: 45.287640311172645
ci_cost_hydrogen_storage: 52.058328669200115
ci_cost_onwind: 3393848773.8041983
ci_cost_solar: 1083356317.3257601
ci_demand_total: 84117900.0
ci_emission_rate_local: 0.07722490337443717
ci_emission_rate_myopic: 0.04296903281965945
ci_emission_rate_true: 0.07637089385967849
ci_emissions: 6424159.21259905
ci_fraction_clean: 0.9971898976422126
ci_fraction_clean_excess: 0.19999999480831318
ci_fraction_clean_used: 0.900000004980352
ci_fraction_clean_used_grid: 0.10281010214645259
ci_fraction_clean_used_local: 0.7971899028338995
ci_generation_H2_Fuel_Cell: 0.8155669829276442
ci_generation_adv_geothermal: 48.44968383324678
ci_generation_allam_ccs: 8588563.701587323
ci_generation_battery_discharger: 1190522.9413157036
ci_generation_onwind: 56849151.96019536
ci_generation_solar: 18493362.590702415
ci_marginal_cost_adv_geothermal: 0.0
ci_marginal_cost_allam_ccs: 711387550.4529588
ci_marginal_cost_grid: 1974936920.9554653
ci_marginal_cost_onwind: 852737.2794029327
ci_marginal_cost_solar: 184933.62590702326
ci_revenue_grid: 1594811450.0836878
ci_total_cost: 7653604288.555041
co2_price: 80.0
emissions: 513608863.44194424
emissions_zone: 107.88413824666321
objective: 143476440270.99313
system_emission_rate: 0.16407107394257267
system_emissions: 171202954.48064813
system_grid_cfe_wavg: 0.6822321229897512
system_inv_H2_Electrolysis-2025: 98.44557166318651
system_inv_H2_Fuel_Cell-2025: 20.496086799217398
system_inv_OCGT-2025: 17003.92695073054
system_inv_battery_charger-2025: 1728.393673539196
system_inv_battery_discharger-2025: 1764.0342209390487
system_inv_offwind-ac-2025: 542.0152402535998
system_inv_offwind-dc-2025: 15329.461388748401
system_inv_onwind-2025: 114623.37278030271
system_inv_solar-2025: 189093.27811994756
system_inv_solar_rooftop-2025: 0.0
zone_average_marginal_price: 108.16235592549883
