ci_average cost: 112.7070441624112
ci_average_revenue: 0.0
ci_cap_H2_Electrolysis: 0.0
ci_cap_H2_Fuel_Cell: 0.0
ci_cap_adv_geothermal: 0.0
ci_cap_allam_ccs: 0.0
ci_cap_battery_charger: 0.0
ci_cap_battery_discharger: 0.0
ci_cap_onwind: 0.0
ci_cap_solar: 0.0
ci_capital_cost_adv_geothermal: 0.0
ci_capital_cost_allam_ccs: 0.0
ci_capital_cost_battery_inverter: 0.0
ci_capital_cost_battery_storage: 0.0
ci_capital_cost_grid: 0.0
ci_capital_cost_hydrogen_electrolysis: 0.0
ci_capital_cost_hydrogen_fuel_cell: 0.0
ci_capital_cost_hydrogen_storage: 0.0
ci_capital_cost_onwind: 0.0
ci_capital_cost_solar: 0.0
ci_clean_excess_total: 0.0
ci_clean_total: 0.0
ci_clean_used_grid_total: 55313859.321410105
ci_clean_used_local_total: 0.0
ci_clean_used_total: 55313859.321410105
ci_cost_adv_geothermal: 0.0
ci_cost_allam_ccs: 0.0
ci_cost_battery_inverter: 0.0
ci_cost_battery_storage: 0.0
ci_cost_grid: 9480679870.149288
ci_cost_hydrogen_electrolysis: 0.0
ci_cost_hydrogen_fuel_cell: 0.0
ci_cost_hydrogen_storage: 0.0
ci_cost_onwind: 0.0
ci_cost_solar: 0.0
ci_demand_total: 84117900.0
ci_emission_rate_local: 0.31155785795602353
ci_emission_rate_myopic: 0.18174408299934178
ci_emission_rate_true: 0.28437227903683754
ci_emissions: 23920798.930792797
ci_fraction_clean: 0.0
ci_fraction_clean_excess: 0.0
ci_fraction_clean_used: 0.6575753712516611
ci_fraction_clean_used_grid: 0.6575753712516611
ci_fraction_clean_used_local: 0.0
ci_generation_H2_Fuel_Cell: -0.0
ci_generation_adv_geothermal: 0.0
ci_generation_allam_ccs: 0.0
ci_generation_battery_discharger: -0.0
ci_generation_onwind: 0.0
ci_generation_solar: 0.0
ci_marginal_cost_adv_geothermal: 0.0
ci_marginal_cost_allam_ccs: 0.0
ci_marginal_cost_grid: 9480679870.149288
ci_marginal_cost_onwind: 0.0
ci_marginal_cost_solar: 0.0
ci_revenue_grid: 0.0
ci_total_cost: 9480679870.149288
co2_price: 80.0
emissions: 581803701.3987103
emissions_zone: 137.0492301933719
objective: 146757692956.70474
system_emission_rate: 0.18585574530888194
system_emissions: 193934567.13290358
system_grid_cfe_wavg: 0.6534251493019954
system_inv_H2_Electrolysis-2025: 94.94210048684859
system_inv_H2_Fuel_Cell-2025: 19.64383562079188
system_inv_OCGT-2025: 17203.960798946497
system_inv_battery_charger-2025: 1757.4289060730646
system_inv_battery_discharger-2025: 1793.6681779401672
system_inv_offwind-ac-2025: 542.4213073098035
system_inv_offwind-dc-2025: 15824.588400887556
system_inv_onwind-2025: 115022.76377234052
system_inv_solar-2025: 188001.8530678328
system_inv_solar_rooftop-2025: 0.0
zone_average_marginal_price: 112.70704416241118
