ci_average cost: 101.46942181465312
ci_average_revenue: 20.975715138247132
ci_cap_H2_Electrolysis: 0.0
ci_cap_H2_Fuel_Cell: 0.0
ci_cap_adv_geothermal: 0.0
ci_cap_allam_ccs: 0.0
ci_cap_battery_charger: 0.0
ci_cap_battery_discharger: 0.0
ci_cap_onwind: 45749.063903275506
ci_cap_solar: 23992.69914146845
ci_capital_cost_adv_geothermal: 0.0
ci_capital_cost_allam_ccs: 0.0
ci_capital_cost_battery_inverter: 0.0
ci_capital_cost_battery_storage: 0.0
ci_capital_cost_grid: 0.0
ci_capital_cost_hydrogen_electrolysis: 0.0
ci_capital_cost_hydrogen_fuel_cell: 0.0
ci_capital_cost_hydrogen_storage: 0.0
ci_capital_cost_onwind: 5251124817.661267
ci_capital_cost_solar: 1326825012.1027312
ci_clean_excess_total: 16823579.736571223
ci_clean_total: 84117900.00001004
ci_clean_used_grid_total: 8353900.342801387
ci_clean_used_local_total: 67294320.26343882
ci_clean_used_total: 75648220.60624021
ci_cost_adv_geothermal: 0.0
ci_cost_allam_ccs: 0.0
ci_cost_battery_inverter: 0.0
ci_cost_battery_storage: 0.0
ci_cost_grid: 1956290545.6389303
ci_cost_hydrogen_electrolysis: 0.0
ci_cost_hydrogen_fuel_cell: 0.0
ci_cost_hydrogen_storage: 0.0
ci_cost_onwind: 5252064186.240909
ci_cost_solar: 1327039945.3829706
ci_demand_total: 84117900.0
ci_emission_rate_local: 0.07921735384304648
ci_emission_rate_myopic: 0.04332345639278806
ci_emission_rate_true: 0.07761200107712041
ci_emissions: 6528558.545405107
ci_fraction_clean: 1.0000000000001195
ci_fraction_clean_excess: 0.19999999686833864
ci_fraction_clean_used: 0.8993118064792418
ci_fraction_clean_used_grid: 0.09931180334746097
ci_fraction_clean_used_local: 0.8000000031317808
ci_generation_H2_Fuel_Cell: -0.0
ci_generation_adv_geothermal: 0.0
ci_generation_allam_ccs: 0.0
ci_generation_battery_discharger: -0.0
ci_generation_onwind: 62624571.97608536
ci_generation_solar: 21493328.02392468
ci_marginal_cost_adv_geothermal: 0.0
ci_marginal_cost_allam_ccs: 0.0
ci_marginal_cost_grid: 1956290545.6389303
ci_marginal_cost_onwind: 939368.5796412829
ci_marginal_cost_solar: 214933.28023924574
ci_revenue_grid: 1764433108.4275584
ci_total_cost: 8535394677.26281
co2_price: 80.0
emissions: 508367733.9324568
emissions_zone: 107.12109340266112
objective: 144167670722.28336
system_emission_rate: 0.16239680815687196
system_emissions: 169455911.31081945
system_grid_cfe_wavg: 0.6877955124289019
system_inv_H2_Electrolysis-2025: 104.03137393370027
system_inv_H2_Fuel_Cell-2025: 21.693679455823062
system_inv_OCGT-2025: 16972.74263934811
system_inv_battery_charger-2025: 1714.7647371589117
system_inv_battery_discharger-2025: 1750.124247454482
system_inv_offwind-ac-2025: 542.0473484834544
system_inv_offwind-dc-2025: 15390.016466821799
system_inv_onwind-2025: 114751.69259024893
system_inv_solar-2025: 188872.04972523096
system_inv_solar_rooftop-2025: 0.0
zone_average_marginal_price: 107.65137490557109
