ci_average cost: 213.69143188353794
ci_average_revenue: 23.38718443595121
ci_cap_battery_charger: 5670.009718062137
ci_cap_battery_discharger: 5786.928828105174
ci_cap_onwind: 19791.881639882104
ci_cap_solar: 40448.752302943634
ci_capital_cost_battery_inverter: 180255115.29981387
ci_capital_cost_battery_storage: 2500778522.817657
ci_capital_cost_grid: 0.0
ci_capital_cost_hydrogen_electrolysis: 0.0
ci_capital_cost_hydrogen_fuel_cell: 0.0
ci_capital_cost_hydrogen_storage: 0.0
ci_capital_cost_onwind: 2271732621.395959
ci_capital_cost_solar: 2236864470.6228266
ci_clean_excess_total: 6729430.601994686
ci_clean_total: 40376590.544406146
ci_clean_used_grid_total: 0.039448822271709004
ci_clean_used_local_total: 33647159.94241145
ci_clean_used_total: 33647159.98186027
ci_cost_battery_inverter: 180255115.29981387
ci_cost_battery_storage: 2500778522.817657
ci_cost_grid: 3.514894650114619
ci_cost_hydrogen_electrolysis: 0.0
ci_cost_hydrogen_fuel_cell: 0.0
ci_cost_hydrogen_storage: 0.0
ci_cost_onwind: 2271941671.092047
ci_cost_solar: 2237134486.49009
ci_demand_total: 33647160.0
ci_emission_rate_local: 3.320630656246636e-11
ci_emission_rate_myopic: 6.350012464055335e-11
ci_emission_rate_true: 3.349969117037862e-11
ci_emissions: 0.0011271694687603167
ci_fraction_clean: 1.1999999567394737
ci_fraction_clean_excess: 0.19999995845101595
ci_fraction_clean_used: 0.9999999994608838
ci_fraction_clean_used_grid: 1.1724265070724842e-09
ci_fraction_clean_used_local: 0.9999999982884574
ci_generation_battery_discharger: 13479457.494174454
ci_generation_onwind: 13936646.405885454
ci_generation_solar: 27001586.726340406
ci_marginal_cost_grid: 3.514894650114619
ci_marginal_cost_onwind: 209049.6960882824
ci_marginal_cost_solar: 270015.86726340273
ci_revenue_grid: 786912336.6659601
ci_total_cost: 7190109799.214502
co2_price: 80.0
emissions: 502612191.9625056
emissions_zone: 103.00031169051027
objective: 146502125985.10037
system_emission_rate: 0.15801064804175263
system_emissions: 167537397.32083517
system_grid_cfe_wavg: 0.7072448249568906
system_inv_H2_Electrolysis-2025: 105.84807131651606
system_inv_H2_Fuel_Cell-2025: 22.122038545196247
system_inv_OCGT-2025: 16944.119740059858
system_inv_battery_charger-2025: 1715.0541275461378
system_inv_battery_discharger-2025: 1750.419605250621
system_inv_offwind-ac-2025: 542.0753378967013
system_inv_offwind-dc-2025: 27544.741775591974
system_inv_onwind-2025: 114617.65066667886
system_inv_solar-2025: 189026.64475881757
system_inv_solar_rooftop-2025: 0.0
zone_average_marginal_price: 107.77363828059221
