ci_average cost: 88.75679370225576
ci_average_revenue: 19.08890411172165
ci_cap_battery_charger: 0.010451619291282644
ci_cap_battery_discharger: 0.010667138150474839
ci_cap_onwind: 11402.874657260232
ci_cap_solar: 8009.4471732881
ci_capital_cost_battery_inverter: 332.2671272358595
ci_capital_cost_battery_storage: 754.3889940749033
ci_capital_cost_grid: 0.0
ci_capital_cost_hydrogen_electrolysis: 0.0
ci_capital_cost_hydrogen_fuel_cell: 0.0
ci_capital_cost_hydrogen_storage: 0.0
ci_capital_cost_onwind: 1308833733.3418713
ci_capital_cost_solar: 442932026.11232954
ci_clean_excess_total: 6729429.9556730725
ci_clean_total: 29648769.14932517
ci_clean_used_grid_total: 6031683.609321423
ci_clean_used_local_total: 22919339.193652093
ci_clean_used_total: 28951022.802973516
ci_cost_battery_inverter: 332.2671272358595
ci_cost_battery_storage: 754.3889940749033
ci_cost_grid: 1234240249.4152126
ci_cost_hydrogen_electrolysis: 0.0
ci_cost_hydrogen_fuel_cell: 0.0
ci_cost_hydrogen_storage: 0.0
ci_cost_onwind: 1309165100.0119104
ci_cost_solar: 443007602.70354766
ci_demand_total: 33647160.0
ci_emission_rate_local: 0.10387802684006238
ci_emission_rate_myopic: 0.06454582001139424
ci_emission_rate_true: 0.10788079707615207
ci_emissions: 3629882.440148821
ci_fraction_clean: 0.881167062816748
ci_fraction_clean_excess: 0.19999993924221457
ci_fraction_clean_used: 0.8604299085858514
ci_fraction_clean_used_grid: 0.17926278501131812
ci_fraction_clean_used_local: 0.6811671235745332
ci_generation_battery_discharger: 31.402588832829448
ci_generation_onwind: 22091111.33595018
ci_generation_solar: 7557659.121812629
ci_marginal_cost_grid: 1234240249.4152126
ci_marginal_cost_onwind: 331366.6700392536
ci_marginal_cost_solar: 75576.59121812592
ci_revenue_grid: 642287410.8717562
ci_total_cost: 2986414038.786792
co2_price: 80.0
emissions: 515594066.77475655
emissions_zone: 109.2768717257633
objective: 142439629381.6772
system_emission_rate: 0.16209187504874453
system_emissions: 171864688.924919
system_grid_cfe_wavg: 0.7096260024395934
system_inv_H2_Electrolysis-2025: 98.75068472395955
system_inv_H2_Fuel_Cell-2025: 20.565552300820556
system_inv_OCGT-2025: 17008.87069731233
system_inv_battery_charger-2025: 1724.342673363066
system_inv_battery_discharger-2025: 1759.8996866317748
system_inv_offwind-ac-2025: 542.0495144975237
system_inv_offwind-dc-2025: 26906.165733201447
system_inv_onwind-2025: 114797.53296811823
system_inv_solar-2025: 188805.8377882429
system_inv_solar_rooftop-2025: 0.0
zone_average_marginal_price: 108.31087871971728
