ci_average cost: 88.75681138270131
ci_average_revenue: 19.0889043928407
ci_cap_battery_charger: 0.015236113877625785
ci_cap_battery_discharger: 0.015550291976723507
ci_cap_onwind: 11402.877436527615
ci_cap_solar: 8009.451039909172
ci_capital_cost_battery_inverter: 484.37085654081983
ci_capital_cost_battery_storage: 1040.2271688742626
ci_capital_cost_grid: 0.0
ci_capital_cost_hydrogen_electrolysis: 0.0
ci_capital_cost_hydrogen_fuel_cell: 0.0
ci_capital_cost_hydrogen_storage: 0.0
ci_capital_cost_onwind: 1308834052.3490527
ci_capital_cost_solar: 442932239.94110805
ci_clean_excess_total: 6729427.626767377
ci_clean_total: 29648773.405504268
ci_clean_used_grid_total: 6031043.271009205
ci_clean_used_local_total: 22919345.77873689
ci_clean_used_total: 28950389.049746096
ci_cost_battery_inverter: 484.37085654081983
ci_cost_battery_storage: 1040.2271688742626
ci_cost_grid: 1234239873.4128623
ci_cost_hydrogen_electrolysis: 0.0
ci_cost_hydrogen_fuel_cell: 0.0
ci_cost_hydrogen_storage: 0.0
ci_cost_onwind: 1309165419.2359145
ci_cost_solar: 443007816.4367697
ci_demand_total: 33647160.0
ci_emission_rate_local: 0.103889078096899
ci_emission_rate_myopic: 0.06453960848986301
ci_emission_rate_true: 0.10788549596503244
ci_emissions: 3630040.5444148015
ci_fraction_clean: 0.881167189311201
ci_fraction_clean_excess: 0.199999870026694
ci_fraction_clean_used: 0.8604110733192963
ci_fraction_clean_used_grid: 0.1792437540347894
ci_fraction_clean_used_local: 0.6811673192845069
ci_generation_battery_discharger: 46.83503157131949
ci_generation_onwind: 22091125.79079092
ci_generation_solar: 7557649.56616761
ci_marginal_cost_grid: 1234239873.4128623
ci_marginal_cost_onwind: 331366.8868618647
ci_marginal_cost_solar: 75576.49566167573
ci_revenue_grid: 642287420.3306139
ci_total_cost: 2986414633.6835723
co2_price: 80.0
emissions: 515594806.5172798
emissions_zone: 109.29241205419173
objective: 142439650784.90558
system_emission_rate: 0.16209210760815562
system_emissions: 171864935.50575987
system_grid_cfe_wavg: 0.7092474618625347
system_inv_H2_Electrolysis-2025: 98.75421875001763
system_inv_H2_Fuel_Cell-2025: 20.56926882679927
system_inv_OCGT-2025: 17008.817365591003
system_inv_battery_charger-2025: 1723.6838559322528
system_inv_battery_discharger-2025: 1759.2272839777388
system_inv_offwind-ac-2025: 542.065881816552
system_inv_offwind-dc-2025: 26906.142445323232
system_inv_onwind-2025: 114798.14538501838
system_inv_solar-2025: 188804.70842309063
system_inv_solar_rooftop-2025: 0.0
zone_average_marginal_price: 108.31089243486954
