ci_average cost: 126.56486859639315
ci_average_revenue: 22.85009048558162
ci_cap_battery_charger: 5164.792946582271
ci_cap_battery_discharger: 5271.294174075288
ci_cap_onwind: 17012.29262108885
ci_cap_solar: 22254.458092933553
ci_capital_cost_battery_inverter: 164193783.49919963
ci_capital_cost_battery_storage: 725142158.4624821
ci_capital_cost_grid: 0.0
ci_capital_cost_hydrogen_electrolysis: 0.0
ci_capital_cost_hydrogen_fuel_cell: 0.0
ci_capital_cost_hydrogen_storage: 0.0
ci_capital_cost_onwind: 1952688522.2567203
ci_capital_cost_solar: 1230698199.2476678
ci_clean_excess_total: 6729430.697813017
ci_clean_total: 38833764.610346705
ci_clean_used_grid_total: 869883.1784498675
ci_clean_used_local_total: 32104333.912533693
ci_clean_used_total: 32974217.090983562
ci_cost_battery_inverter: 164193783.49919963
ci_cost_battery_storage: 725142158.4624821
ci_cost_grid: 185333631.305117
ci_cost_hydrogen_electrolysis: 0.0
ci_cost_hydrogen_fuel_cell: 0.0
ci_cost_hydrogen_storage: 0.0
ci_cost_onwind: 1952987396.1942432
ci_cost_solar: 1230891414.5807736
ci_demand_total: 33647160.0
ci_emission_rate_local: 0.020364229098280395
ci_emission_rate_myopic: 0.010639715869839706
ci_emission_rate_true: 0.01945458625583874
ci_emissions: 654591.5764840068
ci_fraction_clean: 1.1541468762994174
ci_fraction_clean_excess: 0.199999961298755
ci_fraction_clean_used: 0.9800000086480869
ci_fraction_clean_used_grid: 0.025853093647424257
ci_fraction_clean_used_local: 0.9541469150006625
ci_generation_battery_discharger: 9904774.844241053
ci_generation_onwind: 19924929.168190278
ci_generation_solar: 19321533.31057672
ci_marginal_cost_grid: 185333631.305117
ci_marginal_cost_onwind: 298873.937522855
ci_marginal_cost_solar: 193215.33310576624
ci_revenue_grid: 768840650.5828425
ci_total_cost: 4258548384.0418158
co2_price: 80.0
emissions: 504057219.64485776
emissions_zone: 102.80642536133068
objective: 143590903357.35678
system_emission_rate: 0.15846493419751684
system_emissions: 168019073.21495283
system_grid_cfe_wavg: 0.7071341468288539
system_inv_H2_Electrolysis-2025: 104.00504189528698
system_inv_H2_Fuel_Cell-2025: 21.778673157699657
system_inv_OCGT-2025: 16944.122329378904
system_inv_battery_charger-2025: 1715.186938156394
system_inv_battery_discharger-2025: 1750.5551544978691
system_inv_offwind-ac-2025: 542.0764540537891
system_inv_offwind-dc-2025: 27246.154674167803
system_inv_onwind-2025: 114675.5807553512
system_inv_solar-2025: 188977.0493383161
system_inv_solar_rooftop-2025: 0.0
zone_average_marginal_price: 107.99676256925407
