ci_average cost: 151.3596499734765
ci_average_revenue: 23.06200405718157
ci_cap_battery_charger: 6208.2665865523995
ci_cap_battery_discharger: 6336.2848863971685
ci_cap_onwind: 18299.625777500885
ci_cap_solar: 29213.80492572927
ci_capital_cost_battery_inverter: 197366823.8708865
ci_capital_cost_battery_storage: 1085517404.2416282
ci_capital_cost_grid: 0.0
ci_capital_cost_hydrogen_electrolysis: 0.0
ci_capital_cost_hydrogen_fuel_cell: 0.0
ci_capital_cost_hydrogen_storage: 0.0
ci_capital_cost_onwind: 2100449951.879097
ci_capital_cost_solar: 1615558418.2336895
ci_clean_excess_total: 6729430.326187393
ci_clean_total: 39600744.991808444
ci_clean_used_grid_total: 439374.1526662444
ci_clean_used_local_total: 32871314.665621053
ci_clean_used_total: 33310688.818287298
ci_cost_battery_inverter: 197366823.8708865
ci_cost_battery_storage: 1085517404.2416282
ci_cost_grid: 93448322.30011712
ci_cost_hydrogen_electrolysis: 0.0
ci_cost_hydrogen_fuel_cell: 0.0
ci_cost_hydrogen_storage: 0.0
ci_cost_onwind: 2100691427.3086927
ci_cost_solar: 1615798382.4802353
ci_demand_total: 33647160.0
ci_emission_rate_local: 0.009991977191967243
ci_emission_rate_myopic: 0.005335200813751163
ci_emission_rate_true: 0.009507104387364039
ci_emissions: 319887.06245833985
ci_fraction_clean: 1.1769416792326142
ci_fraction_clean_excess: 0.1999999502539707
ci_fraction_clean_used: 0.9900000124315781
ci_fraction_clean_used_grid: 0.013058283452934643
ci_fraction_clean_used_local: 0.9769417289786435
ci_generation_battery_discharger: 11857030.388501044
ci_generation_onwind: 16098361.973054722
ci_generation_solar: 23996424.654588
ci_marginal_cost_grid: 93448322.30011712
ci_marginal_cost_onwind: 241475.42959582148
ci_marginal_cost_solar: 239964.24654587882
ci_revenue_grid: 775970940.4326375
ci_total_cost: 5092822360.20156
co2_price: 80.0
emissions: 503302881.8713902
emissions_zone: 102.6578550265843
objective: 144417622649.5438
system_emission_rate: 0.15822778634807322
system_emissions: 167767627.2904635
system_grid_cfe_wavg: 0.7070791626931288
system_inv_H2_Electrolysis-2025: 104.1975677993914
system_inv_H2_Fuel_Cell-2025: 21.822093882160917
system_inv_OCGT-2025: 16945.092845850515
system_inv_battery_charger-2025: 1715.0953903916964
system_inv_battery_discharger-2025: 1750.4617189615967
system_inv_offwind-ac-2025: 542.0617893321801
system_inv_offwind-dc-2025: 27385.733979627836
system_inv_onwind-2025: 114661.98467673727
system_inv_solar-2025: 188974.26537115176
system_inv_solar_rooftop-2025: 0.0
zone_average_marginal_price: 107.91349261242709
