ci_average cost: 101.69359995332192
ci_average_revenue: 20.563885707507325
ci_cap_battery_charger: 4043.7805354292145
ci_cap_battery_discharger: 4127.165793113275
ci_cap_onwind: 11797.363042664749
ci_cap_solar: 16749.897702920145
ci_capital_cost_battery_inverter: 128555710.29075052
ci_capital_cost_battery_storage: 515265580.97488755
ci_capital_cost_grid: 0.0
ci_capital_cost_hydrogen_electrolysis: 0.0
ci_capital_cost_hydrogen_fuel_cell: 0.0
ci_capital_cost_hydrogen_storage: 0.0
ci_capital_cost_onwind: 1354113517.7601151
ci_capital_cost_solar: 926289413.7652377
ci_clean_excess_total: 6729430.092035978
ci_clean_total: 36128555.172457606
ci_clean_used_grid_total: 2565677.8961187927
ci_clean_used_local_total: 29399125.080421634
ci_clean_used_total: 31964802.976540428
ci_cost_battery_inverter: 128555710.29075052
ci_cost_battery_storage: 515265580.97488755
ci_cost_grid: 497007497.2779385
ci_cost_hydrogen_electrolysis: 0.0
ci_cost_hydrogen_fuel_cell: 0.0
ci_cost_hydrogen_storage: 0.0
ci_cost_onwind: 1354426259.3726912
ci_cost_solar: 926445780.6891482
ci_demand_total: 33647160.0
ci_emission_rate_local: 0.04779417750498196
ci_emission_rate_myopic: 0.02678732043564022
ci_emission_rate_true: 0.046897407656002955
ci_emissions: 1577964.5789867565
ci_fraction_clean: 1.0737475368636642
ci_fraction_clean_excess: 0.19999994329494608
ci_fraction_clean_used: 0.9500000290229674
ci_fraction_clean_used_grid: 0.07625243545424912
ci_fraction_clean_used_local: 0.8737475935687182
ci_generation_battery_discharger: 8581895.897048242
ci_generation_onwind: 20849440.83839517
ci_generation_solar: 15636692.391053062
ci_marginal_cost_grid: 497007497.2779385
ci_marginal_cost_onwind: 312741.61257592845
ci_marginal_cost_solar: 156366.92391052988
ci_revenue_grid: 691916352.6222122
ci_total_cost: 3421700828.6054153
co2_price: 80.0
emissions: 508581560.9709309
emissions_zone: 105.96105061745041
objective: 142825864060.05597
system_emission_rate: 0.15988729146685302
system_emissions: 169527186.99031046
system_grid_cfe_wavg: 0.7064380003404263
system_inv_H2_Electrolysis-2025: 104.05303692030395
system_inv_H2_Fuel_Cell-2025: 21.768511315923792
system_inv_OCGT-2025: 16959.40506141498
system_inv_battery_charger-2025: 1715.1700345206639
system_inv_battery_discharger-2025: 1750.5379022987072
system_inv_offwind-ac-2025: 542.0698875613632
system_inv_offwind-dc-2025: 26986.264410587744
system_inv_onwind-2025: 114617.68237389835
system_inv_solar-2025: 189120.0972840199
system_inv_solar_rooftop-2025: 0.0
zone_average_marginal_price: 108.00208845560512
