ci_average cost: 91.95012004966718
ci_average_revenue: 19.670970777889625
ci_cap_battery_charger: 1664.7954316356374
ci_cap_battery_discharger: 1699.1245439210177
ci_cap_onwind: 11946.682149525413
ci_cap_solar: 10605.576035816439
ci_capital_cost_battery_inverter: 52925463.51801448
ci_capital_cost_battery_storage: 174214949.17752203
ci_capital_cost_grid: 0.0
ci_capital_cost_hydrogen_electrolysis: 0.0
ci_capital_cost_hydrogen_fuel_cell: 0.0
ci_capital_cost_hydrogen_storage: 0.0
ci_capital_cost_onwind: 1371252519.105472
ci_capital_cost_solar: 586501063.0570236
ci_clean_excess_total: 6729426.115304522
ci_clean_total: 32471299.793161012
ci_clean_used_grid_total: 4540575.864011692
ci_clean_used_local_total: 25741873.67785649
ci_clean_used_total: 30282449.54186818
ci_cost_battery_inverter: 52925463.51801448
ci_cost_battery_storage: 174214949.17752203
ci_cost_grid: 908527148.5283821
ci_cost_hydrogen_electrolysis: 0.0
ci_cost_hydrogen_fuel_cell: 0.0
ci_cost_hydrogen_storage: 0.0
ci_cost_onwind: 1371591672.3564577
ci_cost_solar: 586601167.7499834
ci_demand_total: 33647160.0
ci_emission_rate_local: 0.07836248389501911
ci_emission_rate_myopic: 0.04772173676437892
ci_emission_rate_true: 0.08073408180109717
ci_emissions: 2716472.5678146053
ci_fraction_clean: 0.96505321082555
ci_fraction_clean_excess: 0.19999982510573025
ci_fraction_clean_used: 0.9000001647053772
ci_fraction_clean_used_grid: 0.13494677898555754
ci_fraction_clean_used_local: 0.7650533857198197
ci_generation_battery_discharger: 3585279.0567487064
ci_generation_onwind: 22610216.73237483
ci_generation_solar: 10010469.295979096
ci_marginal_cost_grid: 908527148.5283821
ci_marginal_cost_onwind: 339153.25098562334
ci_marginal_cost_solar: 100104.69295979047
ci_revenue_grid: 661872301.1189767
ci_total_cost: 3093860401.3303595
co2_price: 80.0
emissions: 512641845.4784784
emissions_zone: 107.78444830356108
objective: 142528465272.57132
system_emission_rate: 0.1611637590825038
system_emissions: 170880615.1594928
system_grid_cfe_wavg: 0.7099005302813362
system_inv_H2_Electrolysis-2025: 104.4906062796305
system_inv_H2_Fuel_Cell-2025: 21.857040904000385
system_inv_OCGT-2025: 16991.926524760616
system_inv_battery_charger-2025: 1719.8932207043201
system_inv_battery_discharger-2025: 1755.3584835050563
system_inv_offwind-ac-2025: 542.071086661663
system_inv_offwind-dc-2025: 26933.99774318858
system_inv_onwind-2025: 114716.79903575254
system_inv_solar-2025: 188852.3024573683
system_inv_solar_rooftop-2025: 0.0
zone_average_marginal_price: 108.19134259935383
