ci_average cost: 109.9586300429362
ci_average_revenue: 0.0
ci_cap_battery_charger: 0.0
ci_cap_battery_discharger: 0.0
ci_cap_onwind: 0.0
ci_cap_solar: 0.0
ci_capital_cost_battery_inverter: 0.0
ci_capital_cost_battery_storage: 0.0
ci_capital_cost_grid: 0.0
ci_capital_cost_hydrogen_electrolysis: 0.0
ci_capital_cost_hydrogen_fuel_cell: 0.0
ci_capital_cost_hydrogen_storage: 0.0
ci_capital_cost_onwind: 0.0
ci_capital_cost_solar: 0.0
ci_clean_excess_total: 0.0
ci_clean_total: 0.0
ci_clean_used_grid_total: 23575173.28981391
ci_clean_used_local_total: 0.0
ci_clean_used_total: 23575173.28981391
ci_cost_battery_inverter: 0.0
ci_cost_battery_storage: 0.0
ci_cost_grid: 3699795618.4354815
ci_cost_hydrogen_electrolysis: 0.0
ci_cost_hydrogen_fuel_cell: 0.0
ci_cost_hydrogen_storage: 0.0
ci_cost_onwind: 0.0
ci_cost_solar: 0.0
ci_demand_total: 33647160.0
ci_emission_rate_local: 0.24077594385565046
ci_emission_rate_myopic: 0.1650386568945731
ci_emission_rate_true: 0.24050124399569106
ci_emissions: 8092183.836922057
ci_fraction_clean: 0.0
ci_fraction_clean_excess: 0.0
ci_fraction_clean_used: 0.7006586377517124
ci_fraction_clean_used_grid: 0.7006586377517124
ci_fraction_clean_used_local: 0.0
ci_generation_battery_discharger: -0.0
ci_generation_onwind: 0.0
ci_generation_solar: 0.0
ci_marginal_cost_grid: 3699795618.4354815
ci_marginal_cost_onwind: 0.0
ci_marginal_cost_solar: 0.0
ci_revenue_grid: 0.0
ci_total_cost: 3699795618.4354815
co2_price: 80.0
emissions: 537673252.9215202
emissions_zone: 118.81088865620443
objective: 143773495121.21045
system_emission_rate: 0.16903310442414482
system_emissions: 179224417.64050663
system_grid_cfe_wavg: 0.6965247511971862
system_inv_H2_Electrolysis-2025: 96.22671965136385
system_inv_H2_Fuel_Cell-2025: 20.049062428831686
system_inv_OCGT-2025: 17054.652279938342
system_inv_battery_charger-2025: 1740.8412005735436
system_inv_battery_discharger-2025: 1776.7384236856888
system_inv_offwind-ac-2025: 542.0672795308243
system_inv_offwind-dc-2025: 26792.465487655314
system_inv_onwind-2025: 114826.63081535704
system_inv_solar-2025: 188583.72169552615
system_inv_solar_rooftop-2025: 0.0
zone_average_marginal_price: 109.95863004293622
