ci_average cost: 101.41386386949141
ci_average_revenue: 21.464342658417984
ci_cap_battery_charger: 0.0
ci_cap_battery_discharger: 0.0
ci_cap_onwind: 18258.013682583973
ci_cap_solar: 9682.071940172276
ci_capital_cost_battery_inverter: 0.0
ci_capital_cost_battery_storage: 0.0
ci_capital_cost_grid: 0.0
ci_capital_cost_hydrogen_electrolysis: 0.0
ci_capital_cost_hydrogen_fuel_cell: 0.0
ci_capital_cost_hydrogen_storage: 0.0
ci_capital_cost_onwind: 2095673672.6355464
ci_capital_cost_solar: 535430179.9665022
ci_clean_excess_total: 6729431.764904954
ci_clean_total: 33647160.0000153
ci_clean_used_grid_total: 3545288.5516756177
ci_clean_used_local_total: 26917728.235110357
ci_clean_used_total: 30463016.786785975
ci_cost_battery_inverter: 0.0
ci_cost_battery_storage: 0.0
ci_cost_grid: 780723431.9116812
ci_cost_hydrogen_electrolysis: 0.0
ci_cost_hydrogen_fuel_cell: 0.0
ci_cost_hydrogen_storage: 0.0
ci_cost_onwind: 2096047915.799347
ci_cost_solar: 535517156.1239687
ci_demand_total: 33647160.0
ci_emission_rate_local: 0.06984480435287585
ci_emission_rate_myopic: 0.042419574145509474
ci_emission_rate_true: 0.07339082625585536
ci_emissions: 2469392.8735629665
ci_fraction_clean: 1.0000000000004547
ci_fraction_clean_excess: 0.19999999301293048
ci_fraction_clean_used: 0.9053666575956477
ci_fraction_clean_used_grid: 0.10536665060812317
ci_fraction_clean_used_local: 0.8000000069875246
ci_generation_battery_discharger: -0.0
ci_generation_onwind: 24949544.25336339
ci_generation_solar: 8697615.746651918
ci_marginal_cost_grid: 780723431.9116812
ci_marginal_cost_onwind: 374243.16380045185
ci_marginal_cost_solar: 86976.15746651875
ci_revenue_grid: 722214171.7226152
ci_total_cost: 3412288503.8349967
co2_price: 80.0
emissions: 509691843.1117834
emissions_zone: 107.08060543991803
objective: 142781710300.25232
system_emission_rate: 0.16023634070081658
system_emissions: 169897281.03726125
system_grid_cfe_wavg: 0.7106170325864033
system_inv_H2_Electrolysis-2025: 102.36418882758531
system_inv_H2_Fuel_Cell-2025: 21.340290461750698
system_inv_OCGT-2025: 16978.510222339228
system_inv_battery_charger-2025: 1717.3747821670456
system_inv_battery_discharger-2025: 1752.7881132062646
system_inv_offwind-ac-2025: 542.0337588838106
system_inv_offwind-dc-2025: 27006.45760261059
system_inv_onwind-2025: 114669.15205104051
system_inv_solar-2025: 188967.49920524305
system_inv_solar_rooftop-2025: 0.0
zone_average_marginal_price: 107.84087855808356
