ci_average cost: 213.69132009114273
ci_average_revenue: 23.120042622152866
ci_cap_battery_charger: 14175.024580817297
ci_cap_battery_discharger: 14467.322361815415
ci_cap_onwind: 49479.70287984305
ci_cap_solar: 101121.8857743491
ci_capital_cost_battery_inverter: 450637797.33100563
ci_capital_cost_battery_storage: 6251946116.314657
ci_capital_cost_grid: 0.0
ci_capital_cost_hydrogen_electrolysis: 0.0
ci_capital_cost_hydrogen_fuel_cell: 0.0
ci_capital_cost_hydrogen_storage: 0.0
ci_capital_cost_onwind: 5679331413.472852
ci_capital_cost_solar: 5592161454.002625
ci_clean_excess_total: 16823576.688420683
ci_clean_total: 100941476.44774437
ci_clean_used_grid_total: 0.013346331576207208
ci_clean_used_local_total: 84117899.75932369
ci_clean_used_total: 84117899.77267002
ci_cost_battery_inverter: 450637797.33100563
ci_cost_battery_storage: 6251946116.314657
ci_cost_grid: 1.1475057740008303
ci_cost_hydrogen_electrolysis: 0.0
ci_cost_hydrogen_fuel_cell: 0.0
ci_cost_hydrogen_storage: 0.0
ci_cost_onwind: 5679825982.670538
ci_cost_solar: 5592855196.83103
ci_demand_total: 84117900.0
ci_emission_rate_local: 3.0976374779743673e-12
ci_emission_rate_myopic: 6.089813076390966e-12
ci_emission_rate_true: 2.9171355529728105e-12
ci_emissions: 0.00024538331673141156
ci_fraction_clean: 1.1999999577705145
ci_fraction_clean_excess: 0.19999996063169292
ci_fraction_clean_used: 0.9999999972974838
ci_fraction_clean_used_grid: 1.5866220597764812e-10
ci_fraction_clean_used_local: 0.9999999971388217
ci_generation_battery_discharger: 33698158.18808547
ci_generation_onwind: 32971279.8457709
ci_generation_solar: 69374282.84044787
ci_marginal_cost_grid: 1.1475057740008303
ci_marginal_cost_onwind: 494569.1976865648
ci_marginal_cost_solar: 693742.8284044754
ci_revenue_grid: 1944809433.2859926
ci_total_cost: 17975265094.294735
co2_price: 80.0
emissions: 489605313.60526496
emissions_zone: 95.30730356332799
objective: 153470970078.6988
system_emission_rate: 0.15640319965055655
system_emissions: 163201771.20175487
system_grid_cfe_wavg: 0.674602896309406
system_inv_H2_Electrolysis-2025: 103.92258307370784
system_inv_H2_Fuel_Cell-2025: 21.777865507130542
system_inv_OCGT-2025: 16917.795144291173
system_inv_battery_charger-2025: 1715.0966464971432
system_inv_battery_discharger-2025: 1750.4630009687148
system_inv_offwind-ac-2025: 542.0652005097379
system_inv_offwind-dc-2025: 16482.184516021876
system_inv_onwind-2025: 114661.81882184038
system_inv_solar-2025: 188894.85477321403
system_inv_solar_rooftop-2025: 0.0
zone_average_marginal_price: 107.59978014436352
