ci_average cost: 89.01103435279072
ci_average_revenue: 18.83403389346037
ci_cap_battery_charger: 0.010634754456106111
ci_cap_battery_discharger: 0.010854049675755068
ci_cap_onwind: 28752.37480708556
ci_cap_solar: 19631.342576438437
ci_capital_cost_battery_inverter: 338.08917197513847
ci_capital_cost_battery_storage: 740.2953946407316
ci_capital_cost_grid: 0.0
ci_capital_cost_hydrogen_electrolysis: 0.0
ci_capital_cost_hydrogen_fuel_cell: 0.0
ci_capital_cost_hydrogen_storage: 0.0
ci_capital_cost_onwind: 3300227284.1122694
ci_capital_cost_solar: 1085636768.0014842
ci_clean_excess_total: 16823578.72515335
ci_clean_total: 74157876.05442831
ci_clean_used_grid_total: 14121192.19533483
ci_clean_used_local_total: 57334297.32927496
ci_clean_used_total: 71455489.52460979
ci_cost_battery_inverter: 338.08917197513847
ci_cost_battery_storage: 740.2953946407316
ci_cost_grid: 3100536447.6268234
ci_cost_hydrogen_electrolysis: 0.0
ci_cost_hydrogen_fuel_cell: 0.0
ci_cost_hydrogen_storage: 0.0
ci_cost_onwind: 3301061673.169365
ci_cost_solar: 1085822087.4038584
ci_demand_total: 84117900.0
ci_emission_rate_local: 0.12072828673463126
ci_emission_rate_myopic: 0.06684329646352459
ci_emission_rate_true: 0.11675665448118351
ci_emissions: 9821324.585982746
ci_fraction_clean: 0.8815944769713498
ci_fraction_clean_excess: 0.19999998484452594
ci_fraction_clean_used: 0.8494683001431299
ci_fraction_clean_used_grid: 0.16787380801630603
ci_fraction_clean_used_local: 0.6815944921268239
ci_generation_battery_discharger: 31.744925678416134
ci_generation_onwind: 55625937.13970114
ci_generation_solar: 18531940.237428837
ci_marginal_cost_grid: 3100536447.6268234
ci_marginal_cost_onwind: 834389.0570955194
ci_marginal_cost_solar: 185319.40237428746
ci_revenue_grid: 1584279379.64671
ci_total_cost: 7487421286.584614
co2_price: 80.0
emissions: 522877178.9650028
emissions_zone: 112.18919544790748
objective: 143308002128.53146
system_emission_rate: 0.16703181428361
system_emissions: 174292392.98833442
system_grid_cfe_wavg: 0.6829043009386276
system_inv_H2_Electrolysis-2025: 96.265316485269
system_inv_H2_Fuel_Cell-2025: 19.960079629048874
system_inv_OCGT-2025: 17040.07972994317
system_inv_battery_charger-2025: 1737.1921861168637
system_inv_battery_discharger-2025: 1773.014164292224
system_inv_offwind-ac-2025: 542.0491518513788
system_inv_offwind-dc-2025: 15202.214053456197
system_inv_onwind-2025: 114751.25644540333
system_inv_solar-2025: 188932.9854550217
system_inv_solar_rooftop-2025: 0.0
zone_average_marginal_price: 108.61496737995799
