ci_average cost: 89.07432356260016
ci_average_revenue: 18.897309277418042
ci_cap_battery_charger: 0.017340306519230728
ci_cap_battery_discharger: 0.017697874373064113
ci_cap_onwind: 29013.733171960794
ci_cap_solar: 19421.64576565287
ci_capital_cost_battery_inverter: 551.2651840791422
ci_capital_cost_battery_storage: 1402.0919374522975
ci_capital_cost_grid: 0.0
ci_capital_cost_hydrogen_electrolysis: 0.0
ci_capital_cost_hydrogen_fuel_cell: 0.0
ci_capital_cost_hydrogen_storage: 0.0
ci_capital_cost_onwind: 3330226267.2390356
ci_capital_cost_solar: 1074040283.092974
ci_clean_excess_total: 16823578.566877455
ci_clean_total: 74271197.56079106
ci_clean_used_grid_total: 14052597.761259124
ci_clean_used_local_total: 57447618.9939136
ci_clean_used_total: 71500216.75517273
ci_cost_battery_inverter: 551.2651840791422
ci_cost_battery_storage: 1402.0919374522975
ci_cost_grid: 3087454143.2877464
ci_cost_hydrogen_electrolysis: 0.0
ci_cost_hydrogen_fuel_cell: 0.0
ci_cost_hydrogen_storage: 0.0
ci_cost_onwind: 3331065316.3345957
ci_cost_solar: 1074223629.0269806
ci_demand_total: 84117900.0
ci_emission_rate_local: 0.12019023386277927
ci_emission_rate_myopic: 0.06656741437870096
ci_emission_rate_true: 0.11629184337902833
ci_emissions: 9782225.652172767
ci_fraction_clean: 0.8829416516673747
ci_fraction_clean_excess: 0.19999998296293006
ci_fraction_clean_used: 0.8500000208656271
ci_fraction_clean_used_grid: 0.1670583521611824
ci_fraction_clean_used_local: 0.6829416687044446
ci_generation_battery_discharger: 53.052990662933446
ci_generation_onwind: 55936606.370666414
ci_generation_solar: 18334593.40065985
ci_marginal_cost_grid: 3087454143.2877464
ci_marginal_cost_onwind: 839049.0955599985
ci_marginal_cost_solar: 183345.93400659764
ci_revenue_grid: 1589601972.0669231
ci_total_cost: 7492745042.006444
co2_price: 80.0
emissions: 522799213.9006877
emissions_zone: 112.10671691101255
objective: 143308221524.71402
system_emission_rate: 0.16700690853773434
system_emissions: 174266404.63356233
system_grid_cfe_wavg: 0.6839341221055847
system_inv_H2_Electrolysis-2025: 96.21846002822292
system_inv_H2_Fuel_Cell-2025: 19.94556728265982
system_inv_OCGT-2025: 17039.436397011716
system_inv_battery_charger-2025: 1737.2150639043434
system_inv_battery_discharger-2025: 1773.037513833842
system_inv_offwind-ac-2025: 542.0598990763627
system_inv_offwind-dc-2025: 15204.9880699621
system_inv_onwind-2025: 114725.70793201322
system_inv_solar-2025: 188937.5626726398
system_inv_solar_rooftop-2025: 0.0
zone_average_marginal_price: 108.61133800324711
