ci_average cost: 127.94092006339774
ci_average_revenue: 22.64208096301874
ci_cap_battery_charger: 12965.176679783923
ci_cap_battery_discharger: 13232.52664818383
ci_cap_onwind: 44059.06037611619
ci_cap_solar: 54908.10304699235
ci_capital_cost_battery_inverter: 412175557.6277299
ci_capital_cost_battery_storage: 1807034452.2478356
ci_capital_cost_grid: 0.0
ci_capital_cost_hydrogen_electrolysis: 0.0
ci_capital_cost_hydrogen_fuel_cell: 0.0
ci_capital_cost_hydrogen_storage: 0.0
ci_capital_cost_onwind: 5057144466.890287
ci_capital_cost_solar: 3036483892.883288
ci_clean_excess_total: 16823577.759727117
ci_clean_total: 97235687.20004773
ci_clean_used_grid_total: 2023432.2614057742
ci_clean_used_local_total: 80412109.44032061
ci_clean_used_total: 82435541.70172639
ci_cost_battery_inverter: 412175557.6277299
ci_cost_battery_storage: 1807034452.2478356
ci_cost_grid: 448048763.3107449
ci_cost_hydrogen_electrolysis: 0.0
ci_cost_hydrogen_fuel_cell: 0.0
ci_cost_hydrogen_storage: 0.0
ci_cost_onwind: 5057900534.869534
ci_cost_solar: 3036962211.7450414
ci_demand_total: 84117900.0
ci_emission_rate_local: 0.022334153155069168
ci_emission_rate_myopic: 0.010492507402791444
ci_emission_rate_true: 0.019604796904083066
ci_emissions: 1649114.3454979688
ci_fraction_clean: 1.155945253032324
ci_fraction_clean_excess: 0.1999999733674654
ci_fraction_clean_used: 0.9799999964541006
ci_fraction_clean_used_grid: 0.024054716789241936
ci_fraction_clean_used_local: 0.9559452796648586
ci_generation_battery_discharger: 24017605.25263194
ci_generation_onwind: 50404531.949755445
ci_generation_solar: 47831886.17535508
ci_marginal_cost_grid: 448048763.3107449
ci_marginal_cost_onwind: 756067.9792463337
ci_marginal_cost_solar: 478318.86175354844
ci_revenue_grid: 1904604302.239114
ci_total_cost: 10762121519.800884
co2_price: 80.0
emissions: 493574321.8498685
emissions_zone: 97.01691127248007
objective: 146297577783.16748
system_emission_rate: 0.15767108946230002
system_emissions: 164524773.9499564
system_grid_cfe_wavg: 0.6745875600418983
system_inv_H2_Electrolysis-2025: 105.97764896382542
system_inv_H2_Fuel_Cell-2025: 22.19775998883354
system_inv_OCGT-2025: 16913.7422918153
system_inv_battery_charger-2025: 1712.0464466326616
system_inv_battery_discharger-2025: 1747.349904094997
system_inv_offwind-ac-2025: 542.0563565473533
system_inv_offwind-dc-2025: 16043.336439169985
system_inv_onwind-2025: 114595.07349109813
system_inv_solar-2025: 189028.6992483813
system_inv_solar_rooftop-2025: 0.0
zone_average_marginal_price: 107.79919495000743
