ci_average cost: 92.98480699399497
ci_average_revenue: 19.60495400844018
ci_cap_battery_charger: 4990.516415901238
ci_cap_battery_discharger: 5093.4239534568815
ci_cap_onwind: 30209.947985970182
ci_cap_solar: 27406.43651585954
ci_capital_cost_battery_inverter: 158653363.34226602
ci_capital_cost_battery_storage: 522246105.95522606
ci_capital_cost_grid: 0.0
ci_capital_cost_hydrogen_electrolysis: 0.0
ci_capital_cost_hydrogen_fuel_cell: 0.0
ci_capital_cost_hydrogen_storage: 0.0
ci_capital_cost_onwind: 3467529039.3871017
ci_capital_cost_solar: 1515608779.4640048
ci_clean_excess_total: 16823578.947481245
ci_clean_total: 82291211.61785772
ci_clean_used_grid_total: 10238477.252371123
ci_clean_used_local_total: 65467632.67037647
ci_clean_used_total: 75706109.9227476
ci_cost_battery_inverter: 158653363.34226602
ci_cost_battery_storage: 522246105.95522606
ci_cost_grid: 2156537553.8648934
ci_cost_hydrogen_electrolysis: 0.0
ci_cost_hydrogen_fuel_cell: 0.0
ci_cost_hydrogen_storage: 0.0
ci_cost_onwind: 3468382731.5850115
ci_cost_solar: 1515866941.4927716
ci_demand_total: 84117900.0
ci_emission_rate_local: 0.08530056457702344
ci_emission_rate_myopic: 0.04641922339628265
ci_emission_rate_true: 0.08178909685320447
ci_emissions: 6879927.070188168
ci_fraction_clean: 0.978284189427669
ci_fraction_clean_excess: 0.19999998748757689
ci_fraction_clean_used: 0.8999999990816175
ci_fraction_clean_used_grid: 0.12171579714152544
ci_fraction_clean_used_local: 0.7782842019400921
ci_generation_battery_discharger: 10507334.45182572
ci_generation_onwind: 56912813.19400416
ci_generation_solar: 25816202.876681957
ci_marginal_cost_grid: 2156537553.8648934
ci_marginal_cost_onwind: 853692.1979100648
ci_marginal_cost_solar: 258162.02876681832
ci_revenue_grid: 1649127560.7865703
ci_total_cost: 7821686696.240169
co2_price: 80.0
emissions: 514448328.43677413
emissions_zone: 108.05322279384592
objective: 143593239214.44913
system_emission_rate: 0.16433923894719504
system_emissions: 171482776.14559156
system_grid_cfe_wavg: 0.6845710758892274
system_inv_H2_Electrolysis-2025: 101.17081562409616
system_inv_H2_Fuel_Cell-2025: 21.152802260206546
system_inv_OCGT-2025: 17000.35422474323
system_inv_battery_charger-2025: 1724.5397884545282
system_inv_battery_discharger-2025: 1760.1008663584344
system_inv_offwind-ac-2025: 542.0488618042834
system_inv_offwind-dc-2025: 15284.93462314942
system_inv_onwind-2025: 114636.15838576811
system_inv_solar-2025: 188977.466584374
system_inv_solar_rooftop-2025: 0.0
zone_average_marginal_price: 108.35752252971245
