ci_average cost: 152.33338861251082
ci_average_revenue: 22.919516239811923
ci_cap_battery_charger: 15368.203899196355
ci_cap_battery_discharger: 15685.105776300736
ci_cap_onwind: 46827.487255649445
ci_cap_solar: 72186.97391964232
ci_capital_cost_battery_inverter: 488570126.6042044
ci_capital_cost_battery_storage: 2728294927.558886
ci_capital_cost_grid: 0.0
ci_capital_cost_hydrogen_electrolysis: 0.0
ci_capital_cost_hydrogen_fuel_cell: 0.0
ci_capital_cost_hydrogen_storage: 0.0
ci_capital_cost_onwind: 5374907364.153783
ci_capital_cost_solar: 3992026156.783912
ci_clean_excess_total: 16823577.067410506
ci_clean_total: 99057026.32409361
ci_clean_used_grid_total: 1043271.6541469574
ci_clean_used_local_total: 82233449.2566831
ci_clean_used_total: 83276720.91083005
ci_cost_battery_inverter: 488570126.6042044
ci_cost_battery_storage: 2728294927.558886
ci_cost_grid: 228957387.69731742
ci_cost_hydrogen_electrolysis: 0.0
ci_cost_hydrogen_fuel_cell: 0.0
ci_cost_hydrogen_storage: 0.0
ci_cost_onwind: 5375526029.283729
ci_cost_solar: 3992616278.8241897
ci_demand_total: 84117900.0
ci_emission_rate_local: 0.011254393937303148
ci_emission_rate_myopic: 0.005320332186604633
ci_emission_rate_true: 0.009850686990497043
ci_emissions: 828619.1031979313
ci_fraction_clean: 1.1775974712171084
ci_fraction_clean_excess: 0.19999996513715282
ci_fraction_clean_used: 0.9899999989399408
ci_fraction_clean_used_grid: 0.0124024928599853
ci_fraction_clean_used_local: 0.9775975060799555
ci_generation_battery_discharger: 28788548.405130558
ci_generation_onwind: 41244341.9963543
ci_generation_solar: 59012204.02775154
ci_marginal_cost_grid: 228957387.69731742
ci_marginal_cost_onwind: 618665.1299453161
ci_marginal_cost_solar: 590122.0402775126
ci_revenue_grid: 1927941575.1088753
ci_total_cost: 12813964749.968325
co2_price: 80.0
emissions: 491669293.2774766
emissions_zone: 94.9024649451093
objective: 148332863212.55597
system_emission_rate: 0.15706253282316981
system_emissions: 163889764.42582557
system_grid_cfe_wavg: 0.6745633196624304
system_inv_H2_Electrolysis-2025: 99.59738175834303
system_inv_H2_Fuel_Cell-2025: 20.88632288303565
system_inv_OCGT-2025: 16917.37449196189
system_inv_battery_charger-2025: 1721.3969359240573
system_inv_battery_discharger-2025: 1756.8932062634033
system_inv_offwind-ac-2025: 542.0794533241009
system_inv_offwind-dc-2025: 16283.244176006563
system_inv_onwind-2025: 114635.0725056748
system_inv_solar-2025: 188954.59378949145
system_inv_solar_rooftop-2025: 0.0
zone_average_marginal_price: 107.81954918377745
