ci_average cost: 103.02292188531594
ci_average_revenue: 20.487361580873515
ci_cap_battery_charger: 10607.464645657768
ci_cap_battery_discharger: 10826.197132523268
ci_cap_onwind: 30776.036385629646
ci_cap_solar: 41294.78879752623
ci_capital_cost_battery_inverter: 337221602.3988102
ci_capital_cost_battery_storage: 1329185285.7249653
ci_capital_cost_grid: 0.0
ci_capital_cost_hydrogen_electrolysis: 0.0
ci_capital_cost_hydrogen_fuel_cell: 0.0
ci_capital_cost_hydrogen_storage: 0.0
ci_capital_cost_onwind: 3532505250.719573
ci_capital_cost_solar: 2283651302.548032
ci_clean_excess_total: 16823578.124027744
ci_clean_total: 90925715.07445225
ci_clean_used_grid_total: 5809867.582838049
ci_clean_used_local_total: 74102136.9504245
ci_clean_used_total: 79912004.53326255
ci_cost_battery_inverter: 337221602.3988102
ci_cost_battery_storage: 1329185285.7249653
ci_cost_grid: 1182323798.8527088
ci_cost_hydrogen_electrolysis: 0.0
ci_cost_hydrogen_fuel_cell: 0.0
ci_cost_hydrogen_storage: 0.0
ci_cost_onwind: 3533304196.0771685
ci_cost_solar: 2284036957.8031645
ci_demand_total: 84117900.0
ci_emission_rate_local: 0.05252587196416603
ci_emission_rate_myopic: 0.02623980115371125
ci_emission_rate_true: 0.0473821498830881
ci_emissions: 3985686.9456506167
ci_fraction_clean: 1.0809318239572345
ci_fraction_clean_excess: 0.19999997769829897
ci_fraction_clean_used: 0.9499999944513897
ci_fraction_clean_used_grid: 0.06906814819245427
ci_fraction_clean_used_local: 0.8809318462589355
ci_generation_battery_discharger: 21668079.568423744
ci_generation_onwind: 53263023.83971186
ci_generation_solar: 38565525.51329068
ci_marginal_cost_grid: 1182323798.8527088
ci_marginal_cost_onwind: 798945.35759568
ci_marginal_cost_solar: 385655.2551329049
ci_revenue_grid: 1723353832.7237601
ci_total_cost: 8666071840.856817
co2_price: 80.0
emissions: 504488396.33422804
emissions_zone: 104.05100297927903
objective: 144366055484.82596
system_emission_rate: 0.1611575634100776
system_emissions: 168162798.778076
system_grid_cfe_wavg: 0.6755892617294833
system_inv_H2_Electrolysis-2025: 100.40481208115759
system_inv_H2_Fuel_Cell-2025: 21.064157952061176
system_inv_OCGT-2025: 16916.67339356498
system_inv_battery_charger-2025: 1714.3381742549723
system_inv_battery_discharger-2025: 1749.688888559427
system_inv_offwind-ac-2025: 542.0734274105321
system_inv_offwind-dc-2025: 15379.563141412209
system_inv_onwind-2025: 114595.65948586211
system_inv_solar-2025: 189116.41935139286
system_inv_solar_rooftop-2025: 0.0
zone_average_marginal_price: 107.84008616318185
