ci_average cost: 112.70674745562256
ci_average_revenue: 0.0
ci_cap_battery_charger: 0.0
ci_cap_battery_discharger: 0.0
ci_cap_onwind: 0.0
ci_cap_solar: 0.0
ci_capital_cost_battery_inverter: 0.0
ci_capital_cost_battery_storage: 0.0
ci_capital_cost_grid: 0.0
ci_capital_cost_hydrogen_electrolysis: 0.0
ci_capital_cost_hydrogen_fuel_cell: 0.0
ci_capital_cost_hydrogen_storage: 0.0
ci_capital_cost_onwind: 0.0
ci_capital_cost_solar: 0.0
ci_clean_excess_total: 0.0
ci_clean_total: 0.0
ci_clean_used_grid_total: 55310983.47588307
ci_clean_used_local_total: 0.0
ci_clean_used_total: 55310983.47588307
ci_cost_battery_inverter: 0.0
ci_cost_battery_storage: 0.0
ci_cost_grid: 9480654911.797314
ci_cost_hydrogen_electrolysis: 0.0
ci_cost_hydrogen_fuel_cell: 0.0
ci_cost_hydrogen_storage: 0.0
ci_cost_onwind: 0.0
ci_cost_solar: 0.0
ci_demand_total: 84117900.0
ci_emission_rate_local: 0.3115013702439712
ci_emission_rate_myopic: 0.18174310540726013
ci_emission_rate_true: 0.28433264719859064
ci_emissions: 23917465.183786325
ci_fraction_clean: 0.0
ci_fraction_clean_excess: 0.0
ci_fraction_clean_used: 0.6575411829810667
ci_fraction_clean_used_grid: 0.6575411829810667
ci_fraction_clean_used_local: 0.0
ci_generation_battery_discharger: -0.0
ci_generation_onwind: 0.0
ci_generation_solar: 0.0
ci_marginal_cost_grid: 9480654911.797314
ci_marginal_cost_onwind: 0.0
ci_marginal_cost_solar: 0.0
ci_revenue_grid: 0.0
ci_total_cost: 9480654911.797314
co2_price: 80.0
emissions: 581803722.0881191
emissions_zone: 137.02994328783265
objective: 146757198687.7345
system_emission_rate: 0.18585575191806214
system_emissions: 193934574.0293732
system_grid_cfe_wavg: 0.6534036110604019
system_inv_H2_Electrolysis-2025: 94.67703206557627
system_inv_H2_Fuel_Cell-2025: 19.523208485305613
system_inv_OCGT-2025: 17204.206372551384
system_inv_battery_charger-2025: 1757.7107720873955
system_inv_battery_discharger-2025: 1793.9558562061845
system_inv_offwind-ac-2025: 542.0790171575062
system_inv_offwind-dc-2025: 15824.105230389385
system_inv_onwind-2025: 115021.87342231386
system_inv_solar-2025: 188001.28771126262
system_inv_solar_rooftop-2025: 0.0
zone_average_marginal_price: 112.70674745562256
