ci_average cost: 101.46941481419663
ci_average_revenue: 20.97571335547808
ci_cap_battery_charger: 0.0
ci_cap_battery_discharger: 0.0
ci_cap_onwind: 45749.06438190021
ci_cap_solar: 23992.697978439108
ci_capital_cost_battery_inverter: 0.0
ci_capital_cost_battery_storage: 0.0
ci_capital_cost_grid: 0.0
ci_capital_cost_hydrogen_electrolysis: 0.0
ci_capital_cost_hydrogen_fuel_cell: 0.0
ci_capital_cost_hydrogen_storage: 0.0
ci_capital_cost_onwind: 5251124872.598305
ci_capital_cost_solar: 1326824947.785815
ci_clean_excess_total: 16823579.76390361
ci_clean_total: 84117900.00001496
ci_clean_used_grid_total: 8353757.031671221
ci_clean_used_local_total: 67294320.23611134
ci_clean_used_total: 75648077.26778257
ci_cost_battery_inverter: 0.0
ci_cost_battery_storage: 0.0
ci_cost_grid: 1956289970.0677032
ci_cost_hydrogen_electrolysis: 0.0
ci_cost_hydrogen_fuel_cell: 0.0
ci_cost_hydrogen_storage: 0.0
ci_cost_onwind: 5252064229.440165
ci_cost_solar: 1327039888.8912423
ci_demand_total: 84117900.0
ci_emission_rate_local: 0.07919423899910247
ci_emission_rate_myopic: 0.04332864248527662
ci_emission_rate_true: 0.07759690077747383
ci_emissions: 6527288.339909466
ci_fraction_clean: 1.0000000000001779
ci_fraction_clean_excess: 0.19999999719326814
ci_fraction_clean_used: 0.8993101024607434
ci_fraction_clean_used_grid: 0.09931009965383374
ci_fraction_clean_used_local: 0.8000000028069096
ci_generation_battery_discharger: -0.0
ci_generation_onwind: 62623789.45728942
ci_generation_solar: 21494110.54272554
ci_marginal_cost_grid: 1956289970.0677032
ci_marginal_cost_onwind: 939356.8418593439
ci_marginal_cost_solar: 214941.10542725437
ci_revenue_grid: 1764432958.4647696
ci_total_cost: 8535394088.39911
co2_price: 80.0
emissions: 508367307.1486693
emissions_zone: 107.08775851734089
objective: 144167662274.3056
system_emission_rate: 0.1623966718218519
system_emissions: 169455769.04955626
system_grid_cfe_wavg: 0.6877531384710183
system_inv_H2_Electrolysis-2025: 103.9595496917171
system_inv_H2_Fuel_Cell-2025: 21.67959939575652
system_inv_OCGT-2025: 16972.791352050972
system_inv_battery_charger-2025: 1714.855186165867
system_inv_battery_discharger-2025: 1750.2165615759475
system_inv_offwind-ac-2025: 542.0348376408946
system_inv_offwind-dc-2025: 15389.991695729042
system_inv_onwind-2025: 114751.74956069933
system_inv_solar-2025: 188871.94515241415
system_inv_solar_rooftop-2025: 0.0
zone_average_marginal_price: 107.65135407850384
