ci_average cost: 100.87279993000011
ci_average_revenue: 24.27775769283301
ci_cap_H2_Electrolysis: 0.007503968000184922
ci_cap_H2_Fuel_Cell: 0.043924327806731917
ci_cap_adv_geothermal: 176.18599827963635
ci_cap_allam_ccs: 2819.766024217169
ci_cap_battery_charger: 2554.779904492061
ci_cap_battery_discharger: 2607.461047495664
ci_cap_onwind: 9466.895585212698
ci_cap_solar: 14802.645912833434
ci_capital_cost_adv_geothermal: 141981959.50370714
ci_capital_cost_allam_ccs: 683862765.6488315
ci_capital_cost_battery_inverter: 60817471.98038776
ci_capital_cost_battery_storage: 186781099.5063239
ci_capital_cost_grid: 0.0
ci_capital_cost_hydrogen_electrolysis: 499.49811608894106
ci_capital_cost_hydrogen_fuel_cell: 9295.05774168095
ci_capital_cost_hydrogen_storage: 794.332779530282
ci_capital_cost_onwind: 1035556892.7275025
ci_capital_cost_solar: 710392947.3423729
ci_clean_excess_total: 6729431.4276127145
ci_clean_total: 40376591.41583003
ci_clean_used_grid_total: 0.158231011299981
ci_clean_used_local_total: 33647159.98821732
ci_clean_used_total: 33647160.14644833
ci_cost_adv_geothermal: 141981959.50370714
ci_cost_allam_ccs: 1258130771.7190323
ci_cost_battery_inverter: 60817471.98038776
ci_cost_battery_storage: 186781099.5063239
ci_cost_grid: 15.7627656918732
ci_cost_hydrogen_electrolysis: 499.49811608894106
ci_cost_hydrogen_fuel_cell: 9295.05774168095
ci_cost_hydrogen_storage: 794.332779530282
ci_cost_onwind: 1035829299.2181364
ci_cost_solar: 710532032.3137125
ci_demand_total: 33647160.0
ci_emission_rate_local: 1.1350362824611615e-10
ci_emission_rate_myopic: 1.3511534223834546e-10
ci_emission_rate_true: 8.276840487409992e-11
ci_emissions: 0.00278492176174362
ci_fraction_clean: 1.1999999826383574
ci_fraction_clean_excess: 0.1999999829885409
ci_fraction_clean_used: 1.0000000043524722
ci_fraction_clean_used_grid: 4.7026557754051455e-09
ci_fraction_clean_used_local: 0.9999999996498165
ci_generation_H2_Fuel_Cell: 7.559122004746154
ci_generation_adv_geothermal: 1543325.3527407323
ci_generation_allam_ccs: 6933122.949336177
ci_generation_battery_discharger: 4050539.9671228607
ci_generation_onwind: 18160432.70893246
ci_generation_solar: 13908497.133962607
ci_marginal_cost_adv_geothermal: 0.0
ci_marginal_cost_allam_ccs: 574268006.0702009
ci_marginal_cost_grid: 15.7627656918732
ci_marginal_cost_onwind: 272406.49063398765
ci_marginal_cost_solar: 139084.9713396254
ci_revenue_grid: 816877597.5319831
ci_total_cost: 3394083238.8927026
co2_price: 130.0
emissions: 293850326.620089
emissions_zone: 44.48844426184288
objective: 164988484059.05612
system_emission_rate: 0.09238033075804242
system_emissions: 97950108.87336306
system_grid_cfe_wavg: 0.8514637806801081
system_inv_H2_Electrolysis-2030: 7937.352194833092
system_inv_H2_Fuel_Cell-2030: 1744.8401162659702
system_inv_OCGT-2030: 66037.31645702661
system_inv_battery_charger-2030: 25575.381274659176
system_inv_battery_discharger-2030: 26102.761467345426
system_inv_offwind-ac-2030: 1084.0792833006456
system_inv_offwind-dc-2030: 54861.17739376242
system_inv_onwind-2030: 224473.76161062843
system_inv_solar-2030: 388511.8522449699
system_inv_solar_rooftop-2030: 0.0
zone_average_marginal_price: 134.09474200677667
