ci_average cost: 94.87964165950959
ci_average_revenue: 25.47207659500711
ci_cap_H2_Electrolysis: 0.0040999295366166075
ci_cap_H2_Fuel_Cell: 0.0013062953259099785
ci_cap_adv_geothermal: 0.0014878972688062043
ci_cap_allam_ccs: 491.6790979711975
ci_cap_battery_charger: 5609.14770946406
ci_cap_battery_discharger: 5724.811807217075
ci_cap_onwind: 9855.875582017286
ci_cap_solar: 18496.816692297853
ci_capital_cost_adv_geothermal: 1199.0428968709705
ci_capital_cost_allam_ccs: 119244300.71947336
ci_capital_cost_battery_inverter: 133527817.03596915
ci_capital_cost_battery_storage: 343659022.0490823
ci_capital_cost_grid: 0.0
ci_capital_cost_hydrogen_electrolysis: 272.909889752586
ci_capital_cost_hydrogen_fuel_cell: 276.4320158852896
ci_capital_cost_hydrogen_storage: 221.91372448283687
ci_capital_cost_onwind: 1078106312.7774398
ci_capital_cost_solar: 887679689.4196526
ci_clean_excess_total: 6729429.707121575
ci_clean_total: 37402764.371773705
ci_clean_used_grid_total: 1970865.2736485263
ci_clean_used_local_total: 30673334.664652128
ci_clean_used_total: 32644199.938300654
ci_cost_adv_geothermal: 1199.0428968709705
ci_cost_allam_ccs: 285817681.1606522
ci_cost_battery_inverter: 133527817.03596915
ci_cost_battery_storage: 343659022.0490823
ci_cost_grid: 463189112.4287956
ci_cost_hydrogen_electrolysis: 272.909889752586
ci_cost_hydrogen_fuel_cell: 276.4320158852896
ci_cost_hydrogen_storage: 221.91372448283687
ci_cost_onwind: 1078381671.1818357
ci_cost_solar: 887853209.5053226
ci_demand_total: 33647160.0
ci_emission_rate_local: 0.01312827950951529
ci_emission_rate_myopic: 0.01314908609554333
ci_emission_rate_true: 0.014024312486052118
ci_emissions: 471878.2861081934
ci_fraction_clean: 1.111617276815449
ci_fraction_clean_excess: 0.19999993185521675
ci_fraction_clean_used: 0.970191836050967
ci_fraction_clean_used_grid: 0.05857449109073474
ci_fraction_clean_used_local: 0.9116173449602323
ci_generation_H2_Fuel_Cell: 4.82041172200519
ci_generation_adv_geothermal: 11.636950268379707
ci_generation_allam_ccs: 2011036.1616490027
ci_generation_battery_discharger: 7620250.316043103
ci_generation_onwind: 18357226.95972818
ci_generation_solar: 17352008.56700356
ci_marginal_cost_adv_geothermal: 0.0
ci_marginal_cost_allam_ccs: 166573380.44117886
ci_marginal_cost_grid: 463189112.4287956
ci_marginal_cost_onwind: 275358.4043959235
ci_marginal_cost_solar: 173520.08567003475
ci_revenue_grid: 857063036.7244594
ci_total_cost: 3192430483.6601844
co2_price: 130.0
emissions: 295508362.16682494
emissions_zone: 45.01570287864911
objective: 164730929879.40063
system_emission_rate: 0.09290158208342898
system_emissions: 98502787.3889415
system_grid_cfe_wavg: 0.8503223172950681
system_inv_H2_Electrolysis-2030: 8004.647800144323
system_inv_H2_Fuel_Cell-2030: 1759.2079848837175
system_inv_OCGT-2030: 67273.11185500237
system_inv_battery_charger-2030: 23737.96795088905
system_inv_battery_discharger-2030: 24227.459543506047
system_inv_offwind-ac-2030: 1084.0885307772342
system_inv_offwind-dc-2030: 54819.181035744456
system_inv_onwind-2030: 224171.8066606004
system_inv_solar-2030: 388594.99407594226
system_inv_solar_rooftop-2030: 0.0
zone_average_marginal_price: 134.2239703630162
