ci_average cost: 94.87949071311029
ci_average_revenue: 25.471939453142486
ci_cap_H2_Electrolysis: 0.0044581297231532655
ci_cap_H2_Fuel_Cell: 0.0014200497526803309
ci_cap_adv_geothermal: 0.0015953018835284986
ci_cap_allam_ccs: 491.6167157500848
ci_cap_battery_charger: 5609.03746303316
ci_cap_battery_discharger: 5724.699287436528
ci_cap_onwind: 9855.458706040807
ci_cap_solar: 18497.78746336942
ci_capital_cost_adv_geothermal: 1285.5964130806328
ci_capital_cost_allam_ccs: 119229171.49318612
ci_capital_cost_battery_inverter: 133525192.57927509
ci_capital_cost_battery_storage: 343674071.0976311
ci_capital_cost_grid: 0.0
ci_capital_cost_hydrogen_electrolysis: 296.75331743689367
ci_capital_cost_hydrogen_fuel_cell: 300.5041876861792
ci_capital_cost_hydrogen_storage: 255.1485043980863
ci_capital_cost_onwind: 1078060711.8951898
ci_capital_cost_solar: 887726277.6395415
ci_clean_excess_total: 6729429.560605777
ci_clean_total: 37402627.56762935
ci_clean_used_grid_total: 1971406.3678465367
ci_clean_used_local_total: 30673198.007023573
ci_clean_used_total: 32644604.37487011
ci_cost_adv_geothermal: 1285.5964130806328
ci_cost_allam_ccs: 285780883.1570307
ci_cost_battery_inverter: 133525192.57927509
ci_cost_battery_storage: 343674071.0976311
ci_cost_grid: 463207254.08753604
ci_cost_hydrogen_electrolysis: 296.75331743689367
ci_cost_hydrogen_fuel_cell: 300.5041876861792
ci_cost_hydrogen_storage: 255.1485043980863
ci_cost_onwind: 1078336059.1385815
ci_cost_solar: 887899806.6800598
ci_demand_total: 33647160.0
ci_emission_rate_local: 0.013126135595592168
ci_emission_rate_myopic: 0.013150290136297947
ci_emission_rate_true: 0.01402355954793822
ci_emissions: 471852.951879005
ci_fraction_clean: 1.111613210970238
ci_fraction_clean_excess: 0.19999992750073936
ci_fraction_clean_used: 0.9702038559827965
ci_fraction_clean_used_grid: 0.058590572513297905
ci_fraction_clean_used_local: 0.9116132834694985
ci_generation_H2_Fuel_Cell: 5.208789701028829
ci_generation_adv_geothermal: 12.440818915822561
ci_generation_allam_ccs: 2010774.555054464
ci_generation_battery_discharger: 7620890.286815295
ci_generation_onwind: 18356482.892785158
ci_generation_solar: 17352904.051825084
ci_marginal_cost_adv_geothermal: 0.0
ci_marginal_cost_allam_ccs: 166551711.66384456
ci_marginal_cost_grid: 463207254.08753604
ci_marginal_cost_onwind: 275347.24339177815
ci_marginal_cost_solar: 173529.04051825
ci_revenue_grid: 857058422.2901977
ci_total_cost: 3192425404.742536
co2_price: 130.0
emissions: 295508255.3363671
emissions_zone: 45.008487772976906
objective: 164730943919.8082
system_emission_rate: 0.09290154849819172
system_emissions: 98502751.7787892
system_grid_cfe_wavg: 0.8507428885684507
system_inv_H2_Electrolysis-2030: 8004.611081959469
system_inv_H2_Fuel_Cell-2030: 1759.2118048901605
system_inv_OCGT-2030: 67273.11920300967
system_inv_battery_charger-2030: 23738.095360707775
system_inv_battery_discharger-2030: 24227.589580594104
system_inv_offwind-ac-2030: 1084.0958836419181
system_inv_offwind-dc-2030: 54819.17799894165
system_inv_onwind-2030: 224171.97878907112
system_inv_solar-2030: 388594.86027210916
system_inv_solar_rooftop-2030: 0.0
zone_average_marginal_price: 134.223922502998
