ci_average cost: 95.04436050280407
ci_average_revenue: 25.474339577241718
ci_cap_H2_Electrolysis: 0.0061642119998410955
ci_cap_H2_Fuel_Cell: 0.002064116499697459
ci_cap_adv_geothermal: 0.0022972936547715674
ci_cap_allam_ccs: 832.3383669292884
ci_cap_battery_charger: 5420.943712976157
ci_cap_battery_discharger: 5532.726927825953
ci_cap_onwind: 9732.267417621326
ci_cap_solar: 18510.897789231178
ci_capital_cost_adv_geothermal: 1851.3063344693687
ci_capital_cost_allam_ccs: 201862570.3960382
ci_capital_cost_battery_inverter: 129047551.9208121
ci_capital_cost_battery_storage: 331391864.4538086
ci_capital_cost_grid: 0.0
ci_capital_cost_hydrogen_electrolysis: 410.31788528650367
ci_capital_cost_hydrogen_fuel_cell: 436.79853530516095
ci_capital_cost_hydrogen_storage: 347.97245033829535
ci_capital_cost_onwind: 1064585165.798955
ci_capital_cost_solar: 888355454.5505071
ci_clean_excess_total: 6729429.1068266155
ci_clean_total: 38322990.11966924
ci_clean_used_grid_total: 1380657.900741697
ci_clean_used_local_total: 31593561.01284262
ci_clean_used_total: 32974218.913584318
ci_cost_adv_geothermal: 1851.3063344693687
ci_cost_allam_ccs: 458762396.6265389
ci_cost_battery_inverter: 129047551.9208121
ci_cost_battery_storage: 331391864.4538086
ci_cost_grid: 325381160.1645226
ci_cost_hydrogen_electrolysis: 410.31788528650367
ci_cost_hydrogen_fuel_cell: 436.79853530516095
ci_cost_hydrogen_storage: 347.97245033829535
ci_cost_onwind: 1064857641.1465304
ci_cost_solar: 888529144.2281104
ci_demand_total: 33647160.0
ci_emission_rate_local: 0.008790312607342565
ci_emission_rate_myopic: 0.008895580650801751
ci_emission_rate_true: 0.00947033915888465
ci_emissions: 318650.0169332572
ci_fraction_clean: 1.1389665612096012
ci_fraction_clean_excess: 0.19999991401433628
ci_fraction_clean_used: 0.9800000628161283
ci_fraction_clean_used_grid: 0.04103341562086361
ci_fraction_clean_used_local: 0.9389666471952647
ci_generation_H2_Fuel_Cell: 7.197812843994174
ci_generation_adv_geothermal: 17.96696438133182
ci_generation_allam_ccs: 3101545.0314002493
ci_generation_battery_discharger: 7501215.817676705
ci_generation_onwind: 18165023.171698824
ci_generation_solar: 17368967.760331616
ci_marginal_cost_adv_geothermal: 0.0
ci_marginal_cost_allam_ccs: 256899826.23050064
ci_marginal_cost_grid: 325381160.1645226
ci_marginal_cost_onwind: 272475.3475754831
ci_marginal_cost_solar: 173689.67760331533
ci_revenue_grid: 857139179.6497844
ci_total_cost: 3197972804.9355288
co2_price: 130.0
emissions: 295076666.14080197
emissions_zone: 44.656863244716746
objective: 164737476843.6893
system_emission_rate: 0.09276586597880665
system_emissions: 98358888.7136007
system_grid_cfe_wavg: 0.8516640604084751
system_inv_H2_Electrolysis-2030: 7989.2064017513285
system_inv_H2_Fuel_Cell-2030: 1755.2492029569423
system_inv_OCGT-2030: 66939.43999573501
system_inv_battery_charger-2030: 23908.608981280144
system_inv_battery_discharger-2030: 24401.619297568217
system_inv_offwind-ac-2030: 1084.0935981623352
system_inv_offwind-dc-2030: 54837.486896543756
system_inv_onwind-2030: 224179.5667551034
system_inv_solar-2030: 388657.4379152186
system_inv_solar_rooftop-2030: 0.0
zone_average_marginal_price: 134.15660611970813
