ci_average cost: 94.87969696912309
ci_average_revenue: 25.472283645663552
ci_cap_H2_Electrolysis: 0.0035703754088511064
ci_cap_H2_Fuel_Cell: 0.0011387573828623519
ci_cap_adv_geothermal: 0.0010849059725515401
ci_cap_allam_ccs: 491.54595235207506
ci_cap_battery_charger: 5609.301089713576
ci_cap_battery_discharger: 5724.968350262275
ci_cap_onwind: 9855.23486480838
ci_cap_solar: 18498.406525886017
ci_capital_cost_adv_geothermal: 874.2867047565293
ci_capital_cost_allam_ccs: 119212009.62491263
ci_capital_cost_battery_inverter: 133531468.30902436
ci_capital_cost_battery_storage: 343687769.7156697
ci_capital_cost_grid: 0.0
ci_capital_cost_hydrogen_electrolysis: 237.6603672093833
ci_capital_cost_hydrogen_fuel_cell: 240.97843168014958
ci_capital_cost_hydrogen_storage: 185.24602263632684
ci_capital_cost_onwind: 1078036226.5368133
ci_capital_cost_solar: 887755987.0339528
ci_clean_excess_total: 6729430.010344987
ci_clean_total: 37402469.91580303
ci_clean_used_grid_total: 1974677.8622949794
ci_clean_used_local_total: 30673039.90545804
ci_clean_used_total: 32647717.76775302
ci_cost_adv_geothermal: 874.2867047565293
ci_cost_allam_ccs: 285739859.63293254
ci_cost_battery_inverter: 133531468.30902436
ci_cost_battery_storage: 343687769.7156697
ci_cost_grid: 463230618.8506987
ci_cost_hydrogen_electrolysis: 237.6603672093833
ci_cost_hydrogen_fuel_cell: 240.97843168014958
ci_cost_hydrogen_storage: 185.24602263632684
ci_cost_onwind: 1078311567.5689595
ci_cost_solar: 887929522.4227883
ci_demand_total: 33647160.0
ci_emission_rate_local: 0.01312511132366031
ci_emission_rate_myopic: 0.01314756952316659
ci_emission_rate_true: 0.01402249715938318
ci_emissions: 471817.2055213113
ci_fraction_clean: 1.1116085255279504
ci_fraction_clean_excess: 0.19999994086707426
ci_fraction_clean_used: 0.9702963866119168
ci_fraction_clean_used_grid: 0.05868780195104072
ci_fraction_clean_used_local: 0.911608584660876
ci_generation_H2_Fuel_Cell: 4.341437074230095
ci_generation_adv_geothermal: 8.361742220721386
ci_generation_allam_ccs: 2010486.4738939984
ci_generation_battery_discharger: 7623000.468304236
ci_generation_onwind: 18356068.80975467
ci_generation_solar: 17353538.883542344
ci_marginal_cost_adv_geothermal: 0.0
ci_marginal_cost_allam_ccs: 166527850.00801992
ci_marginal_cost_grid: 463230618.8506987
ci_marginal_cost_onwind: 275341.0321463208
ci_marginal_cost_solar: 173535.3888354226
ci_revenue_grid: 857070003.3910248
ci_total_cost: 3192432344.6715994
co2_price: 130.0
emissions: 295508397.8667953
emissions_zone: 45.00612183177463
objective: 164730914540.03525
system_emission_rate: 0.09290159330674523
system_emissions: 98502799.28893188
system_grid_cfe_wavg: 0.851517926474468
system_inv_H2_Electrolysis-2030: 8004.734868696043
system_inv_H2_Fuel_Cell-2030: 1759.2195493640806
system_inv_OCGT-2030: 67273.40533527656
system_inv_battery_charger-2030: 23737.42749868978
system_inv_battery_discharger-2030: 24226.907946847896
system_inv_offwind-ac-2030: 1084.071837224097
system_inv_offwind-dc-2030: 54819.13080605402
system_inv_onwind-2030: 224172.53060906925
system_inv_solar-2030: 388593.68980454333
system_inv_solar_rooftop-2030: 0.0
zone_average_marginal_price: 134.22412483206546
