ci_average cost: 95.64890106681185
ci_average_revenue: 25.26315641071475
ci_cap_H2_Electrolysis: 0.005574804437426103
ci_cap_H2_Fuel_Cell: 0.0022233843025235597
ci_cap_adv_geothermal: 0.0030425113689475144
ci_cap_allam_ccs: 1397.2405898302607
ci_cap_battery_charger: 5058.664852837909
ci_cap_battery_discharger: 5162.977653346114
ci_cap_onwind: 9507.530464999161
ci_cap_solar: 18169.742683960612
ci_capital_cost_adv_geothermal: 2451.8504886514766
ci_capital_cost_allam_ccs: 338865283.797226
ci_capital_cost_battery_inverter: 120423370.87617324
ci_capital_cost_battery_storage: 300561961.6670475
ci_capital_cost_grid: 0.0
ci_capital_cost_hydrogen_electrolysis: 371.08424689310857
ci_capital_cost_hydrogen_fuel_cell: 470.50203169497644
ci_capital_cost_hydrogen_storage: 311.7092077179119
ci_capital_cost_onwind: 1040001827.1275135
ci_capital_cost_solar: 871983099.083709
ci_clean_excess_total: 6729429.60037496
ci_clean_total: 39386983.48326421
ci_clean_used_grid_total: 653136.192239458
ci_clean_used_local_total: 32657553.88288925
ci_clean_used_total: 33310690.075128708
ci_cost_adv_geothermal: 2451.8504886514766
ci_cost_allam_ccs: 724446362.6287239
ci_cost_battery_inverter: 120423370.87617324
ci_cost_battery_storage: 300561961.6670475
ci_cost_grid: 160453621.25165257
ci_cost_hydrogen_electrolysis: 371.08424689310857
ci_cost_hydrogen_fuel_cell: 470.50203169497644
ci_cost_hydrogen_storage: 311.7092077179119
ci_cost_onwind: 1040271293.1981368
ci_cost_solar: 872153663.2514802
ci_demand_total: 33647160.0
ci_emission_rate_local: 0.004075932349336366
ci_emission_rate_myopic: 0.0043317072699558135
ci_emission_rate_true: 0.004622715877785234
ci_emissions: 155541.2607743802
ci_fraction_clean: 1.1705886465087754
ci_fraction_clean_excess: 0.19999992868268704
ci_fraction_clean_used: 0.9900000497851441
ci_fraction_clean_used_grid: 0.019411331959055624
ci_fraction_clean_used_local: 0.9705887178260884
ci_generation_H2_Fuel_Cell: 6.298883369992598
ci_generation_adv_geothermal: 24.388095616019744
ci_generation_allam_ccs: 4655110.502794867
ci_generation_battery_discharger: 6935074.184909239
ci_generation_onwind: 17964404.708217874
ci_generation_solar: 17056416.77712244
ci_marginal_cost_adv_geothermal: 0.0
ci_marginal_cost_allam_ccs: 385581078.8314978
ci_marginal_cost_grid: 160453621.25165257
ci_marginal_cost_onwind: 269466.07062326884
ci_marginal_cost_solar: 170564.16777122358
ci_revenue_grid: 850033465.8563449
ci_total_cost: 3218313878.019189
co2_price: 130.0
emissions: 294573175.6164805
emissions_zone: 44.09407052746489
objective: 164768665684.59756
system_emission_rate: 0.09260757920163874
system_emissions: 98191058.53882661
system_grid_cfe_wavg: 0.851690225336136
system_inv_H2_Electrolysis-2030: 7988.089247914217
system_inv_H2_Fuel_Cell-2030: 1754.6900560081353
system_inv_OCGT-2030: 66542.38789692531
system_inv_battery_charger-2030: 24177.867683321954
system_inv_battery_discharger-2030: 24676.43028071349
system_inv_offwind-ac-2030: 1084.104050123548
system_inv_offwind-dc-2030: 54854.03107500006
system_inv_onwind-2030: 224237.15010394814
system_inv_solar-2030: 388714.36229954846
system_inv_solar_rooftop-2030: 0.0
zone_average_marginal_price: 134.0869178421031
