ci_average cost: 94.8793183235279
ci_average_revenue: 25.471943222528473
ci_cap_H2_Electrolysis: 0.0027101120554825996
ci_cap_H2_Fuel_Cell: 0.0008615287143385813
ci_cap_adv_geothermal: 0.0008929278341051304
ci_cap_allam_ccs: 491.7371592076051
ci_cap_battery_charger: 5608.700807330167
ci_cap_battery_discharger: 5724.355689684553
ci_cap_onwind: 9855.777658737956
ci_cap_solar: 18496.988294730323
ci_capital_cost_adv_geothermal: 719.5784274549859
ci_capital_cost_allam_ccs: 119258382.00046109
ci_capital_cost_battery_inverter: 133517178.36687742
ci_capital_cost_battery_storage: 343651721.0351732
ci_capital_cost_grid: 0.0
ci_capital_cost_hydrogen_electrolysis: 180.3973399233748
ci_capital_cost_hydrogen_fuel_cell: 182.31261685161073
ci_capital_cost_hydrogen_storage: 183.41409245170345
ci_capital_cost_onwind: 1078095601.2272854
ci_capital_cost_solar: 887687924.7823365
ci_clean_excess_total: 6729430.437131167
ci_clean_total: 37402912.05410438
ci_clean_used_grid_total: 1972982.035947139
ci_clean_used_local_total: 30673481.616973214
ci_clean_used_total: 32646463.652920354
ci_cost_adv_geothermal: 719.5784274549859
ci_cost_allam_ccs: 285849455.77009785
ci_cost_battery_inverter: 133517178.36687742
ci_cost_battery_storage: 343651721.0351732
ci_cost_grid: 463167580.3553314
ci_cost_hydrogen_electrolysis: 180.3973399233748
ci_cost_hydrogen_fuel_cell: 182.31261685161073
ci_cost_hydrogen_storage: 183.41409245170345
ci_cost_onwind: 1078370955.9599607
ci_cost_solar: 887861447.1327578
ci_demand_total: 33647160.0
ci_emission_rate_local: 0.013120942193923731
ci_emission_rate_myopic: 0.013146172073133542
ci_emission_rate_true: 0.014019873546874732
ci_emissions: 471728.92841146165
ci_fraction_clean: 1.1116216659624283
ci_fraction_clean_excess: 0.1999999535512408
ci_fraction_clean_used: 0.9702591140803668
ci_fraction_clean_used_grid: 0.058637401669179176
ci_fraction_clean_used_local: 0.9116217124111876
ci_generation_H2_Fuel_Cell: 3.222585525339446
ci_generation_adv_geothermal: 6.98734175374965
ci_generation_allam_ccs: 2011249.772750936
ci_generation_battery_discharger: 7621356.108379225
ci_generation_onwind: 18356982.17834892
ci_generation_solar: 17352235.042128358
ci_marginal_cost_adv_geothermal: 0.0
ci_marginal_cost_allam_ccs: 166591073.76963678
ci_marginal_cost_grid: 463167580.3553314
ci_marginal_cost_onwind: 275354.73267523455
ci_marginal_cost_solar: 173522.35042128275
ci_revenue_grid: 857058549.1193311
ci_total_cost: 3192419604.3226748
co2_price: 130.0
emissions: 295508157.90838
emissions_zone: 44.99960633668947
objective: 164730892404.81796
system_emission_rate: 0.09290151786889178
system_emissions: 98502719.30279309
system_grid_cfe_wavg: 0.8512779959663065
system_inv_H2_Electrolysis-2030: 8004.766824862624
system_inv_H2_Fuel_Cell-2030: 1759.2168386471624
system_inv_OCGT-2030: 67273.43697068523
system_inv_battery_charger-2030: 23737.95404923753
system_inv_battery_discharger-2030: 24227.445355193864
system_inv_offwind-ac-2030: 1084.0478952614824
system_inv_offwind-dc-2030: 54819.100945684084
system_inv_onwind-2030: 224171.20766575
system_inv_solar-2030: 388596.163564698
system_inv_solar_rooftop-2030: 0.0
zone_average_marginal_price: 134.22443788924983
