ci_average cost: 138.55761364546998
ci_average_revenue: 0.0
ci_cap_H2_Electrolysis: 0.0
ci_cap_H2_Fuel_Cell: 0.0
ci_cap_adv_geothermal: 0.0
ci_cap_allam_ccs: 0.0
ci_cap_battery_charger: 0.0
ci_cap_battery_discharger: 0.0
ci_cap_onwind: 0.0
ci_cap_solar: 0.0
ci_capital_cost_adv_geothermal: 0.0
ci_capital_cost_allam_ccs: 0.0
ci_capital_cost_battery_inverter: 0.0
ci_capital_cost_battery_storage: 0.0
ci_capital_cost_grid: 0.0
ci_capital_cost_hydrogen_electrolysis: 0.0
ci_capital_cost_hydrogen_fuel_cell: 0.0
ci_capital_cost_hydrogen_storage: 0.0
ci_capital_cost_onwind: 0.0
ci_capital_cost_solar: 0.0
ci_clean_excess_total: 0.0
ci_clean_total: 0.0
ci_clean_used_grid_total: 28068744.86168072
ci_clean_used_local_total: 0.0
ci_clean_used_total: 28068744.86168072
ci_cost_adv_geothermal: 0.0
ci_cost_allam_ccs: 0.0
ci_cost_battery_inverter: 0.0
ci_cost_battery_storage: 0.0
ci_cost_grid: 4662070195.547312
ci_cost_hydrogen_electrolysis: 0.0
ci_cost_hydrogen_fuel_cell: 0.0
ci_cost_hydrogen_storage: 0.0
ci_cost_onwind: 0.0
ci_cost_solar: 0.0
ci_demand_total: 33647160.0
ci_emission_rate_local: 0.10714524175779475
ci_emission_rate_myopic: 0.09640897650674733
ci_emission_rate_true: 0.1047725341991735
ci_emissions: 3525298.221805062
ci_fraction_clean: 0.0
ci_fraction_clean_excess: 0.0
ci_fraction_clean_used: 0.834208440227369
ci_fraction_clean_used_grid: 0.834208440227369
ci_fraction_clean_used_local: 0.0
ci_generation_H2_Fuel_Cell: -0.0
ci_generation_adv_geothermal: 0.0
ci_generation_allam_ccs: 0.0
ci_generation_battery_discharger: -0.0
ci_generation_onwind: 0.0
ci_generation_solar: 0.0
ci_marginal_cost_adv_geothermal: 0.0
ci_marginal_cost_allam_ccs: 0.0
ci_marginal_cost_grid: 4662070195.547312
ci_marginal_cost_onwind: 0.0
ci_marginal_cost_solar: 0.0
ci_revenue_grid: 0.0
ci_total_cost: 4662070195.547312
co2_price: 130.0
emissions: 310042845.6673468
emissions_zone: 50.3818806948206
objective: 167025416138.4079
system_emission_rate: 0.09747091644020678
system_emissions: 103347615.22244889
system_grid_cfe_wavg: 0.8288820565988371
system_inv_H2_Electrolysis-2030: 7939.973360753236
system_inv_H2_Fuel_Cell-2030: 1740.3564947152188
system_inv_OCGT-2030: 70720.48037402554
system_inv_battery_charger-2030: 27990.775426940505
system_inv_battery_discharger-2030: 28567.962542141937
system_inv_offwind-ac-2030: 1084.1018458011229
system_inv_offwind-dc-2030: 54354.42744874709
system_inv_onwind-2030: 221381.21609848808
system_inv_solar-2030: 392829.76232513436
system_inv_solar_rooftop-2030: 0.0
zone_average_marginal_price: 138.55761364547
