ci_average cost: 105.55778362408556
ci_average_revenue: 24.86728114905745
ci_cap_H2_Electrolysis: 0.0
ci_cap_H2_Fuel_Cell: 0.0
ci_cap_adv_geothermal: 0.0
ci_cap_allam_ccs: 0.0
ci_cap_battery_charger: 0.0
ci_cap_battery_discharger: 0.0
ci_cap_onwind: 17909.059976529716
ci_cap_solar: 10439.276519371242
ci_capital_cost_adv_geothermal: 0.0
ci_capital_cost_allam_ccs: 0.0
ci_capital_cost_battery_inverter: 0.0
ci_capital_cost_battery_storage: 0.0
ci_capital_cost_grid: 0.0
ci_capital_cost_hydrogen_electrolysis: 0.0
ci_capital_cost_hydrogen_fuel_cell: 0.0
ci_capital_cost_hydrogen_storage: 0.0
ci_capital_cost_onwind: 1959021342.7445245
ci_capital_cost_solar: 500990732.2236718
ci_clean_excess_total: 6729431.348970567
ci_clean_total: 33647160.00003164
ci_clean_used_grid_total: 4715657.2730910145
ci_clean_used_local_total: 26917728.651061077
ci_clean_used_total: 31633385.92415209
ci_cost_adv_geothermal: 0.0
ci_cost_allam_ccs: 0.0
ci_cost_battery_inverter: 0.0
ci_cost_battery_storage: 0.0
ci_cost_grid: 1091250338.705472
ci_cost_hydrogen_electrolysis: 0.0
ci_cost_hydrogen_fuel_cell: 0.0
ci_cost_hydrogen_storage: 0.0
ci_cost_onwind: 1959383591.4584782
ci_cost_solar: 501085704.68103623
ci_demand_total: 33647160.0
ci_emission_rate_local: 0.02908595744017025
ci_emission_rate_myopic: 0.026866939974512623
ci_emission_rate_true: 0.033181912885297454
ci_emissions: 1116477.1319576649
ci_fraction_clean: 1.0000000000009404
ci_fraction_clean_excess: 0.19999998065128133
ci_fraction_clean_used: 0.9401502511401286
ci_fraction_clean_used_grid: 0.1401502317904695
ci_fraction_clean_used_local: 0.8000000193496591
ci_generation_H2_Fuel_Cell: -0.0
ci_generation_adv_geothermal: 0.0
ci_generation_allam_ccs: 0.0
ci_generation_battery_discharger: -0.0
ci_generation_onwind: 24149914.263586942
ci_generation_solar: 9497245.736444702
ci_marginal_cost_adv_geothermal: 0.0
ci_marginal_cost_allam_ccs: 0.0
ci_marginal_cost_grid: 1091250338.705472
ci_marginal_cost_onwind: 362248.7139538051
ci_marginal_cost_solar: 94972.45736444657
ci_revenue_grid: 836713387.5873199
ci_total_cost: 3551719634.8449864
co2_price: 130.0
emissions: 296505041.3081133
emissions_zone: 47.40104410944578
objective: 165126207489.62128
system_emission_rate: 0.09321491693587182
system_emissions: 98835013.76937068
system_grid_cfe_wavg: 0.8518239812350166
system_inv_H2_Electrolysis-2030: 7856.84408107776
system_inv_H2_Fuel_Cell-2030: 1727.0036476381272
system_inv_OCGT-2030: 68712.39765862125
system_inv_battery_charger-2030: 27850.879127607783
system_inv_battery_discharger-2030: 28425.18149452313
system_inv_offwind-ac-2030: 1084.0911989783965
system_inv_offwind-dc-2030: 54838.50829024125
system_inv_onwind-2030: 223628.11669811228
system_inv_solar-2030: 389671.98042313446
system_inv_solar_rooftop-2030: 0.0
zone_average_marginal_price: 134.4941603098774
