ci_average cost: 124.5285613364205
ci_average_revenue: 22.131518054007923
ci_cap_H2_Electrolysis: 690.2571890317121
ci_cap_H2_Fuel_Cell: 855.7635020509152
ci_cap_battery_charger: 429.78308818370533
ci_cap_battery_discharger: 438.64548149176494
ci_cap_onwind: 5027.489492345424
ci_cap_solar: 3981.988553890732
ci_capital_cost_battery_inverter: 13663221.75210333
ci_capital_cost_battery_storage: 64764659.69819514
ci_capital_cost_grid: 0.0
ci_capital_cost_hydrogen_electrolysis: 58304352.72451927
ci_capital_cost_hydrogen_fuel_cell: 197555574.53973487
ci_capital_cost_hydrogen_storage: 83256288.24207494
ci_capital_cost_onwind: 577060437.77425
ci_capital_cost_solar: 220208738.5023427
ci_clean_excess_total: 1951727.907117582
ci_clean_total: 11708405.321279306
ci_clean_used_grid_total: 1962.5935395936483
ci_clean_used_local_total: 9756677.414161723
ci_clean_used_total: 9758640.007701317
ci_cost_battery_inverter: 13663221.75210333
ci_cost_battery_storage: 64764659.69819514
ci_cost_grid: 221565.0674032844
ci_cost_hydrogen_electrolysis: 58304352.72451927
ci_cost_hydrogen_fuel_cell: 197555574.53973487
ci_cost_hydrogen_storage: 83256288.24207494
ci_cost_onwind: 577217550.7281548
ci_cost_solar: 220246187.0478607
ci_demand_total: 9758640.0
ci_emission_rate_local: 4.988260436683342e-05
ci_emission_rate_myopic: 5.569241438310533e-06
ci_emission_rate_true: 5.068859889305831e-05
ci_emissions: 494.6517887017545
ci_fraction_clean: 1.1997988778435629
ci_fraction_clean_excess: 0.19999999048203254
ci_fraction_clean_used: 1.0000000007891794
ci_fraction_clean_used_grid: 0.0002011134276491036
ci_fraction_clean_used_local: 0.9997988873615302
ci_generation_H2_Fuel_Cell: 1248214.4954345538
ci_generation_battery_discharger: 788335.6792690661
ci_generation_onwind: 10474196.926983926
ci_generation_solar: 3744854.551800614
ci_marginal_cost_grid: 221565.0674032844
ci_marginal_cost_onwind: 157112.95390475864
ci_marginal_cost_solar: 37448.54551800617
ci_revenue_grid: 215973517.34256387
ci_total_cost: 1215229399.8000464
co2_price: 80.0
emissions: 509121388.77873474
emissions_zone: 77.99607349566439
objective: 142331051389.67758
system_emission_rate: 0.15886392657075585
system_emissions: 169707129.5929116
system_grid_cfe_wavg: 0.6209312393761843
system_inv_H2_Electrolysis-2025: 105.49626914669476
system_inv_H2_Fuel_Cell-2025: 21.981020080793975
system_inv_OCGT-2025: 16997.00906267337
system_inv_battery_charger-2025: 1715.0501311734542
system_inv_battery_discharger-2025: 1750.415526470259
system_inv_offwind-ac-2025: 542.0661268541705
system_inv_offwind-dc-2025: 34750.43932382313
system_inv_onwind-2025: 110049.674537285
system_inv_solar-2025: 188956.0592714522
system_inv_solar_rooftop-2025: 0.0
zone_average_marginal_price: 115.10483662746086
