ci_average cost: 86.86922584328116
ci_average_revenue: 22.259275273971785
ci_cap_H2_Electrolysis: 0.002170692141850096
ci_cap_H2_Fuel_Cell: 0.0007132577305002905
ci_cap_battery_charger: 0.015376677782524453
ci_cap_battery_discharger: 0.01569375439634827
ci_cap_onwind: 3139.0101882526938
ci_cap_solar: 2194.865786663419
ci_capital_cost_battery_inverter: 488.83951958451587
ci_capital_cost_battery_storage: 872.3170573198993
ci_capital_cost_grid: 0.0
ci_capital_cost_hydrogen_electrolysis: 183.3531070821715
ci_capital_cost_hydrogen_fuel_cell: 164.65768919356026
ci_capital_cost_hydrogen_storage: 184.14914519701802
ci_capital_cost_onwind: 360298832.28376013
ci_capital_cost_solar: 121378708.03040141
ci_clean_excess_total: 1951726.5935248297
ci_clean_total: 8589454.556709219
ci_clean_used_grid_total: 1700353.1641682726
ci_clean_used_local_total: 6637727.963184389
ci_clean_used_total: 8338081.127352662
ci_cost_battery_inverter: 488.83951958451587
ci_cost_battery_storage: 872.3170573198993
ci_cost_grid: 365927547.3013998
ci_cost_hydrogen_electrolysis: 183.3531070821715
ci_cost_hydrogen_fuel_cell: 164.65768919356026
ci_cost_hydrogen_storage: 184.14914519701802
ci_cost_onwind: 360396711.8879937
ci_cost_solar: 121399349.57736516
ci_demand_total: 9758640.0
ci_emission_rate_local: 0.2172733169754536
ci_emission_rate_myopic: 0.058793544082810165
ci_emission_rate_true: 0.20568565714349704
ci_emissions: 2007212.281226816
ci_fraction_clean: 0.8801897146230642
ci_fraction_clean_excess: 0.19999985587385433
ci_fraction_clean_used: 0.8544306509260166
ci_fraction_clean_used_grid: 0.17424079217680666
ci_fraction_clean_used_local: 0.6801898587492099
ci_generation_H2_Fuel_Cell: 2.702830704357225
ci_generation_battery_discharger: 41.35834301127031
ci_generation_onwind: 6525306.9489036575
ci_generation_solar: 2064154.6963752056
ci_marginal_cost_grid: 365927547.3013998
ci_marginal_cost_onwind: 97879.6042335547
ci_marginal_cost_solar: 20641.546963752073
ci_revenue_grid: 217220254.059592
ci_total_cost: 847725502.0832772
co2_price: 80.0
emissions: 512248241.5617065
emissions_zone: 79.3214798532437
objective: 141962478918.9642
system_emission_rate: 0.1598396155161823
system_emissions: 170749413.85390216
system_grid_cfe_wavg: 0.618743052980535
system_inv_H2_Electrolysis-2025: 107.71845590827947
system_inv_H2_Fuel_Cell-2025: 22.431091460941566
system_inv_OCGT-2025: 17001.39662771136
system_inv_battery_charger-2025: 1715.0696188102204
system_inv_battery_discharger-2025: 1750.435415954158
system_inv_offwind-ac-2025: 542.0696698342889
system_inv_offwind-dc-2025: 34700.58494387393
system_inv_onwind-2025: 110072.16598703859
system_inv_solar-2025: 188915.0202212559
system_inv_solar_rooftop-2025: 0.0
zone_average_marginal_price: 115.24790759841983
