ci_average cost: 86.86920027314031
ci_average_revenue: 22.259277809988408
ci_cap_H2_Electrolysis: 0.0017058894046254579
ci_cap_H2_Fuel_Cell: 0.0005543737996087207
ci_cap_battery_charger: 0.011798855067839401
ci_cap_battery_discharger: 0.01204215476266427
ci_cap_onwind: 3139.006771840705
ci_cap_solar: 2194.867375648342
ci_capital_cost_battery_inverter: 375.09706092462767
ci_capital_cost_battery_storage: 691.9006408687745
ci_capital_cost_grid: 0.0
ci_capital_cost_hydrogen_electrolysis: 144.09234577596467
ci_capital_cost_hydrogen_fuel_cell: 127.97885657544741
ci_capital_cost_hydrogen_storage: 188.95477883502244
ci_capital_cost_onwind: 360298440.14446265
ci_capital_cost_solar: 121378795.90317169
ci_clean_excess_total: 1951726.693670653
ci_clean_total: 8589450.423910778
ci_clean_used_grid_total: 1708276.7855024948
ci_clean_used_local_total: 6637723.730240124
ci_clean_used_total: 8346000.515742619
ci_cost_battery_inverter: 375.09706092462767
ci_cost_battery_storage: 691.9006408687745
ci_cost_grid: 365927967.43086386
ci_cost_hydrogen_electrolysis: 144.09234577596467
ci_cost_hydrogen_fuel_cell: 127.97885657544741
ci_cost_hydrogen_storage: 188.95477883502244
ci_cost_onwind: 360396319.6171641
ci_cost_solar: 121399437.48176692
ci_demand_total: 9758640.0
ci_emission_rate_local: 0.21726226470899282
ci_emission_rate_myopic: 0.0587908080187827
ci_emission_rate_true: 0.20566473309667627
ci_emissions: 2007008.0909865485
ci_fraction_clean: 0.8801892911215885
ci_fraction_clean_excess: 0.19999986613612686
ci_fraction_clean_used: 0.8552421767523567
ci_fraction_clean_used_grid: 0.17505275176689525
ci_fraction_clean_used_local: 0.6801894249854615
ci_generation_H2_Fuel_Cell: 2.148367898703283
ci_generation_battery_discharger: 32.42510072150462
ci_generation_onwind: 6525298.180095861
ci_generation_solar: 2064157.8595239078
ci_marginal_cost_grid: 365927967.43086386
ci_marginal_cost_onwind: 97879.47270143774
ci_marginal_cost_solar: 20641.57859523909
ci_revenue_grid: 217220278.8076653
ci_total_cost: 847725252.5534779
co2_price: 80.0
emissions: 512248232.22114766
emissions_zone: 79.31864474799177
objective: 141962476197.40097
system_emission_rate: 0.15983961260159657
system_emissions: 170749410.74038237
system_grid_cfe_wavg: 0.6194895151630496
system_inv_H2_Electrolysis-2025: 107.72791325268892
system_inv_H2_Fuel_Cell-2025: 22.428220456266256
system_inv_OCGT-2025: 17001.410410145072
system_inv_battery_charger-2025: 1714.9521053467058
system_inv_battery_discharger-2025: 1750.315479290287
system_inv_offwind-ac-2025: 542.0645955820919
system_inv_offwind-dc-2025: 34700.61125570891
system_inv_onwind-2025: 110072.40885775328
system_inv_solar-2025: 188914.49720275585
system_inv_solar_rooftop-2025: 0.0
zone_average_marginal_price: 115.24790078776586
