ci_average cost: 108.1285853530344
ci_average_revenue: 22.517989822134385
ci_cap_H2_Electrolysis: 508.84779952176416
ci_cap_H2_Fuel_Cell: 347.57566625651697
ci_cap_battery_charger: 612.4647901137154
ci_cap_battery_discharger: 625.0941931929864
ci_cap_onwind: 4410.074127628187
ci_cap_solar: 4242.422908452338
ci_capital_cost_battery_inverter: 19470850.465624228
ci_capital_cost_battery_storage: 86860335.28356166
ci_capital_cost_grid: 0.0
ci_capital_cost_hydrogen_electrolysis: 42981141.026623026
ci_capital_cost_hydrogen_fuel_cell: 80238886.41987441
ci_capital_cost_hydrogen_storage: 39359111.51869649
ci_capital_cost_onwind: 506192864.3671373
ci_capital_cost_solar: 234611070.3786228
ci_clean_excess_total: 1951727.351726973
ci_clean_total: 11328727.531790894
ci_clean_used_grid_total: 186467.5414991578
ci_clean_used_local_total: 9377000.180063922
ci_clean_used_total: 9563467.72156308
ci_cost_battery_inverter: 19470850.465624228
ci_cost_battery_storage: 86860335.28356166
ci_cost_grid: 45296634.228071064
ci_cost_hydrogen_electrolysis: 42981141.026623026
ci_cost_hydrogen_fuel_cell: 80238886.41987441
ci_cost_hydrogen_storage: 39359111.51869649
ci_cost_onwind: 506330011.240027
ci_cost_solar: 234650967.98705778
ci_demand_total: 9758640.0
ci_emission_rate_local: 0.030520406338055882
ci_emission_rate_myopic: 0.00797933220248478
ci_emission_rate_true: 0.027668097956890365
ci_emissions: 270003.0074460285
ci_fraction_clean: 1.1608920435420196
ci_fraction_clean_excess: 0.19999993356932655
ci_fraction_clean_used: 0.9800000534462876
ci_fraction_clean_used_grid: 0.019107943473594458
ci_fraction_clean_used_local: 0.9608921099726931
ci_generation_H2_Fuel_Cell: 882480.917425811
ci_generation_battery_discharger: 1256827.9350369559
ci_generation_onwind: 9143124.859311275
ci_generation_solar: 3989760.8434983823
ci_marginal_cost_grid: 45296634.228071064
ci_marginal_cost_onwind: 137146.8728896689
ci_marginal_cost_solar: 39897.60843498385
ci_revenue_grid: 219744956.1978735
ci_total_cost: 1055187938.1695356
co2_price: 80.0
emissions: 509437636.28575724
emissions_zone: 78.16759242830226
objective: 142167475181.32254
system_emission_rate: 0.15896260700697637
system_emissions: 169812545.42858592
system_grid_cfe_wavg: 0.6207519059475516
system_inv_H2_Electrolysis-2025: 104.0528109229329
system_inv_H2_Fuel_Cell-2025: 21.683631240767443
system_inv_OCGT-2025: 16998.225259033272
system_inv_battery_charger-2025: 1714.9399010122474
system_inv_battery_discharger-2025: 1750.3030232948977
system_inv_offwind-ac-2025: 542.0624589797959
system_inv_offwind-dc-2025: 34748.429896810805
system_inv_onwind-2025: 110057.61344556836
system_inv_solar-2025: 188941.0625831112
system_inv_solar_rooftop-2025: 0.0
zone_average_marginal_price: 115.15656286113686
