ci_average cost: 113.09508010803995
ci_average_revenue: 22.493095140968585
ci_cap_H2_Electrolysis: 613.877280763886
ci_cap_H2_Fuel_Cell: 481.54632231669007
ci_cap_battery_charger: 522.8106243397572
ci_cap_battery_discharger: 533.5913030260965
ci_cap_onwind: 4719.811951468252
ci_cap_solar: 4122.408276802035
ci_capital_cost_battery_inverter: 16620657.469091458
ci_capital_cost_battery_storage: 78782541.42231372
ci_capital_cost_grid: 0.0
ci_capital_cost_hydrogen_electrolysis: 51852726.89073289
ci_capital_cost_hydrogen_fuel_cell: 111166414.72179775
ci_capital_cost_hydrogen_storage: 53151126.39893992
ci_capital_cost_onwind: 541744891.7741617
ci_capital_cost_solar: 227974117.4391891
ci_clean_excess_total: 1951727.859121282
ci_clean_total: 11524047.715580124
ci_clean_used_grid_total: 88733.77113091381
ci_clean_used_local_total: 9572319.85645884
ci_clean_used_total: 9661053.627589755
ci_cost_battery_inverter: 16620657.469091458
ci_cost_battery_storage: 78782541.42231372
ci_cost_grid: 22176284.43736944
ci_cost_hydrogen_electrolysis: 51852726.89073289
ci_cost_hydrogen_fuel_cell: 111166414.72179775
ci_cost_hydrogen_storage: 53151126.39893992
ci_cost_onwind: 541891534.6247116
ci_cost_solar: 228012886.5805662
ci_demand_total: 9758640.0
ci_emission_rate_local: 0.015410001537979924
ci_emission_rate_myopic: 0.003970663442645156
ci_emission_rate_true: 0.013849931137774826
ci_emissions: 135156.4919983349
ci_fraction_clean: 1.1809071464445993
ci_fraction_clean_excess: 0.1999999855636935
ci_fraction_clean_used: 0.9900000028272131
ci_fraction_clean_used_grid: 0.009092841946307459
ci_fraction_clean_used_local: 0.9809071608809057
ci_generation_H2_Fuel_Cell: 1050186.3215968404
ci_generation_battery_discharger: 1064600.5142605992
ci_generation_onwind: 9776190.036661003
ci_generation_solar: 3876914.137710132
ci_marginal_cost_grid: 22176284.43736944
ci_marginal_cost_onwind: 146642.8505499148
ci_marginal_cost_solar: 38769.14137710135
ci_revenue_grid: 219502017.96646166
ci_total_cost: 1103654172.545523
co2_price: 80.0
emissions: 509243779.611353
emissions_zone: 78.04893873800087
objective: 142216087549.36432
system_emission_rate: 0.15890211685046957
system_emissions: 169747926.53711703
system_grid_cfe_wavg: 0.620800743840323
system_inv_H2_Electrolysis-2025: 103.9186124742853
system_inv_H2_Fuel_Cell-2025: 21.650706345564462
system_inv_OCGT-2025: 16998.486186224178
system_inv_battery_charger-2025: 1714.7828769571056
system_inv_battery_discharger-2025: 1750.1427613065425
system_inv_offwind-ac-2025: 542.0104537117868
system_inv_offwind-dc-2025: 34750.6133158476
system_inv_onwind-2025: 110060.8643762574
system_inv_solar-2025: 188934.70984255185
system_inv_solar_rooftop-2025: 0.0
zone_average_marginal_price: 115.14323371030581
