ci_average cost: 98.95245580815892
ci_average_revenue: 22.746577646941162
ci_cap_H2_Electrolysis: 272.36989130529685
ci_cap_H2_Fuel_Cell: 143.6806168183971
ci_cap_battery_charger: 673.6056537429184
ci_cap_battery_discharger: 687.4958192755619
ci_cap_onwind: 3770.6260426760223
ci_cap_solar: 4123.073549636984
ci_capital_cost_battery_inverter: 21414577.896620393
ci_capital_cost_battery_storage: 89264736.44443578
ci_capital_cost_grid: 0.0
ci_capital_cost_hydrogen_electrolysis: 23006424.94789492
ci_capital_cost_hydrogen_fuel_cell: 33169101.90462075
ci_capital_cost_hydrogen_storage: 12784938.44849871
ci_capital_cost_onwind: 432796352.5697042
ci_capital_cost_solar: 228010907.82413405
ci_clean_excess_total: 1951727.194220231
ci_clean_total: 10649146.883060643
ci_clean_used_grid_total: 573288.9561350901
ci_clean_used_local_total: 8697419.688840412
ci_clean_used_total: 9270708.644975502
ci_cost_battery_inverter: 21414577.896620393
ci_cost_battery_storage: 89264736.44443578
ci_cost_grid: 125039547.66576783
ci_cost_hydrogen_electrolysis: 23006424.94789492
ci_cost_hydrogen_fuel_cell: 33169101.90462075
ci_cost_hydrogen_storage: 12784938.44849871
ci_cost_onwind: 432912383.10274804
ci_cost_solar: 228049682.9371456
ci_demand_total: 9758640.0
ci_emission_rate_local: 0.07931815923531604
ci_emission_rate_myopic: 0.020911961961132115
ci_emission_rate_true: 0.07254742392830127
ci_emissions: 707964.1930436778
ci_fraction_clean: 1.0912531749363275
ci_fraction_clean_excess: 0.19999991742909165
ci_fraction_clean_used: 0.9500000660927652
ci_fraction_clean_used_grid: 0.058746808585529345
ci_fraction_clean_used_local: 0.8912532575072358
ci_generation_H2_Fuel_Cell: 454886.3413929613
ci_generation_battery_discharger: 1458002.7066461728
ci_generation_onwind: 7735368.869592391
ci_generation_solar: 3877511.3011539932
ci_marginal_cost_grid: 125039547.66576783
ci_marginal_cost_onwind: 116030.53304388568
ci_marginal_cost_solar: 38775.11301153996
ci_revenue_grid: 221975662.4885459
ci_total_cost: 965641393.347732
co2_price: 80.0
emissions: 510080289.7714221
emissions_zone: 78.38810245977027
objective: 142075950742.38403
system_emission_rate: 0.1591631376827786
system_emissions: 170026763.257141
system_grid_cfe_wavg: 0.6207583669051384
system_inv_H2_Electrolysis-2025: 106.67530905566879
system_inv_H2_Fuel_Cell-2025: 22.21979153315475
system_inv_OCGT-2025: 16998.206726210992
system_inv_battery_charger-2025: 1714.9999758491667
system_inv_battery_discharger-2025: 1750.3643369121392
system_inv_offwind-ac-2025: 542.0628239115842
system_inv_offwind-dc-2025: 34736.20668133163
system_inv_onwind-2025: 110056.28884754569
system_inv_solar-2025: 188943.8314979852
system_inv_solar_rooftop-2025: 0.0
zone_average_marginal_price: 115.1951334997493
