ci_average cost: 90.8957194868363
ci_average_revenue: 22.893280595067964
ci_cap_H2_Electrolysis: 20.519701258569977
ci_cap_H2_Fuel_Cell: 6.992337993286997
ci_cap_battery_charger: 449.1989107232534
ci_cap_battery_discharger: 458.4616703102007
ci_cap_onwind: 3316.1146996765965
ci_cap_solar: 3158.588243730015
ci_capital_cost_battery_inverter: 14280469.606081104
ci_capital_cost_battery_storage: 53579562.33769407
ci_capital_cost_grid: 0.0
ci_capital_cost_hydrogen_electrolysis: 1733249.4597552984
ci_capital_cost_hydrogen_fuel_cell: 1614202.2256490695
ci_capital_cost_hydrogen_storage: 487943.00259756495
ci_capital_cost_onwind: 380627071.0696743
ci_capital_cost_solar: 174673714.6997844
ci_clean_excess_total: 1951727.7553138782
ci_clean_total: 9493364.283616006
ci_clean_used_grid_total: 1241139.6111287444
ci_clean_used_local_total: 7541636.528302127
ci_clean_used_total: 8782776.139430871
ci_cost_battery_inverter: 14280469.606081104
ci_cost_battery_storage: 53579562.33769407
ci_cost_grid: 259893354.73409963
ci_cost_hydrogen_electrolysis: 1733249.4597552984
ci_cost_hydrogen_fuel_cell: 1614202.2256490695
ci_cost_hydrogen_storage: 487943.00259756495
ci_cost_onwind: 380726403.2540271
ci_cost_solar: 174703419.3931162
ci_demand_total: 9758640.0
ci_emission_rate_local: 0.1574574724466323
ci_emission_rate_myopic: 0.04214807106280732
ci_emission_rate_true: 0.1467957098039109
ci_emissions: 1432526.4855208374
ci_fraction_clean: 0.9728163231368312
ci_fraction_clean_excess: 0.19999997492620675
ci_fraction_clean_used: 0.9000000142879409
ci_fraction_clean_used_grid: 0.12718366607731654
ci_fraction_clean_used_local: 0.7728163482106243
ci_generation_H2_Fuel_Cell: 29328.408671819565
ci_generation_battery_discharger: 984760.8217364198
ci_generation_onwind: 6622145.623521062
ci_generation_solar: 2970469.3331796424
ci_marginal_cost_grid: 259893354.73409963
ci_marginal_cost_onwind: 99332.18435281576
ci_marginal_cost_solar: 29704.693331796447
ci_revenue_grid: 223407283.74625403
ci_total_cost: 887018604.0130202
co2_price: 80.0
emissions: 511184450.81792307
emissions_zone: 78.76995784068778
objective: 141995851518.31876
system_emission_rate: 0.15950767508246286
system_emissions: 170394816.93930766
system_grid_cfe_wavg: 0.6204710133321301
system_inv_H2_Electrolysis-2025: 107.67702393274348
system_inv_H2_Fuel_Cell-2025: 22.415456088823642
system_inv_OCGT-2025: 17001.415166383817
system_inv_battery_charger-2025: 1714.8265513989702
system_inv_battery_discharger-2025: 1750.1873363424327
system_inv_offwind-ac-2025: 542.0165789593415
system_inv_offwind-dc-2025: 34722.88026929705
system_inv_onwind-2025: 110066.85397618164
system_inv_solar-2025: 188923.4556576783
system_inv_solar_rooftop-2025: 0.0
zone_average_marginal_price: 115.24164890737113
