ci_average cost: 115.97695736187106
ci_average_revenue: 0.0
ci_cap_H2_Electrolysis: 0.0
ci_cap_H2_Fuel_Cell: 0.0
ci_cap_battery_charger: 0.0
ci_cap_battery_discharger: 0.0
ci_cap_onwind: 0.0
ci_cap_solar: 0.0
ci_capital_cost_battery_inverter: 0.0
ci_capital_cost_battery_storage: 0.0
ci_capital_cost_grid: 0.0
ci_capital_cost_hydrogen_electrolysis: 0.0
ci_capital_cost_hydrogen_fuel_cell: 0.0
ci_capital_cost_hydrogen_storage: 0.0
ci_capital_cost_onwind: 0.0
ci_capital_cost_solar: 0.0
ci_clean_excess_total: 0.0
ci_clean_total: 0.0
ci_clean_used_grid_total: 5950621.765811315
ci_clean_used_local_total: 0.0
ci_clean_used_total: 5950621.765811315
ci_cost_battery_inverter: 0.0
ci_cost_battery_storage: 0.0
ci_cost_grid: 1131777375.1898494
ci_cost_hydrogen_electrolysis: 0.0
ci_cost_hydrogen_fuel_cell: 0.0
ci_cost_hydrogen_storage: 0.0
ci_cost_onwind: 0.0
ci_cost_solar: 0.0
ci_demand_total: 9758640.0
ci_emission_rate_local: 0.5969658335291369
ci_emission_rate_myopic: 0.15853948015332764
ci_emission_rate_true: 0.5498857377023125
ci_emissions: 5366136.955371294
ci_fraction_clean: 0.0
ci_fraction_clean_excess: 0.0
ci_fraction_clean_used: 0.6097798223739491
ci_fraction_clean_used_grid: 0.6097798223739491
ci_fraction_clean_used_local: 0.0
ci_generation_H2_Fuel_Cell: -0.0
ci_generation_battery_discharger: -0.0
ci_generation_onwind: 0.0
ci_generation_solar: 0.0
ci_marginal_cost_grid: 1131777375.1898494
ci_marginal_cost_onwind: 0.0
ci_marginal_cost_solar: 0.0
ci_revenue_grid: 0.0
ci_total_cost: 1131777375.1898494
co2_price: 80.0
emissions: 520754920.3300749
emissions_zone: 83.78536488006144
objective: 142461562849.39413
system_emission_rate: 0.16249400093585772
system_emissions: 173584973.44335848
system_grid_cfe_wavg: 0.5887277587892766
system_inv_H2_Electrolysis-2025: 107.74218680487917
system_inv_H2_Fuel_Cell-2025: 22.438182431811526
system_inv_OCGT-2025: 17011.518995544477
system_inv_battery_charger-2025: 1715.1354866927795
system_inv_battery_discharger-2025: 1750.502642073227
system_inv_offwind-ac-2025: 542.083336431604
system_inv_offwind-dc-2025: 34590.46943809674
system_inv_onwind-2025: 110104.40563392594
system_inv_solar-2025: 188896.31864367152
system_inv_solar_rooftop-2025: 0.0
zone_average_marginal_price: 115.97695736187106
