ci_average cost: 99.24094874244025
ci_average_revenue: 23.538156290911104
ci_cap_H2_Electrolysis: 0.0
ci_cap_H2_Fuel_Cell: 0.0
ci_cap_battery_charger: 0.0
ci_cap_battery_discharger: 0.0
ci_cap_onwind: 5128.927955505716
ci_cap_solar: 2709.439833901981
ci_capital_cost_battery_inverter: 0.0
ci_capital_cost_battery_storage: 0.0
ci_capital_cost_grid: 0.0
ci_capital_cost_hydrogen_electrolysis: 0.0
ci_capital_cost_hydrogen_fuel_cell: 0.0
ci_capital_cost_hydrogen_storage: 0.0
ci_capital_cost_onwind: 588703649.3707236
ci_capital_cost_solar: 149835269.43807593
ci_clean_excess_total: 1951727.657533932
ci_clean_total: 9758640.00001124
ci_clean_used_grid_total: 998314.120329073
ci_clean_used_local_total: 7806912.342477308
ci_clean_used_total: 8805226.462806381
ci_cost_battery_inverter: 0.0
ci_cost_battery_storage: 0.0
ci_cost_grid: 229783310.46663964
ci_cost_hydrogen_electrolysis: 0.0
ci_cost_hydrogen_fuel_cell: 0.0
ci_cost_hydrogen_storage: 0.0
ci_cost_onwind: 588814278.4521874
ci_cost_solar: 149859103.11710015
ci_demand_total: 9758640.0
ci_emission_rate_local: 0.14082425615784847
ci_emission_rate_myopic: 0.03839389093582229
ci_emission_rate_true: 0.1339526032722614
ci_emissions: 1307195.2323968208
ci_fraction_clean: 1.0000000000011517
ci_fraction_clean_excess: 0.19999996490637342
ci_fraction_clean_used: 0.9023005729083542
ci_fraction_clean_used_grid: 0.10230053781357577
ci_fraction_clean_used_local: 0.8000000350947784
ci_generation_H2_Fuel_Cell: -0.0
ci_generation_battery_discharger: -0.0
ci_generation_onwind: 7375272.097589677
ci_generation_solar: 2383367.902421561
ci_marginal_cost_grid: 229783310.46663964
ci_marginal_cost_onwind: 110629.08146384498
ci_marginal_cost_solar: 23833.679024215628
ci_revenue_grid: 229700393.50673673
ci_total_cost: 968456692.0359272
co2_price: 80.0
emissions: 510915921.7631189
emissions_zone: 79.26843601997085
objective: 142070896054.91113
system_emission_rate: 0.15942388449541492
system_emissions: 170305307.25437313
system_grid_cfe_wavg: 0.6178040933797466
system_inv_H2_Electrolysis-2025: 104.4921150199871
system_inv_H2_Fuel_Cell-2025: 21.77791942963576
system_inv_OCGT-2025: 16998.81660769632
system_inv_battery_charger-2025: 1715.030151930009
system_inv_battery_discharger-2025: 1750.395135242448
system_inv_offwind-ac-2025: 542.0556816716355
system_inv_offwind-dc-2025: 34766.42415483087
system_inv_onwind-2025: 110044.80748287478
system_inv_solar-2025: 188963.55304663157
system_inv_solar_rooftop-2025: 0.0
zone_average_marginal_price: 115.25982620205374
