ci_average cost: 174.1147567252345
ci_average_revenue: 24.096103494496617
ci_cap_battery_charger: 653.4323965733886
ci_cap_battery_discharger: 666.9065770562327
ci_cap_onwind: 3564.1396153321384
ci_cap_solar: 1413.0360347846604
ci_capital_cost_battery_inverter: 20773250.46018185
ci_capital_cost_battery_storage: 346043766.43657845
ci_capital_cost_grid: 0.0
ci_capital_cost_hydrogen_electrolysis: 0.0
ci_capital_cost_hydrogen_fuel_cell: 0.0
ci_capital_cost_hydrogen_storage: 0.0
ci_capital_cost_onwind: 409095627.1203678
ci_capital_cost_solar: 78142585.9133248
ci_clean_excess_total: 981119.8865369747
ci_clean_total: 5886719.88171993
ci_clean_used_grid_total: 0.0206853830833839
ci_clean_used_local_total: 4905599.995182956
ci_clean_used_total: 4905600.015868339
ci_cost_battery_inverter: 20773250.46018185
ci_cost_battery_storage: 346043766.43657845
ci_cost_grid: 1.8447475091725885
ci_cost_hydrogen_electrolysis: 0.0
ci_cost_hydrogen_fuel_cell: 0.0
ci_cost_hydrogen_storage: 0.0
ci_cost_onwind: 409164225.06022984
ci_cost_solar: 78156106.78957282
ci_demand_total: 4905600.0
ci_emission_rate_local: 1.4454888185022822e-10
ci_emission_rate_myopic: 1.8707944088185387e-10
ci_emission_rate_true: 9.650119801530714e-11
ci_emissions: 0.00047339627698389064
ci_fraction_clean: 1.1999999758887658
ci_fraction_clean_excess: 0.19999997687071402
ci_fraction_clean_used: 1.0000000032347396
ci_fraction_clean_used_grid: 4.2166876800766265e-09
ci_fraction_clean_used_local: 0.9999999990180519
ci_generation_battery_discharger: 925532.0429410893
ci_generation_onwind: 4573195.9908026885
ci_generation_solar: 1352087.624801521
ci_marginal_cost_grid: 1.8447475091725885
ci_marginal_cost_onwind: 68597.93986204035
ci_marginal_cost_solar: 13520.876248015207
ci_revenue_grid: 118205845.3026026
ci_total_cost: 854137350.5913104
co2_price: 80.0
emissions: 509885420.43960804
emissions_zone: 5.231666942272956
objective: 142473430412.32953
system_emission_rate: 0.15886176390483678
system_emissions: 169961806.8132028
system_grid_cfe_wavg: 0.7969280049631314
system_inv_H2_Electrolysis-2025: 107.73776150417878
system_inv_H2_Fuel_Cell-2025: 22.438730432600384
system_inv_OCGT-2025: 17042.697981705827
system_inv_battery_charger-2025: 1715.0769506616632
system_inv_battery_discharger-2025: 1750.442898992916
system_inv_offwind-ac-2025: 542.075955237511
system_inv_offwind-dc-2025: 34777.438392407596
system_inv_onwind-2025: 113358.47607244519
system_inv_solar-2025: 188986.12797501884
system_inv_solar_rooftop-2025: 0.0
zone_average_marginal_price: 107.96092832464085
