ci_average cost: 69.22423419027507
ci_average_revenue: 21.46106565921606
ci_cap_battery_charger: 0.010354708222887914
ci_cap_battery_discharger: 0.010568228715863213
ci_cap_onwind: 1309.1022671707603
ci_cap_solar: 592.3665985031995
ci_capital_cost_battery_inverter: 329.1862302575575
ci_capital_cost_battery_storage: 551.9021822775147
ci_capital_cost_grid: 0.0
ci_capital_cost_hydrogen_electrolysis: 0.0
ci_capital_cost_hydrogen_fuel_cell: 0.0
ci_capital_cost_hydrogen_storage: 0.0
ci_capital_cost_onwind: 150260110.6446865
ci_capital_cost_solar: 32758582.70859629
ci_clean_excess_total: 981118.8357629469
ci_clean_total: 4515209.29423285
ci_clean_used_grid_total: 904461.7358462495
ci_clean_used_local_total: 3534090.4584699036
ci_clean_used_total: 4438552.194316153
ci_cost_battery_inverter: 329.1862302575575
ci_cost_battery_storage: 551.9021822775147
ci_cost_grid: 156501937.3774664
ci_cost_hydrogen_electrolysis: 0.0
ci_cost_hydrogen_fuel_cell: 0.0
ci_cost_hydrogen_storage: 0.0
ci_cost_onwind: 150319328.59481472
ci_cost_solar: 32764256.18311972
ci_demand_total: 4905600.0
ci_emission_rate_local: 0.16220295023265616
ci_emission_rate_myopic: 0.05345818671526967
ci_emission_rate_true: 0.09644984120437963
ci_emissions: 473144.3410122048
ci_fraction_clean: 0.9204193766782555
ci_fraction_clean_excess: 0.1999997626718336
ci_fraction_clean_used: 0.9047929293697312
ci_fraction_clean_used_grid: 0.18437331536330917
ci_fraction_clean_used_local: 0.720419614006422
ci_generation_battery_discharger: 35.99992218000067
ci_generation_onwind: 3947863.3418823318
ci_generation_solar: 567347.4523432553
ci_marginal_cost_grid: 156501937.3774664
ci_marginal_cost_onwind: 59217.950128234996
ci_marginal_cost_solar: 5673.474523432552
ci_revenue_grid: 105279403.6978503
ci_total_cost: 339586403.2438134
co2_price: 80.0
emissions: 511464864.4957656
emissions_zone: 5.258399775431083
objective: 141971901764.23688
system_emission_rate: 0.15935386126375659
system_emissions: 170488288.165255
system_grid_cfe_wavg: 0.7980614198242774
system_inv_H2_Electrolysis-2025: 107.75894457000263
system_inv_H2_Fuel_Cell-2025: 22.437940212503634
system_inv_OCGT-2025: 17046.22645346417
system_inv_battery_charger-2025: 1714.9708771758462
system_inv_battery_discharger-2025: 1750.3346382061638
system_inv_offwind-ac-2025: 542.0598603985673
system_inv_offwind-dc-2025: 34740.76428448844
system_inv_onwind-2025: 113350.34957847135
system_inv_solar-2025: 189003.53847695788
system_inv_solar_rooftop-2025: 0.0
zone_average_marginal_price: 108.14435342045283
