ci_average cost: 69.22423679597124
ci_average_revenue: 21.461061810004093
ci_cap_battery_charger: 0.010922143519662647
ci_cap_battery_discharger: 0.011147364879691942
ci_cap_onwind: 1309.1024484782806
ci_cap_solar: 592.3674412120911
ci_capital_cost_battery_inverter: 347.2255494000777
ci_capital_cost_battery_storage: 584.2062511309485
ci_capital_cost_grid: 0.0
ci_capital_cost_hydrogen_electrolysis: 0.0
ci_capital_cost_hydrogen_fuel_cell: 0.0
ci_capital_cost_hydrogen_storage: 0.0
ci_capital_cost_onwind: 150260131.455351
ci_capital_cost_solar: 32758629.311407782
ci_clean_excess_total: 981118.5362212604
ci_clean_total: 4515209.70871561
ci_clean_used_grid_total: 904138.8426968365
ci_clean_used_local_total: 3534091.172494349
ci_clean_used_total: 4438230.015191185
ci_cost_battery_inverter: 347.2255494000777
ci_cost_battery_storage: 584.2062511309485
ci_cost_grid: 156501832.1630269
ci_cost_hydrogen_electrolysis: 0.0
ci_cost_hydrogen_fuel_cell: 0.0
ci_cost_hydrogen_storage: 0.0
ci_cost_onwind: 150319350.10992974
ci_cost_solar: 32764302.32155933
ci_demand_total: 4905600.0
ci_emission_rate_local: 0.1618296769557342
ci_emission_rate_myopic: 0.053455975517648475
ci_emission_rate_true: 0.09638431587810706
ci_emissions: 472822.89997164207
ci_fraction_clean: 0.9204194611700118
ci_fraction_clean_excess: 0.19999970161066138
ci_fraction_clean_used: 0.9047272535859396
ci_fraction_clean_used_grid: 0.1843074940265893
ci_fraction_clean_used_local: 0.7204197595593503
ci_generation_battery_discharger: 38.68062321863797
ci_generation_onwind: 3947910.3052493064
ci_generation_solar: 567301.0151545545
ci_marginal_cost_grid: 156501832.1630269
ci_marginal_cost_onwind: 59218.65457873962
ci_marginal_cost_solar: 5673.010151545544
ci_revenue_grid: 105279384.81515607
ci_total_cost: 339586416.0263165
co2_price: 80.0
emissions: 511464905.71235657
emissions_zone: 5.246679381072392
objective: 141971914602.89822
system_emission_rate: 0.15935387410534826
system_emissions: 170488301.90411872
system_grid_cfe_wavg: 0.7981466193537814
system_inv_H2_Electrolysis-2025: 107.75674199882894
system_inv_H2_Fuel_Cell-2025: 22.440198497184976
system_inv_OCGT-2025: 17046.216373375264
system_inv_battery_charger-2025: 1714.9887325364434
system_inv_battery_discharger-2025: 1750.3528617553488
system_inv_offwind-ac-2025: 542.0753251443455
system_inv_offwind-dc-2025: 34740.77161747879
system_inv_onwind-2025: 113350.31083701541
system_inv_solar-2025: 189003.59972125667
system_inv_solar_rooftop-2025: 0.0
zone_average_marginal_price: 108.14432200032539
