ci_average cost: 78.1942599780896
ci_average_revenue: 22.756774468952784
ci_cap_battery_charger: 406.56715983845044
ci_cap_battery_discharger: 414.95082633369645
ci_cap_onwind: 1457.5653212683233
ci_cap_solar: 1315.9704015165532
ci_capital_cost_battery_inverter: 12925164.844134506
ci_capital_cost_battery_storage: 46861672.27034947
ci_capital_cost_grid: 0.0
ci_capital_cost_hydrogen_electrolysis: 0.0
ci_capital_cost_hydrogen_fuel_cell: 0.0
ci_capital_cost_hydrogen_storage: 0.0
ci_capital_cost_onwind: 167300853.36951596
ci_capital_cost_solar: 72774740.08337733
ci_clean_excess_total: 981116.2050649377
ci_clean_total: 5156050.324871605
ci_clean_used_grid_total: 485389.585562597
ci_clean_used_local_total: 4174934.119806668
ci_clean_used_total: 4660323.705369265
ci_cost_battery_inverter: 12925164.844134506
ci_cost_battery_storage: 46861672.27034947
ci_cost_grid: 83655743.1971302
ci_cost_hydrogen_electrolysis: 0.0
ci_cost_hydrogen_fuel_cell: 0.0
ci_cost_hydrogen_storage: 0.0
ci_cost_onwind: 167359861.87383902
ci_cost_solar: 72787319.56306313
ci_demand_total: 4905600.0
ci_emission_rate_local: 0.08538814782990863
ci_emission_rate_myopic: 0.028545459443862848
ci_emission_rate_true: 0.05153024390342771
ci_emissions: 252786.764492655
ci_fraction_clean: 1.051053963811074
ci_fraction_clean_excess: 0.19999922640756232
ci_fraction_clean_used: 0.9500007553345696
ci_fraction_clean_used_grid: 0.09894601793105777
ci_fraction_clean_used_local: 0.8510547374035119
ci_generation_battery_discharger: 859152.6213501687
ci_generation_onwind: 3933900.2882034406
ci_generation_solar: 1257947.9685798283
ci_marginal_cost_grid: 83655743.1971302
ci_marginal_cost_onwind: 59008.504323051624
ci_marginal_cost_solar: 12579.47968579828
ci_revenue_grid: 111635632.83489478
ci_total_cost: 383589761.7485164
co2_price: 80.0
emissions: 510664705.2905637
emissions_zone: 5.201495363120307
objective: 142009827858.8109
system_emission_rate: 0.15910456073927107
system_emissions: 170221568.4301876
system_grid_cfe_wavg: 0.7984823950099104
system_inv_H2_Electrolysis-2025: 108.56177810865252
system_inv_H2_Fuel_Cell-2025: 22.534023541918753
system_inv_OCGT-2025: 17042.944647844193
system_inv_battery_charger-2025: 1714.8605654607372
system_inv_battery_discharger-2025: 1750.2220517952076
system_inv_offwind-ac-2025: 542.2570774277394
system_inv_offwind-dc-2025: 34766.384466150106
system_inv_onwind-2025: 113357.4892837539
system_inv_solar-2025: 188989.0062145675
system_inv_solar_rooftop-2025: 0.0
zone_average_marginal_price: 108.11427202065849
