ci_average cost: 69.22426123063362
ci_average_revenue: 21.461077165226634
ci_cap_battery_charger: 0.011419595566845258
ci_cap_battery_discharger: 0.011655074696003308
ci_cap_onwind: 1309.1008567306556
ci_cap_solar: 592.3688407827718
ci_capital_cost_battery_inverter: 363.04003307466235
ci_capital_cost_battery_storage: 614.1456907408763
ci_capital_cost_grid: 0.0
ci_capital_cost_hydrogen_electrolysis: 0.0
ci_capital_cost_hydrogen_fuel_cell: 0.0
ci_capital_cost_hydrogen_storage: 0.0
ci_capital_cost_onwind: 150259948.75291416
ci_capital_cost_solar: 32758706.70934348
ci_clean_excess_total: 981118.6602598383
ci_clean_total: 4515209.700772088
ci_clean_used_grid_total: 903860.7707744085
ci_clean_used_local_total: 3534091.040512249
ci_clean_used_total: 4437951.811286657
ci_cost_battery_inverter: 363.04003307466235
ci_cost_battery_storage: 614.1456907408763
ci_cost_grid: 156502011.36461478
ci_cost_hydrogen_electrolysis: 0.0
ci_cost_hydrogen_fuel_cell: 0.0
ci_cost_hydrogen_storage: 0.0
ci_cost_onwind: 150319168.05391756
ci_cost_solar: 32764379.288740057
ci_demand_total: 4905600.0
ci_emission_rate_local: 0.16254422939944502
ci_emission_rate_myopic: 0.05345332348355602
ci_emission_rate_true: 0.0965247361319912
ci_emissions: 473511.74556909606
ci_fraction_clean: 0.9204194595507355
ci_fraction_clean_excess: 0.1999997268957596
ci_fraction_clean_used: 0.9046705420920289
ci_fraction_clean_used_grid: 0.18425080943705327
ci_fraction_clean_used_local: 0.7204197326549757
ci_generation_battery_discharger: 39.33877951487072
ci_generation_onwind: 3947953.400226025
ci_generation_solar: 567257.9396574371
ci_marginal_cost_grid: 156502011.36461478
ci_marginal_cost_onwind: 59219.30100339039
ci_marginal_cost_solar: 5672.579396574371
ci_revenue_grid: 105279460.14173578
ci_total_cost: 339586535.89299625
co2_price: 80.0
emissions: 511464798.87577474
emissions_zone: 5.267633047064537
objective: 141971918172.89526
system_emission_rate: 0.15935384081895262
system_emissions: 170488266.29192477
system_grid_cfe_wavg: 0.7972816810090194
system_inv_H2_Electrolysis-2025: 107.79212494877646
system_inv_H2_Fuel_Cell-2025: 22.445278037279024
system_inv_OCGT-2025: 17046.18618808305
system_inv_battery_charger-2025: 1714.9149620962567
system_inv_battery_discharger-2025: 1750.2775701230223
system_inv_offwind-ac-2025: 542.0674868939968
system_inv_offwind-dc-2025: 34740.74946182557
system_inv_onwind-2025: 113350.39466374773
system_inv_solar-2025: 189003.46198533082
system_inv_solar_rooftop-2025: 0.0
zone_average_marginal_price: 108.14442296245842
