ci_average cost: 96.39236733677588
ci_average_revenue: 23.19288406172683
ci_cap_battery_charger: 651.0894898000358
ci_cap_battery_discharger: 664.515358094987
ci_cap_onwind: 1856.7899220616328
ci_cap_solar: 1743.0013183256262
ci_capital_cost_battery_inverter: 20698767.17857087
ci_capital_cost_battery_storage: 109821070.30249791
ci_capital_cost_grid: 0.0
ci_capital_cost_hydrogen_electrolysis: 0.0
ci_capital_cost_hydrogen_fuel_cell: 0.0
ci_capital_cost_hydrogen_storage: 0.0
ci_capital_cost_onwind: 213124265.48301637
ci_capital_cost_solar: 96390061.47854908
ci_clean_excess_total: 981119.2975177806
ci_clean_total: 5608217.619261967
ci_clean_used_grid_total: 180390.27851269327
ci_clean_used_local_total: 4627098.321744187
ci_clean_used_total: 4807488.60025688
ci_cost_battery_inverter: 20698767.17857087
ci_cost_battery_storage: 109821070.30249791
ci_cost_grid: 32751823.49232568
ci_cost_hydrogen_electrolysis: 0.0
ci_cost_hydrogen_fuel_cell: 0.0
ci_cost_hydrogen_storage: 0.0
ci_cost_onwind: 213184016.42507195
ci_cost_solar: 96406719.80882135
ci_demand_total: 4905600.0
ci_emission_rate_local: 0.03580291294825416
ci_emission_rate_myopic: 0.01163704895512277
ci_emission_rate_true: 0.021828743530139832
ci_emissions: 107083.08426145394
ci_fraction_clean: 1.1432276621130886
ci_fraction_clean_excess: 0.19999985679993895
ci_fraction_clean_used: 0.9800001223615623
ci_fraction_clean_used_grid: 0.03677231704841269
ci_fraction_clean_used_local: 0.9432278053131496
ci_generation_battery_discharger: 984279.6640482438
ci_generation_onwind: 3983396.137038547
ci_generation_solar: 1665833.0272279517
ci_marginal_cost_grid: 32751823.49232568
ci_marginal_cost_onwind: 59750.94205557823
ci_marginal_cost_solar: 16658.330272279516
ci_revenue_grid: 113775012.05320713
ci_total_cost: 472862397.2072877
co2_price: 80.0
emissions: 510235739.7530493
emissions_zone: 5.144010102169438
objective: 142096569183.14407
system_emission_rate: 0.15897091066964397
system_emissions: 170078579.91768348
system_grid_cfe_wavg: 0.7953646697994546
system_inv_H2_Electrolysis-2025: 107.73610877737256
system_inv_H2_Fuel_Cell-2025: 22.432130351985837
system_inv_OCGT-2025: 17043.45763016119
system_inv_battery_charger-2025: 1714.942812214346
system_inv_battery_discharger-2025: 1750.3059945277853
system_inv_offwind-ac-2025: 542.0782137876713
system_inv_offwind-dc-2025: 34802.09448694649
system_inv_onwind-2025: 113357.90966881346
system_inv_solar-2025: 188989.01132762805
system_inv_solar_rooftop-2025: 0.0
zone_average_marginal_price: 108.04064917414662
