ci_average cost: 114.22093478451427
ci_average_revenue: 23.404356111143233
ci_cap_battery_charger: 577.8477288825391
ci_cap_battery_discharger: 589.7633067317473
ci_cap_onwind: 2228.189827701536
ci_cap_solar: 1594.1441754678694
ci_capital_cost_battery_inverter: 18370340.47113712
ci_capital_cost_battery_storage: 182746753.99675336
ci_capital_cost_grid: 0.0
ci_capital_cost_hydrogen_electrolysis: 0.0
ci_capital_cost_hydrogen_fuel_cell: 0.0
ci_capital_cost_hydrogen_storage: 0.0
ci_capital_cost_onwind: 255753930.34142926
ci_capital_cost_solar: 88158083.10841006
ci_clean_excess_total: 981119.4967117992
ci_clean_total: 5758871.521853984
ci_clean_used_grid_total: 78792.3770638672
ci_clean_used_local_total: 4777752.025142185
ci_clean_used_total: 4856544.402206053
ci_cost_battery_inverter: 18370340.47113712
ci_cost_battery_storage: 182746753.99675336
ci_cost_grid: 15213741.635978267
ci_cost_hydrogen_electrolysis: 0.0
ci_cost_hydrogen_fuel_cell: 0.0
ci_cost_hydrogen_storage: 0.0
ci_cost_onwind: 255818051.27475226
ci_cost_solar: 88173330.30029212
ci_demand_total: 4905600.0
ci_emission_rate_local: 0.01686037753361673
ci_emission_rate_myopic: 0.005612410422057392
ci_emission_rate_true: 0.010636810834399782
ci_emissions: 52179.939229231575
ci_fraction_clean: 1.1739382586949576
ci_fraction_clean_excess: 0.19999989740537327
ci_fraction_clean_used: 0.9900000819891661
ci_fraction_clean_used_grid: 0.01606172069958154
ci_fraction_clean_used_local: 0.9739383612895844
ci_generation_battery_discharger: 973839.8657643911
ci_generation_onwind: 4274728.888199097
ci_generation_solar: 1524719.1882061954
ci_marginal_cost_grid: 15213741.635978267
ci_marginal_cost_onwind: 64120.93332298647
ci_marginal_cost_solar: 15247.191882061952
ci_revenue_grid: 114812409.33882424
ci_total_cost: 560322217.6789132
co2_price: 80.0
emissions: 510098095.4412461
emissions_zone: 5.156295668910354
objective: 142182966712.7962
system_emission_rate: 0.15892802570512427
system_emissions: 170032698.48041546
system_grid_cfe_wavg: 0.7955375979199429
system_inv_H2_Electrolysis-2025: 107.71376532084086
system_inv_H2_Fuel_Cell-2025: 22.43026987528499
system_inv_OCGT-2025: 17042.705715425163
system_inv_battery_charger-2025: 1715.0192816457609
system_inv_battery_discharger-2025: 1750.38404080621
system_inv_offwind-ac-2025: 542.0748318943918
system_inv_offwind-dc-2025: 34824.74099636257
system_inv_onwind-2025: 113358.1968066247
system_inv_solar-2025: 188989.71364710864
system_inv_solar_rooftop-2025: 0.0
zone_average_marginal_price: 107.94885035835456
