ci_average cost: 108.70463359129481
ci_average_revenue: 0.0
ci_cap_battery_charger: 0.0
ci_cap_battery_discharger: 0.0
ci_cap_onwind: 0.0
ci_cap_solar: 0.0
ci_capital_cost_battery_inverter: 0.0
ci_capital_cost_battery_storage: 0.0
ci_capital_cost_grid: 0.0
ci_capital_cost_hydrogen_electrolysis: 0.0
ci_capital_cost_hydrogen_fuel_cell: 0.0
ci_capital_cost_hydrogen_storage: 0.0
ci_capital_cost_onwind: 0.0
ci_capital_cost_solar: 0.0
ci_clean_excess_total: 0.0
ci_clean_total: 0.0
ci_clean_used_grid_total: 3906593.067231899
ci_clean_used_local_total: 0.0
ci_clean_used_total: 3906593.067231899
ci_cost_battery_inverter: 0.0
ci_cost_battery_storage: 0.0
ci_cost_grid: 533261450.5454558
ci_cost_hydrogen_electrolysis: 0.0
ci_cost_hydrogen_fuel_cell: 0.0
ci_cost_hydrogen_storage: 0.0
ci_cost_onwind: 0.0
ci_cost_solar: 0.0
ci_demand_total: 4905600.0
ci_emission_rate_local: 0.405281385125076
ci_emission_rate_myopic: 0.156525915367619
ci_emission_rate_true: 0.2297181955270356
ci_emissions: 1126905.5799774262
ci_fraction_clean: 0.0
ci_fraction_clean_excess: 0.0
ci_fraction_clean_used: 0.7963537726744739
ci_fraction_clean_used_grid: 0.7963537726744739
ci_fraction_clean_used_local: 0.0
ci_generation_battery_discharger: -0.0
ci_generation_onwind: 0.0
ci_generation_solar: 0.0
ci_marginal_cost_grid: 533261450.5454558
ci_marginal_cost_onwind: 0.0
ci_marginal_cost_solar: 0.0
ci_revenue_grid: 0.0
ci_total_cost: 533261450.5454558
co2_price: 80.0
emissions: 515031775.1743445
emissions_zone: 5.446648231380263
objective: 142269357136.14368
system_emission_rate: 0.1604651809826094
system_emissions: 171677258.39144808
system_grid_cfe_wavg: 0.7896559846081455
system_inv_H2_Electrolysis-2025: 107.67544305348838
system_inv_H2_Fuel_Cell-2025: 22.415058606415094
system_inv_OCGT-2025: 17056.8520194413
system_inv_battery_charger-2025: 1714.7989428927249
system_inv_battery_discharger-2025: 1750.1591585316996
system_inv_offwind-ac-2025: 542.015240884447
system_inv_offwind-dc-2025: 34703.815774427574
system_inv_onwind-2025: 113414.68328308906
system_inv_solar-2025: 188900.1601952001
system_inv_solar_rooftop-2025: 0.0
zone_average_marginal_price: 108.70463359129482
