ci_average cost: 74.35014763403295
ci_average_revenue: 22.950835058493077
ci_cap_battery_charger: 0.0
ci_cap_battery_discharger: 0.0
ci_cap_onwind: 1759.6285479434296
ci_cap_solar: 899.6014124393425
ci_capital_cost_battery_inverter: 0.0
ci_capital_cost_battery_storage: 0.0
ci_capital_cost_grid: 0.0
ci_capital_cost_hydrogen_electrolysis: 0.0
ci_capital_cost_hydrogen_fuel_cell: 0.0
ci_capital_cost_hydrogen_storage: 0.0
ci_capital_cost_onwind: 201971982.58540633
ci_capital_cost_solar: 49749036.06757813
ci_clean_excess_total: 981119.6052451816
ci_clean_total: 4905600.000003413
ci_clean_used_grid_total: 614705.560608453
ci_clean_used_local_total: 3924480.394758232
ci_clean_used_total: 4539185.955366685
ci_cost_battery_inverter: 0.0
ci_cost_battery_storage: 0.0
ci_cost_grid: 112941736.894914
ci_cost_hydrogen_electrolysis: 0.0
ci_cost_hydrogen_fuel_cell: 0.0
ci_cost_hydrogen_storage: 0.0
ci_cost_onwind: 202032800.64224684
ci_cost_solar: 49757546.696351156
ci_demand_total: 4905600.0
ci_emission_rate_local: 0.12454839414457673
ci_emission_rate_myopic: 0.04003537686431042
ci_emission_rate_true: 0.07412818202331393
ci_emissions: 363643.20973356883
ci_fraction_clean: 1.0000000000006959
ci_fraction_clean_excess: 0.19999991952975815
ci_fraction_clean_used: 0.9253069869876641
ci_fraction_clean_used_grid: 0.1253069065167264
ci_fraction_clean_used_local: 0.8000000804709377
ci_generation_battery_discharger: -0.0
ci_generation_onwind: 4054537.122700722
ci_generation_solar: 851062.8773026913
ci_marginal_cost_grid: 112941736.894914
ci_marginal_cost_onwind: 60818.05684051085
ci_marginal_cost_solar: 8510.628773026912
ci_revenue_grid: 112587616.46294364
ci_total_cost: 364732084.23351204
co2_price: 80.0
emissions: 510935886.75379544
emissions_zone: 5.206228299540516
objective: 141989816620.2506
system_emission_rate: 0.15918905102642292
system_emissions: 170311962.25126526
system_grid_cfe_wavg: 0.7980060630007355
system_inv_H2_Electrolysis-2025: 107.76338133823656
system_inv_H2_Fuel_Cell-2025: 22.438480265549153
system_inv_OCGT-2025: 17044.368110924854
system_inv_battery_charger-2025: 1714.9023328928602
system_inv_battery_discharger-2025: 1750.2646804976341
system_inv_offwind-ac-2025: 542.0476480048386
system_inv_offwind-dc-2025: 34773.08812661109
system_inv_onwind-2025: 113353.03466709687
system_inv_solar-2025: 188994.1769111068
system_inv_solar_rooftop-2025: 0.0
zone_average_marginal_price: 108.0804809002159
