ci_average cost: 114.93896800681301
ci_average_revenue: 31.336477758082296
ci_cap_H2_Electrolysis: 659.5062778022077
ci_cap_H2_Fuel_Cell: 783.0350830297677
ci_cap_battery_charger: 874.8088452750604
ci_cap_battery_discharger: 892.8479451590539
ci_cap_onwind: 4375.296751370728
ci_cap_solar: 5112.547742924701
ci_capital_cost_battery_inverter: 20825145.18850079
ci_capital_cost_battery_storage: 95936406.66934188
ci_capital_cost_grid: 0.0
ci_capital_cost_hydrogen_electrolysis: 43899726.55839078
ci_capital_cost_hydrogen_fuel_cell: 165702167.20329946
ci_capital_cost_hydrogen_storage: 71113399.84652735
ci_capital_cost_onwind: 478601318.43932337
ci_capital_cost_solar: 245355991.14588797
ci_clean_excess_total: 1951727.7822102662
ci_clean_total: 11710051.708269015
ci_clean_used_grid_total: 316.1426881432018
ci_clean_used_local_total: 9758323.926058747
ci_clean_used_total: 9758640.06874689
ci_cost_battery_inverter: 20825145.18850079
ci_cost_battery_storage: 95936406.66934188
ci_cost_grid: 34603.532080875615
ci_cost_hydrogen_electrolysis: 43899726.55839078
ci_cost_hydrogen_fuel_cell: 165702167.20329946
ci_cost_hydrogen_storage: 71113399.84652735
ci_cost_onwind: 478732735.0589536
ci_cost_solar: 245403826.6929111
ci_demand_total: 9758640.0
ci_emission_rate_local: 2.5579637163135413e-07
ci_emission_rate_myopic: 7.331529072729579e-08
ci_emission_rate_true: 3.1288330608430393e-07
ci_emissions: 3.0533155460865316
ci_fraction_clean: 1.1999675885439995
ci_fraction_clean_excess: 0.19999997768236827
ci_fraction_clean_used: 1.0000000070447204
ci_fraction_clean_used_grid: 3.239618308936509e-05
ci_fraction_clean_used_local: 0.999967610861631
ci_generation_H2_Fuel_Cell: 914715.7043318974
ci_generation_battery_discharger: 1415676.5215948604
ci_generation_onwind: 8761107.975346614
ci_generation_solar: 4783554.702310709
ci_marginal_cost_grid: 34603.532080875615
ci_marginal_cost_onwind: 131416.61963019898
ci_marginal_cost_solar: 47835.54702310713
ci_revenue_grid: 305801405.3091322
ci_total_cost: 1121648010.7500057
co2_price: 130.0
emissions: 295754044.942665
emissions_zone: 12.79369122817958
objective: 164714399695.50458
system_emission_rate: 0.09228574936024764
system_emissions: 98584681.6475549
system_grid_cfe_wavg: 0.7993261537882286
system_inv_H2_Electrolysis-2030: 7933.0274583383625
system_inv_H2_Fuel_Cell-2030: 1746.8803467356051
system_inv_OCGT-2030: 68421.21121383701
system_inv_battery_charger-2030: 27402.435550207607
system_inv_battery_discharger-2030: 27967.490732976672
system_inv_offwind-ac-2030: 6100.552273179678
system_inv_offwind-dc-2030: 58181.66619386456
system_inv_onwind-2030: 219260.20832595596
system_inv_solar-2030: 389168.87925006566
system_inv_solar_rooftop-2030: 0.0
zone_average_marginal_price: 148.49035932565855
