ci_average cost: 95.38763173187068
ci_average_revenue: 31.670347784875123
ci_cap_H2_Electrolysis: 0.011011085068706863
ci_cap_H2_Fuel_Cell: 0.0034846578808543248
ci_cap_battery_charger: 2012.6433234636847
ci_cap_battery_discharger: 2054.145274591532
ci_cap_onwind: 3086.7435904148806
ci_cap_solar: 4786.131203488266
ci_capital_cost_battery_inverter: 47911711.97019548
ci_capital_cost_battery_storage: 98362401.15618254
ci_capital_cost_grid: 0.0
ci_capital_cost_hydrogen_electrolysis: 732.9477214959617
ci_capital_cost_hydrogen_fuel_cell: 737.4067590757841
ci_capital_cost_hydrogen_storage: 298.03356184660726
ci_capital_cost_onwind: 337650138.03780645
ci_capital_cost_solar: 229690953.36297977
ci_clean_excess_total: 1951726.5559491424
ci_clean_total: 10306594.113089185
ci_clean_used_grid_total: 882542.3143630864
ci_clean_used_local_total: 8354867.557140042
ci_clean_used_total: 9237409.871503128
ci_cost_battery_inverter: 47911711.97019548
ci_cost_battery_storage: 98362401.15618254
ci_cost_grid: 217102877.0170419
ci_cost_hydrogen_electrolysis: 732.9477214959617
ci_cost_hydrogen_fuel_cell: 737.4067590757841
ci_cost_hydrogen_storage: 298.03356184660726
ci_cost_onwind: 337739656.5109306
ci_cost_solar: 229735143.48150966
ci_demand_total: 9758640.0
ci_emission_rate_local: 0.022914182198773187
ci_emission_rate_myopic: 0.01881183690199855
ci_emission_rate_true: 0.03280436427176608
ci_emissions: 320125.98135702737
ci_fraction_clean: 1.0561506637286737
ci_fraction_clean_excess: 0.19999985202334983
ci_fraction_clean_used: 0.9465878310403015
ci_fraction_clean_used_grid: 0.09043701933497765
ci_fraction_clean_used_local: 0.8561508117053239
ci_generation_H2_Fuel_Cell: 13.646293543103308
ci_generation_battery_discharger: 1926952.06014622
ci_generation_onwind: 5967898.208277803
ci_generation_solar: 4419011.852989245
ci_marginal_cost_grid: 217102877.0170419
ci_marginal_cost_onwind: 89518.47312416689
ci_marginal_cost_solar: 44190.11852989248
ci_revenue_grid: 309059522.70739377
ci_total_cost: 930853558.5239025
co2_price: 130.0
emissions: 296497029.83768076
emissions_zone: 13.109310532692286
objective: 164516590437.63095
system_emission_rate: 0.09251758699348499
system_emissions: 98832343.27922684
system_grid_cfe_wavg: 0.793936470055135
system_inv_H2_Electrolysis-2030: 7971.500120507897
system_inv_H2_Fuel_Cell-2030: 1753.8289430525797
system_inv_OCGT-2030: 68799.34624453439
system_inv_battery_charger-2030: 26771.791310959597
system_inv_battery_discharger-2030: 27323.84221915541
system_inv_offwind-ac-2030: 6108.035014026407
system_inv_offwind-dc-2030: 58181.6758349985
system_inv_onwind-2030: 219498.3151212226
system_inv_solar-2030: 388420.41684173694
system_inv_solar_rooftop-2030: 0.0
zone_average_marginal_price: 148.47271955825389
