ci_average cost: 95.38751635309906
ci_average_revenue: 31.67013583888505
ci_cap_H2_Electrolysis: 0.012956406127214612
ci_cap_H2_Fuel_Cell: 0.004123777643759446
ci_cap_battery_charger: 2012.5645879065141
ci_cap_battery_discharger: 2054.064915458436
ci_cap_onwind: 3086.8027240167357
ci_cap_solar: 4785.96662778237
ci_capital_cost_battery_inverter: 47909837.641399615
ci_capital_cost_battery_storage: 98361161.60700317
ci_capital_cost_grid: 0.0
ci_capital_cost_hydrogen_electrolysis: 862.4371068303368
ci_capital_cost_hydrogen_fuel_cell: 872.6542494003161
ci_capital_cost_hydrogen_storage: 362.5708036264108
ci_capital_cost_onwind: 337656606.49501526
ci_capital_cost_solar: 229683055.21953562
ci_clean_excess_total: 1951726.4082758445
ci_clean_total: 10306579.313265476
ci_clean_used_grid_total: 883380.6269901679
ci_clean_used_local_total: 8354852.904989632
ci_clean_used_total: 9238233.5319798
ci_cost_battery_inverter: 47909837.641399615
ci_cost_battery_storage: 98361161.60700317
ci_cost_grid: 217105970.14297998
ci_cost_hydrogen_electrolysis: 862.4371068303368
ci_cost_hydrogen_fuel_cell: 872.6542494003161
ci_cost_hydrogen_storage: 362.5708036264108
ci_cost_onwind: 337746120.0899957
ci_cost_solar: 229727245.44046822
ci_demand_total: 9758640.0
ci_emission_rate_local: 0.022899720638671614
ci_emission_rate_myopic: 0.018815864252117665
ci_emission_rate_true: 0.03279826057905215
ci_emissions: 320066.41761716147
ci_fraction_clean: 1.0561491471419662
ci_fraction_clean_excess: 0.19999983689078032
ci_fraction_clean_used: 0.9466722342436855
ci_fraction_clean_used_grid: 0.09052292399249977
ci_fraction_clean_used_local: 0.8561493102511858
ci_generation_H2_Fuel_Cell: 16.089226801383568
ci_generation_battery_discharger: 1919634.1607708118
ci_generation_onwind: 5967572.998695735
ci_generation_solar: 4419022.093259128
ci_marginal_cost_grid: 217105970.14297998
ci_marginal_cost_onwind: 89513.59498043587
ci_marginal_cost_solar: 44190.220932591306
ci_revenue_grid: 309057454.4027772
ci_total_cost: 930852432.5840067
co2_price: 130.0
emissions: 296496761.203299
emissions_zone: 13.078923320939833
objective: 164516610060.32925
system_emission_rate: 0.09251750317003227
system_emissions: 98832253.734433
system_grid_cfe_wavg: 0.7943056025860854
system_inv_H2_Electrolysis-2030: 7971.341180993521
system_inv_H2_Fuel_Cell-2030: 1753.803916905725
system_inv_OCGT-2030: 68799.30131659163
system_inv_battery_charger-2030: 26772.10422516115
system_inv_battery_discharger-2030: 27324.16158584149
system_inv_offwind-ac-2030: 6108.018293556938
system_inv_offwind-dc-2030: 58181.68797372481
system_inv_onwind-2030: 219499.24788111565
system_inv_solar-2030: 388420.47303181724
system_inv_solar_rooftop-2030: 0.0
zone_average_marginal_price: 148.47321247893333
