ci_average cost: 99.85186931143853
ci_average_revenue: 32.23329828750265
ci_cap_H2_Electrolysis: 370.08625766727596
ci_cap_H2_Fuel_Cell: 215.41474361943273
ci_cap_battery_charger: 1711.3998122341766
ci_cap_battery_discharger: 1746.6899356949573
ci_cap_onwind: 3822.5724448165633
ci_cap_solar: 5119.913457702159
ci_capital_cost_battery_inverter: 40740499.77643244
ci_capital_cost_battery_storage: 104940015.95063746
ci_capital_cost_grid: 0.0
ci_capital_cost_hydrogen_electrolysis: 24634618.44328964
ci_capital_cost_hydrogen_fuel_cell: 45585045.47097817
ci_capital_cost_hydrogen_storage: 13455898.465310805
ci_capital_cost_onwind: 418140372.1578149
ci_capital_cost_solar: 245709478.7494457
ci_clean_excess_total: 1951726.654183591
ci_clean_total: 11201747.133818211
ci_clean_used_grid_total: 313447.85310368636
ci_clean_used_local_total: 9250020.47963462
ci_clean_used_total: 9563468.332738306
ci_cost_battery_inverter: 40740499.77643244
ci_cost_battery_storage: 104940015.95063746
ci_cost_grid: 81052291.86429663
ci_cost_hydrogen_electrolysis: 24634618.44328964
ci_cost_hydrogen_fuel_cell: 45585045.47097817
ci_cost_hydrogen_storage: 13455898.465310805
ci_cost_onwind: 418252662.5685187
ci_cost_solar: 245757413.3979127
ci_demand_total: 9758640.0
ci_emission_rate_local: 0.010915012502801117
ci_emission_rate_myopic: 0.006589840271555205
ci_emission_rate_true: 0.013572839485228723
ci_emissions: 132452.45431413237
ci_fraction_clean: 1.1478799437030376
ci_fraction_clean_excess: 0.19999986208975748
ci_fraction_clean_used: 0.9800001160754271
ci_fraction_clean_used_grid: 0.032120034462147014
ci_fraction_clean_used_local: 0.9478800816132802
ci_generation_H2_Fuel_Cell: 512741.9009771757
ci_generation_battery_discharger: 1978147.1011472386
ci_generation_onwind: 7486027.380250618
ci_generation_solar: 4793464.846700751
ci_marginal_cost_grid: 81052291.86429663
ci_marginal_cost_onwind: 112290.41070375909
ci_marginal_cost_solar: 47934.648467007544
ci_revenue_grid: 314553154.0003548
ci_total_cost: 974418445.9373765
co2_price: 130.0
emissions: 296054210.1761327
emissions_zone: 12.874614122828302
objective: 164557447737.55154
system_emission_rate: 0.09237941155684709
system_emissions: 98684736.72537762
system_grid_cfe_wavg: 0.7984524109942656
system_inv_H2_Electrolysis-2030: 7970.123057798337
system_inv_H2_Fuel_Cell-2030: 1753.5393338620584
system_inv_OCGT-2030: 68632.14773117004
system_inv_battery_charger-2030: 26961.28307072346
system_inv_battery_discharger-2030: 27517.241416298362
system_inv_offwind-ac-2030: 6101.986716535033
system_inv_offwind-dc-2030: 58181.68976588039
system_inv_onwind-2030: 219400.65922711554
system_inv_solar-2030: 388647.9608284965
system_inv_solar_rooftop-2030: 0.0
zone_average_marginal_price: 148.47749696417213
