ci_average cost: 95.42108606739477
ci_average_revenue: 31.705202704330933
ci_cap_H2_Electrolysis: 0.017324048928610506
ci_cap_H2_Fuel_Cell: 0.005540910423444945
ci_cap_battery_charger: 2019.3748455896025
ci_cap_battery_discharger: 2061.0156048704043
ci_cap_onwind: 3074.044116576637
ci_cap_solar: 4831.206140514577
ci_capital_cost_battery_inverter: 48071958.321577266
ci_capital_cost_battery_storage: 99404158.59929611
ci_capital_cost_grid: 0.0
ci_capital_cost_hydrogen_electrolysis: 1153.167204692283
ci_capital_cost_hydrogen_fuel_cell: 1172.5411611081995
ci_capital_cost_hydrogen_storage: 502.2260687555709
ci_capital_cost_onwind: 336260978.5663798
ci_capital_cost_solar: 231854142.130309
ci_clean_excess_total: 1951726.5262516825
ci_clean_total: 10317725.969555104
ci_clean_used_grid_total: 904710.0627565292
ci_clean_used_local_total: 8365999.443303422
ci_clean_used_total: 9270709.506059952
ci_cost_battery_inverter: 48071958.321577266
ci_cost_battery_storage: 99404158.59929611
ci_cost_grid: 215452276.31956327
ci_cost_hydrogen_electrolysis: 1153.167204692283
ci_cost_hydrogen_fuel_cell: 1172.5411611081995
ci_cost_hydrogen_storage: 502.2260687555709
ci_cost_onwind: 336350081.9596795
ci_cost_solar: 231898724.2061706
ci_demand_total: 9758640.0
ci_emission_rate_local: 0.022758113548978016
ci_emission_rate_myopic: 0.018355666951916993
ci_emission_rate_true: 0.032247624746690684
ci_emissions: 314692.96075804555
ci_fraction_clean: 1.0572913817453153
ci_fraction_clean_excess: 0.19999984898015324
ci_fraction_clean_used: 0.9500001543309264
ci_fraction_clean_used_grid: 0.0927086215657642
ci_fraction_clean_used_local: 0.8572915327651621
ci_generation_H2_Fuel_Cell: 21.839797360064367
ci_generation_battery_discharger: 1935975.6832163245
ci_generation_onwind: 5940226.219978303
ci_generation_solar: 4458207.586161779
ci_marginal_cost_grid: 215452276.31956327
ci_marginal_cost_onwind: 89103.3932996744
ci_marginal_cost_solar: 44582.07586161782
ci_revenue_grid: 309399659.318592
ci_total_cost: 931180027.3407212
co2_price: 130.0
emissions: 296496730.42292285
emissions_zone: 13.07686649060989
objective: 164516628081.47955
system_emission_rate: 0.09251749356546354
system_emissions: 98832243.47430772
system_grid_cfe_wavg: 0.7975878394521061
system_inv_H2_Electrolysis-2030: 7971.321420739763
system_inv_H2_Fuel_Cell-2030: 1753.8010994991844
system_inv_OCGT-2030: 68792.37802918519
system_inv_battery_charger-2030: 26769.930293258974
system_inv_battery_discharger-2030: 27321.942826117855
system_inv_offwind-ac-2030: 6108.37817673312
system_inv_offwind-dc-2030: 58181.669778668474
system_inv_onwind-2030: 219501.65412642414
system_inv_solar-2030: 388413.79350513034
system_inv_solar_rooftop-2030: 0.0
zone_average_marginal_price: 148.47344438550863
