ci_average cost: 95.38771940133103
ci_average_revenue: 31.670506893283136
ci_cap_H2_Electrolysis: 0.014631952889146147
ci_cap_H2_Fuel_Cell: 0.004600009765839718
ci_cap_battery_charger: 2012.6721176443284
ci_cap_battery_discharger: 2054.174662526004
ci_cap_onwind: 3086.884629747822
ci_cap_solar: 4785.794636158921
ci_capital_cost_battery_inverter: 47912397.426219076
ci_capital_cost_battery_storage: 98359364.81231539
ci_capital_cost_grid: 0.0
ci_capital_cost_hydrogen_electrolysis: 973.9690924388977
ci_capital_cost_hydrogen_fuel_cell: 973.4322304011079
ci_capital_cost_hydrogen_storage: 428.07987977205744
ci_capital_cost_onwind: 337665565.9309377
ci_capital_cost_solar: 229674801.17920935
ci_clean_excess_total: 1951726.561174964
ci_clean_total: 10306567.770042112
ci_clean_used_grid_total: 888059.6952919879
ci_clean_used_local_total: 8354841.208867148
ci_clean_used_total: 9242900.904159136
ci_cost_battery_inverter: 47912397.426219076
ci_cost_battery_storage: 98359364.81231539
ci_cost_grid: 217106202.2103786
ci_cost_hydrogen_electrolysis: 973.9690924388977
ci_cost_hydrogen_fuel_cell: 973.4322304011079
ci_cost_hydrogen_storage: 428.07987977205744
ci_cost_onwind: 337755084.43654543
ci_cost_solar: 229718989.6919438
ci_demand_total: 9758640.0
ci_emission_rate_local: 0.022864467111432127
ci_emission_rate_myopic: 0.01882876421807143
ci_emission_rate_true: 0.032787027701239035
ci_emissions: 319956.8000064193
ci_fraction_clean: 1.0561479642698277
ci_fraction_clean_excess: 0.19999985255885697
ci_fraction_clean_used: 0.9471505152520368
ci_fraction_clean_used_grid: 0.09100240354106595
ci_fraction_clean_used_local: 0.8561481117109707
ci_generation_H2_Fuel_Cell: 18.12835173860561
ci_generation_battery_discharger: 1923573.5386715052
ci_generation_onwind: 5967900.37384785
ci_generation_solar: 4418851.273443604
ci_marginal_cost_grid: 217106202.2103786
ci_marginal_cost_onwind: 89518.5056077176
ci_marginal_cost_solar: 44188.51273443607
ci_revenue_grid: 309061075.38906854
ci_total_cost: 930854414.058605
co2_price: 130.0
emissions: 296497107.6599909
emissions_zone: 13.06984873855163
objective: 164516603543.63992
system_emission_rate: 0.0925176112768056
system_emissions: 98832369.21999721
system_grid_cfe_wavg: 0.7962272021262383
system_inv_H2_Electrolysis-2030: 7971.529974541626
system_inv_H2_Fuel_Cell-2030: 1753.8272083305935
system_inv_OCGT-2030: 68799.41580065555
system_inv_battery_charger-2030: 26771.743889912355
system_inv_battery_discharger-2030: 27323.79382025683
system_inv_offwind-ac-2030: 6108.020565711389
system_inv_offwind-dc-2030: 58181.67733034655
system_inv_onwind-2030: 219497.9555646723
system_inv_solar-2030: 388420.40172109846
system_inv_solar_rooftop-2030: 0.0
zone_average_marginal_price: 148.4727413276004
