ci_average cost: 103.7777349422076
ci_average_revenue: 31.664476154666488
ci_cap_H2_Electrolysis: 571.1008737499986
ci_cap_H2_Fuel_Cell: 396.81985579347315
ci_cap_battery_charger: 1267.7685688162787
ci_cap_battery_discharger: 1293.910741436257
ci_cap_onwind: 4294.606440194098
ci_cap_solar: 4786.3111811709605
ci_capital_cost_battery_inverter: 30179695.43130948
ci_capital_cost_battery_storage: 92682930.5273163
ci_capital_cost_grid: 0.0
ci_capital_cost_hydrogen_electrolysis: 38015062.234786004
ci_capital_cost_hydrogen_fuel_cell: 83973134.17919946
ci_capital_cost_hydrogen_storage: 29662355.266601235
ci_capital_cost_onwind: 469774833.85806245
ci_capital_cost_solar: 229699590.66182607
ci_clean_excess_total: 1951726.885136741
ci_clean_total: 11470322.629118672
ci_clean_used_grid_total: 142458.80054636401
ci_clean_used_local_total: 9518595.743981931
ci_clean_used_total: 9661054.544528296
ci_cost_battery_inverter: 30179695.43130948
ci_cost_battery_storage: 92682930.5273163
ci_cost_grid: 38569281.09518907
ci_cost_hydrogen_electrolysis: 38015062.234786004
ci_cost_hydrogen_fuel_cell: 83973134.17919946
ci_cost_hydrogen_storage: 29662355.266601235
ci_cost_onwind: 469902547.4420175
ci_cost_solar: 229744549.1400056
ci_demand_total: 9758640.0
ci_emission_rate_local: 0.0056787982336077665
ci_emission_rate_myopic: 0.0031111610013439747
ci_emission_rate_true: 0.006876949976166173
ci_emissions: 67109.67911541427
ci_fraction_clean: 1.1754017597860635
ci_fraction_clean_excess: 0.19999988575628785
ci_fraction_clean_used: 0.9900000967889272
ci_fraction_clean_used_grid: 0.014598222759151278
ci_fraction_clean_used_local: 0.9754018740297759
ci_generation_H2_Fuel_Cell: 758813.1925828727
ci_generation_battery_discharger: 1602575.5094108474
ci_generation_onwind: 8514238.930335952
ci_generation_solar: 4495847.817949993
ci_marginal_cost_grid: 38569281.09518907
ci_marginal_cost_onwind: 127713.58395503907
ci_marginal_cost_solar: 44958.47817949996
ci_revenue_grid: 309002223.58197457
ci_total_cost: 1012729555.3164247
co2_price: 130.0
emissions: 295892710.4222614
emissions_zone: 12.749741261196688
objective: 164602171774.44287
system_emission_rate: 0.0923290179069127
system_emissions: 98630903.47408715
system_grid_cfe_wavg: 0.7989544246323212
system_inv_H2_Electrolysis-2030: 7934.0773569574385
system_inv_H2_Fuel_Cell-2030: 1746.4815686627808
system_inv_OCGT-2030: 68505.49941631692
system_inv_battery_charger-2030: 27325.949904426885
system_inv_battery_discharger-2030: 27889.427905836397
system_inv_offwind-ac-2030: 6100.296031413612
system_inv_offwind-dc-2030: 58181.685717758985
system_inv_onwind-2030: 219226.18509194846
system_inv_solar-2030: 389227.855666951
system_inv_solar_rooftop-2030: 0.0
zone_average_marginal_price: 148.5363470963211
