ci_average cost: 151.412331047981
ci_average_revenue: 0.0
ci_cap_H2_Electrolysis: 0.0
ci_cap_H2_Fuel_Cell: 0.0
ci_cap_battery_charger: 0.0
ci_cap_battery_discharger: 0.0
ci_cap_onwind: 0.0
ci_cap_solar: 0.0
ci_capital_cost_battery_inverter: 0.0
ci_capital_cost_battery_storage: 0.0
ci_capital_cost_grid: 0.0
ci_capital_cost_hydrogen_electrolysis: 0.0
ci_capital_cost_hydrogen_fuel_cell: 0.0
ci_capital_cost_hydrogen_storage: 0.0
ci_capital_cost_onwind: 0.0
ci_capital_cost_solar: 0.0
ci_clean_excess_total: 0.0
ci_clean_total: 0.0
ci_clean_used_grid_total: 7712296.410764482
ci_clean_used_local_total: 0.0
ci_clean_used_total: 7712296.410764482
ci_cost_battery_inverter: 0.0
ci_cost_battery_storage: 0.0
ci_cost_grid: 1477578430.2580695
ci_cost_hydrogen_electrolysis: 0.0
ci_cost_hydrogen_fuel_cell: 0.0
ci_cost_hydrogen_storage: 0.0
ci_cost_onwind: 0.0
ci_cost_solar: 0.0
ci_demand_total: 9758640.0
ci_emission_rate_local: 0.10207920460756527
ci_emission_rate_myopic: 0.09277287884500088
ci_emission_rate_true: 0.14839063411995904
ci_emissions: 1448090.777748397
ci_fraction_clean: 0.0
ci_fraction_clean_excess: 0.0
ci_fraction_clean_used: 0.7903044287692221
ci_fraction_clean_used_grid: 0.7903044287692221
ci_fraction_clean_used_local: 0.0
ci_generation_H2_Fuel_Cell: -0.0
ci_generation_battery_discharger: -0.0
ci_generation_onwind: 0.0
ci_generation_solar: 0.0
ci_marginal_cost_grid: 1477578430.2580695
ci_marginal_cost_onwind: 0.0
ci_marginal_cost_solar: 0.0
ci_revenue_grid: 0.0
ci_total_cost: 1477578430.2580695
co2_price: 130.0
emissions: 300962232.27792084
emissions_zone: 15.536116174005668
objective: 165366429314.59268
system_emission_rate: 0.0939108884894042
system_emissions: 100320744.09264024
system_grid_cfe_wavg: 0.7756418487416514
system_inv_H2_Electrolysis-2030: 7902.821549676961
system_inv_H2_Fuel_Cell-2030: 1732.340957313029
system_inv_OCGT-2030: 69682.52176516934
system_inv_battery_charger-2030: 28052.9519118809
system_inv_battery_discharger-2030: 28631.421144688175
system_inv_offwind-ac-2030: 6003.409450399161
system_inv_offwind-dc-2030: 58181.642590369374
system_inv_onwind-2030: 218646.7446875725
system_inv_solar-2030: 390501.3243609347
system_inv_solar_rooftop-2030: 0.0
zone_average_marginal_price: 151.41233104798104
