ci_average cost: 104.2773927573691
ci_average_revenue: 30.885788700809684
ci_cap_H2_Electrolysis: 0.0
ci_cap_H2_Fuel_Cell: 0.0
ci_cap_battery_charger: 0.0
ci_cap_battery_discharger: 0.0
ci_cap_onwind: 5072.614088815339
ci_cap_solar: 2831.251694597985
ci_capital_cost_battery_inverter: 0.0
ci_capital_cost_battery_storage: 0.0
ci_capital_cost_grid: 0.0
ci_capital_cost_hydrogen_electrolysis: 0.0
ci_capital_cost_hydrogen_fuel_cell: 0.0
ci_capital_cost_hydrogen_storage: 0.0
ci_capital_cost_onwind: 554878886.8047224
ci_capital_cost_solar: 135874440.81532848
ci_clean_excess_total: 1951727.4204257794
ci_clean_total: 9758640.000005867
ci_clean_used_grid_total: 1280794.4941259432
ci_clean_used_local_total: 7806912.579580088
ci_clean_used_total: 9087707.07370603
ci_cost_battery_inverter: 0.0
ci_cost_battery_storage: 0.0
ci_cost_grid: 326718256.71551067
ci_cost_hydrogen_electrolysis: 0.0
ci_cost_hydrogen_fuel_cell: 0.0
ci_cost_hydrogen_storage: 0.0
ci_cost_onwind: 554987982.7713546
ci_cost_solar: 135899296.5709071
ci_demand_total: 9758640.0
ci_emission_rate_local: 0.032100151857495984
ci_emission_rate_myopic: 0.024303603676881443
ci_emission_rate_true: 0.045951047943493285
ci_emissions: 448419.73450329126
ci_fraction_clean: 1.0000000000006013
ci_fraction_clean_excess: 0.19999994060911966
ci_fraction_clean_used: 0.9312472920105702
ci_fraction_clean_used_grid: 0.13124723261908863
ci_fraction_clean_used_local: 0.8000000593914817
ci_generation_H2_Fuel_Cell: -0.0
ci_generation_battery_discharger: -0.0
ci_generation_onwind: 7273064.4421450775
ci_generation_solar: 2485575.55786079
ci_marginal_cost_grid: 326718256.71551067
ci_marginal_cost_onwind: 109095.96663217599
ci_marginal_cost_solar: 24855.755578607917
ci_revenue_grid: 301403293.0472694
ci_total_cost: 1017605536.0577724
co2_price: 130.0
emissions: 296476080.5470626
emissions_zone: 13.429396501572743
objective: 164615727631.61826
system_emission_rate: 0.09251105007195747
system_emissions: 98825360.18235421
system_grid_cfe_wavg: 0.7940918469428244
system_inv_H2_Electrolysis-2030: 7898.286208824224
system_inv_H2_Fuel_Cell-2030: 1740.2516545054823
system_inv_OCGT-2030: 69228.78389683561
system_inv_battery_charger-2030: 28188.531427526304
system_inv_battery_discharger-2030: 28769.79639386801
system_inv_offwind-ac-2030: 6075.204232295159
system_inv_offwind-dc-2030: 58181.68050323965
system_inv_onwind-2030: 219107.69409976574
system_inv_solar-2030: 389433.28457819
system_inv_solar_rooftop-2030: 0.0
zone_average_marginal_price: 149.17183864921586
