ci_average cost: 174.11480370045652
ci_average_revenue: 24.25027833813052
ci_cap_battery_charger: 261.37266493240554
ci_cap_battery_discharger: 266.7623310693303
ci_cap_onwind: 1425.6558954111385
ci_cap_solar: 565.2144483713562
ci_capital_cost_battery_inverter: 8309290.847161483
ci_capital_cost_battery_storage: 138417504.33300376
ci_capital_cost_grid: 0.0
ci_capital_cost_hydrogen_electrolysis: 0.0
ci_capital_cost_hydrogen_fuel_cell: 0.0
ci_capital_cost_hydrogen_storage: 0.0
ci_capital_cost_onwind: 163638256.50435936
ci_capital_cost_solar: 31257036.270870518
ci_clean_excess_total: 392447.9343100649
ci_clean_total: 2354687.9325176273
ci_clean_used_grid_total: 0.013736409680950565
ci_clean_used_local_total: 1962239.9982075621
ci_clean_used_total: 1962240.0119439717
ci_cost_battery_inverter: 8309290.847161483
ci_cost_battery_storage: 138417504.33300376
ci_cost_grid: 1.2234278061859032
ci_cost_hydrogen_electrolysis: 0.0
ci_cost_hydrogen_fuel_cell: 0.0
ci_cost_hydrogen_storage: 0.0
ci_cost_onwind: 163665808.7554341
ci_cost_solar: 31262427.25415658
ci_demand_total: 1962239.9999999998
ci_emission_rate_local: 1.6844834058557415e-10
ci_emission_rate_myopic: 3.2045604436296837e-10
ci_emission_rate_true: 1.586987005056832e-10
ci_emissions: 0.0003114049380802717
ci_fraction_clean: 1.1999999656095215
ci_fraction_clean_excess: 0.19999996652298646
ci_fraction_clean_used: 1.0000000060869068
ci_fraction_clean_used_grid: 7.000371861215023e-09
ci_fraction_clean_used_local: 0.9999999990865349
ci_generation_battery_discharger: 509452.5630911343
ci_generation_onwind: 1836816.7383145983
ci_generation_solar: 539098.3286058933
ci_marginal_cost_grid: 1.2234278061859032
ci_marginal_cost_onwind: 27552.251074718984
ci_marginal_cost_solar: 5390.983286058932
ci_revenue_grid: 47584866.16621323
ci_total_cost: 341655032.41318375
co2_price: 80.0
emissions: 510733148.2908456
emissions_zone: 5.278307464753749
objective: 142120161374.60516
system_emission_rate: 0.15898009335097107
system_emissions: 170244382.76361516
system_grid_cfe_wavg: 0.8067024661859902
system_inv_H2_Electrolysis-2025: 107.73362338143338
system_inv_H2_Fuel_Cell-2025: 22.43326161995167
system_inv_OCGT-2025: 17016.058181605757
system_inv_battery_charger-2025: 1714.9555712433641
system_inv_battery_discharger-2025: 1750.31901665588
system_inv_offwind-ac-2025: 542.0477021171237
system_inv_offwind-dc-2025: 34744.90362896518
system_inv_onwind-2025: 114140.32248904677
system_inv_solar-2025: 189031.81927560695
system_inv_solar_rooftop-2025: 0.0
zone_average_marginal_price: 108.21059794480843
