ci_average cost: 69.30678515883834
ci_average_revenue: 21.516930971131725
ci_cap_battery_charger: 0.01259845789357702
ci_cap_battery_discharger: 0.012858245893611548
ci_cap_onwind: 526.1024993681775
ci_cap_solar: 237.63065664857012
ci_capital_cost_battery_inverter: 400.51721127961724
ci_capital_cost_battery_storage: 667.1315943855052
ci_capital_cost_grid: 0.0
ci_capital_cost_hydrogen_electrolysis: 0.0
ci_capital_cost_hydrogen_fuel_cell: 0.0
ci_capital_cost_hydrogen_storage: 0.0
ci_capital_cost_onwind: 60386588.38805359
ci_capital_cost_solar: 13141260.056846682
ci_clean_excess_total: 392446.49764158146
ci_clean_total: 1808381.3308427671
ci_clean_used_grid_total: 365050.0548788711
ci_clean_used_local_total: 1415934.8332011858
ci_clean_used_total: 1780984.8880800568
ci_cost_battery_inverter: 400.51721127961724
ci_cost_battery_storage: 667.1315943855052
ci_cost_grid: 62441640.538256615
ci_cost_hydrogen_electrolysis: 0.0
ci_cost_hydrogen_fuel_cell: 0.0
ci_cost_hydrogen_storage: 0.0
ci_cost_onwind: 60410305.32941102
ci_cost_solar: 13143532.593605623
ci_demand_total: 1962239.9999999998
ci_emission_rate_local: 0.12940490755491343
ci_emission_rate_myopic: 0.05318404135215352
ci_emission_rate_true: 0.09588872845077744
ci_emissions: 188156.6985152535
ci_fraction_clean: 0.9215902900984423
ci_fraction_clean_excess: 0.19999923436561354
ci_fraction_clean_used: 0.9076284695450388
ci_fraction_clean_used_grid: 0.1860374138122101
ci_fraction_clean_used_local: 0.7215910557328288
ci_generation_battery_discharger: 42.45323551008198
ci_generation_onwind: 1581129.4238288454
ci_generation_solar: 227253.6758940311
ci_marginal_cost_grid: 62441640.538256615
ci_marginal_cost_onwind: 23716.941357432686
ci_marginal_cost_solar: 2272.536758940311
ci_revenue_grid: 42221382.62879351
ci_total_cost: 135996546.11007893
co2_price: 80.0
emissions: 511353913.2572928
emissions_zone: 5.301965435831484
objective: 141919946471.4685
system_emission_rate: 0.15917332395024805
system_emissions: 170451304.41909772
system_grid_cfe_wavg: 0.8070061729128806
system_inv_H2_Electrolysis-2025: 107.73098811714759
system_inv_H2_Fuel_Cell-2025: 22.43750760565084
system_inv_OCGT-2025: 17017.935299692737
system_inv_battery_charger-2025: 1715.024494796716
system_inv_battery_discharger-2025: 1750.389361455564
system_inv_offwind-ac-2025: 542.0748509161389
system_inv_offwind-dc-2025: 34731.51791262709
system_inv_onwind-2025: 114154.83728536525
system_inv_solar-2025: 189006.7481508995
system_inv_solar_rooftop-2025: 0.0
zone_average_marginal_price: 108.30119971130387
