ci_average cost: 69.30650234973933
ci_average_revenue: 21.516795174954105
ci_cap_battery_charger: 0.008235670257756796
ci_cap_battery_discharger: 0.008405494876236274
ci_cap_onwind: 526.092337665344
ci_cap_solar: 237.62624196659183
ci_capital_cost_battery_inverter: 261.81995546747845
ci_capital_cost_battery_storage: 439.18968282619164
ci_capital_cost_grid: 0.0
ci_capital_cost_hydrogen_electrolysis: 0.0
ci_capital_cost_hydrogen_fuel_cell: 0.0
ci_capital_cost_hydrogen_storage: 0.0
ci_capital_cost_onwind: 60385422.01730441
ci_capital_cost_solar: 13141015.91964333
ci_clean_excess_total: 392446.93472019536
ci_clean_total: 1808370.3423300236
ci_clean_used_grid_total: 364912.88496034197
ci_clean_used_local_total: 1415923.4076098285
ci_clean_used_total: 1780836.2925701705
ci_cost_battery_inverter: 261.81995546747845
ci_cost_battery_storage: 439.18968282619164
ci_cost_grid: 62442861.44217485
ci_cost_hydrogen_electrolysis: 0.0
ci_cost_hydrogen_fuel_cell: 0.0
ci_cost_hydrogen_storage: 0.0
ci_cost_onwind: 60409143.21469784
ci_cost_solar: 13143285.504241535
ci_demand_total: 1962239.9999999998
ci_emission_rate_local: 0.12920253369273738
ci_emission_rate_myopic: 0.0531836867217596
ci_emission_rate_true: 0.09586444386069706
ci_emissions: 188109.04632121415
ci_fraction_clean: 0.9215846901143713
ci_fraction_clean_excess: 0.19999945711034095
ci_fraction_clean_used: 0.9075527420550854
ci_fraction_clean_used_grid: 0.1859675090510549
ci_fraction_clean_used_local: 0.7215852330040304
ci_generation_battery_discharger: 30.64933231484169
ci_generation_onwind: 1581413.159561451
ci_generation_solar: 226958.45982055477
ci_marginal_cost_grid: 62442861.44217485
ci_marginal_cost_onwind: 23721.197393421775
ci_marginal_cost_solar: 2269.5845982055475
ci_revenue_grid: 42221116.164101936
ci_total_cost: 135995991.1707525
co2_price: 80.0
emissions: 511354050.8662284
emissions_zone: 5.293626357309867
objective: 141919906090.03635
system_emission_rate: 0.15917336678490948
system_emissions: 170451350.28874305
system_grid_cfe_wavg: 0.8065928540703019
system_inv_H2_Electrolysis-2025: 107.72127860562995
system_inv_H2_Fuel_Cell-2025: 22.428595456530598
system_inv_OCGT-2025: 17017.94986466631
system_inv_battery_charger-2025: 1714.9117281091715
system_inv_battery_discharger-2025: 1750.274269449121
system_inv_offwind-ac-2025: 542.0523477893043
system_inv_offwind-dc-2025: 34731.50759186006
system_inv_onwind-2025: 114154.75426286616
system_inv_solar-2025: 189006.89084400435
system_inv_solar_rooftop-2025: 0.0
zone_average_marginal_price: 108.30119132196434
