ci_average cost: 77.80365357672477
ci_average_revenue: 22.78580694822089
ci_cap_battery_charger: 158.1051744391461
ci_cap_battery_discharger: 161.36540100096968
ci_cap_onwind: 580.1389030382993
ci_cap_solar: 522.9069304762302
ci_capital_cost_battery_inverter: 5026317.037383452
ci_capital_cost_battery_storage: 17872653.84602066
ci_capital_cost_grid: 0.0
ci_capital_cost_hydrogen_electrolysis: 0.0
ci_capital_cost_hydrogen_fuel_cell: 0.0
ci_capital_cost_hydrogen_storage: 0.0
ci_capital_cost_onwind: 66588942.625710964
ci_capital_cost_solar: 28917379.83570874
ci_clean_excess_total: 392447.0558259848
ci_clean_total: 2055980.1046776436
ci_clean_used_grid_total: 200595.85903335898
ci_clean_used_local_total: 1663533.048851659
ci_clean_used_total: 1864128.907885018
ci_cost_battery_inverter: 5026317.037383452
ci_cost_battery_storage: 17872653.84602066
ci_cost_grid: 34235601.64889172
ci_cost_hydrogen_electrolysis: 0.0
ci_cost_hydrogen_fuel_cell: 0.0
ci_cost_hydrogen_storage: 0.0
ci_cost_onwind: 66612488.198114716
ci_cost_solar: 28922380.463981863
ci_demand_total: 1962239.9999999998
ci_emission_rate_local: 0.07026794515181227
ci_emission_rate_myopic: 0.02919493661720156
ci_emission_rate_true: 0.05261728680095667
ci_emissions: 103247.74485230919
ci_fraction_clean: 1.0477719874621065
ci_fraction_clean_excess: 0.19999951882847403
ci_fraction_clean_used: 0.9500004626778673
ci_fraction_clean_used_grid: 0.10222799404423465
ci_fraction_clean_used_local: 0.8477724686336326
ci_generation_battery_discharger: 330902.0579175912
ci_generation_onwind: 1569704.826916592
ci_generation_solar: 500062.8273122884
ci_marginal_cost_grid: 34235601.64889172
ci_marginal_cost_onwind: 23545.572403748887
ci_marginal_cost_solar: 5000.628273122883
ci_revenue_grid: 44711221.826076955
ci_total_cost: 152669441.19439238
co2_price: 80.0
emissions: 511040618.6499286
emissions_zone: 5.275233583178815
objective: 141934103776.4229
system_emission_rate: 0.15907580216985867
system_emissions: 170346872.88330948
system_grid_cfe_wavg: 0.8070225678146123
system_inv_H2_Electrolysis-2025: 107.80258946847535
system_inv_H2_Fuel_Cell-2025: 22.447754605719048
system_inv_OCGT-2025: 17017.529433736938
system_inv_battery_charger-2025: 1714.9308710499768
system_inv_battery_discharger-2025: 1750.2938071292158
system_inv_offwind-ac-2025: 542.0723096817903
system_inv_offwind-dc-2025: 34741.763723920536
system_inv_onwind-2025: 114155.2454995739
system_inv_solar-2025: 189004.75027137628
system_inv_solar_rooftop-2025: 0.0
zone_average_marginal_price: 108.27549292069044
