ci_average cost: 95.71889101916614
ci_average_revenue: 23.266798021829164
ci_cap_battery_charger: 264.89635635680315
ci_cap_battery_discharger: 270.35868319201467
ci_cap_onwind: 725.9233325108275
ci_cap_solar: 707.451541913644
ci_capital_cost_battery_inverter: 8421312.419534175
ci_capital_cost_battery_storage: 43357342.59014622
ci_capital_cost_grid: 0.0
ci_capital_cost_hydrogen_electrolysis: 0.0
ci_capital_cost_hydrogen_fuel_cell: 0.0
ci_capital_cost_hydrogen_storage: 0.0
ci_capital_cost_onwind: 83322230.04882197
ci_capital_cost_solar: 39122917.98129956
ci_clean_excess_total: 392447.5233706533
ci_clean_total: 2239411.927546612
ci_clean_used_grid_total: 76031.227101991
ci_clean_used_local_total: 1846964.4041759593
ci_clean_used_total: 1922995.6312779502
ci_cost_battery_inverter: 8421312.419534175
ci_cost_battery_storage: 43357342.59014622
ci_cost_grid: 13569144.73113294
ci_cost_hydrogen_electrolysis: 0.0
ci_cost_hydrogen_fuel_cell: 0.0
ci_cost_hydrogen_storage: 0.0
ci_cost_onwind: 83345966.89643492
ci_cost_solar: 39129670.076200284
ci_demand_total: 1962239.9999999998
ci_emission_rate_local: 0.030495021286221766
ci_emission_rate_myopic: 0.01200388855828857
ci_emission_rate_true: 0.022647831489897356
ci_emissions: 44440.48086273617
ci_fraction_clean: 1.141252816957463
ci_fraction_clean_excess: 0.19999975709936263
ci_fraction_clean_used: 0.9800002197885836
ci_fraction_clean_used_grid: 0.03874715993048302
ci_fraction_clean_used_local: 0.9412530598581007
ci_generation_battery_discharger: 438098.8314513335
ci_generation_onwind: 1582456.5075298608
ci_generation_solar: 675209.4900728185
ci_marginal_cost_grid: 13569144.73113294
ci_marginal_cost_onwind: 23736.84761294792
ci_marginal_cost_solar: 6752.094900728183
ci_revenue_grid: 45655041.75035405
ci_total_cost: 187823436.71344852
co2_price: 80.0
emissions: 510878773.6319551
emissions_zone: 5.278794882795653
objective: 141968274589.76376
system_emission_rate: 0.159025423344533
system_emissions: 170292924.54398507
system_grid_cfe_wavg: 0.8063810748830661
system_inv_H2_Electrolysis-2025: 107.71511502743097
system_inv_H2_Fuel_Cell-2025: 22.42917995978969
system_inv_OCGT-2025: 17016.6508463604
system_inv_battery_charger-2025: 1714.9973976038
system_inv_battery_discharger-2025: 1750.3617055017573
system_inv_offwind-ac-2025: 542.0530922102636
system_inv_offwind-dc-2025: 34756.26466525169
system_inv_onwind-2025: 114147.28182420832
system_inv_solar-2025: 189021.58983131187
system_inv_solar_rooftop-2025: 0.0
zone_average_marginal_price: 108.24868356073326
