ci_average cost: 113.37605467840861
ci_average_revenue: 23.536853805395996
ci_cap_battery_charger: 228.1510671950862
ci_cap_battery_discharger: 232.85568342296375
ci_cap_onwind: 883.7322066829537
ci_cap_solar: 657.4736432287614
ci_capital_cost_battery_inverter: 7253143.992331893
ci_capital_cost_battery_storage: 71118242.93981801
ci_capital_cost_grid: 0.0
ci_capital_cost_hydrogen_electrolysis: 0.0
ci_capital_cost_hydrogen_fuel_cell: 0.0
ci_capital_cost_hydrogen_storage: 0.0
ci_capital_cost_onwind: 101435695.65687138
ci_capital_cost_solar: 36359080.29732567
ci_clean_excess_total: 392447.5290105083
ci_clean_total: 2302146.8686091295
ci_clean_used_grid_total: 32918.68709351226
ci_clean_used_local_total: 1909699.3395986217
ci_clean_used_total: 1942618.0266921339
ci_cost_battery_inverter: 7253143.992331893
ci_cost_battery_storage: 71118242.93981801
ci_cost_grid: 6273208.503453041
ci_cost_hydrogen_electrolysis: 0.0
ci_cost_hydrogen_fuel_cell: 0.0
ci_cost_hydrogen_storage: 0.0
ci_cost_onwind: 101461077.75980392
ci_cost_solar: 36365356.33675362
ci_demand_total: 1962239.9999999998
ci_emission_rate_local: 0.01435193664165032
ci_emission_rate_myopic: 0.00579035865196779
ci_emission_rate_true: 0.01097117556427854
ci_emissions: 21528.079539249917
ci_fraction_clean: 1.1732239015661334
ci_fraction_clean_excess: 0.1999997599735549
ci_fraction_clean_used: 0.9900002174515523
ci_fraction_clean_used_grid: 0.01677607585897355
ci_fraction_clean_used_local: 0.9732241415925789
ci_generation_battery_discharger: 422335.58124153595
ci_generation_onwind: 1692140.195502553
ci_generation_solar: 627603.9427949087
ci_marginal_cost_grid: 6273208.503453041
ci_marginal_cost_onwind: 25382.102932538302
ci_marginal_cost_solar: 6276.039427949086
ci_revenue_grid: 46184956.01110023
ci_total_cost: 222471029.5321605
co2_price: 80.0
emissions: 510822076.19652104
emissions_zone: 5.273633798663961
objective: 142002424262.99332
system_emission_rate: 0.1590077746690785
system_emissions: 170274025.39884043
system_grid_cfe_wavg: 0.8065642358257153
system_inv_H2_Electrolysis-2025: 107.72490922560748
system_inv_H2_Fuel_Cell-2025: 22.43048849074103
system_inv_OCGT-2025: 17016.568887279653
system_inv_battery_charger-2025: 1715.0209514769476
system_inv_battery_discharger-2025: 1750.3857450703488
system_inv_offwind-ac-2025: 542.0735454194632
system_inv_offwind-dc-2025: 34767.53428402082
system_inv_onwind-2025: 114142.01095165119
system_inv_solar-2025: 189031.36368647355
system_inv_solar_rooftop-2025: 0.0
zone_average_marginal_price: 108.21185892436927
