ci_average cost: 69.30669683726457
ci_average_revenue: 21.51689052847307
ci_cap_battery_charger: 0.010947897221455002
ci_cap_battery_discharger: 0.011173649638756437
ci_cap_onwind: 526.0993201323869
ci_cap_solar: 237.62908967091724
ci_capital_cost_battery_inverter: 348.0442845904584
ci_capital_cost_battery_storage: 572.7357297975852
ci_capital_cost_grid: 0.0
ci_capital_cost_hydrogen_electrolysis: 0.0
ci_capital_cost_hydrogen_fuel_cell: 0.0
ci_capital_cost_hydrogen_storage: 0.0
ci_capital_cost_onwind: 60386223.4720851
ci_capital_cost_solar: 13141173.401104826
ci_clean_excess_total: 392446.5839725074
ci_clean_total: 1808377.606475631
ci_clean_used_grid_total: 364818.37619400385
ci_clean_used_local_total: 1415931.0225031239
ci_clean_used_total: 1780749.3986971276
ci_cost_battery_inverter: 348.0442845904584
ci_cost_battery_storage: 572.7357297975852
ci_cost_grid: 62442065.36476503
ci_cost_hydrogen_electrolysis: 0.0
ci_cost_hydrogen_fuel_cell: 0.0
ci_cost_hydrogen_storage: 0.0
ci_cost_onwind: 60409941.44922997
ci_cost_solar: 13143445.207944635
ci_demand_total: 1962239.9999999998
ci_emission_rate_local: 0.12977840308540195
ci_emission_rate_myopic: 0.053183803182835346
ci_emission_rate_true: 0.09606636087778335
ci_emissions: 188505.25596882156
ci_fraction_clean: 0.9215883920802915
ci_fraction_clean_excess: 0.19999927836172304
ci_fraction_clean_used: 0.9075084590555323
ci_fraction_clean_used_grid: 0.18591934533696383
ci_fraction_clean_used_local: 0.7215891137185686
ci_generation_battery_discharger: 37.29201084303641
ci_generation_onwind: 1581198.476324447
ci_generation_solar: 227180.68398080423
ci_marginal_cost_grid: 62442065.36476503
ci_marginal_cost_onwind: 23717.977144866712
ci_marginal_cost_solar: 2271.806839808042
ci_revenue_grid: 42221303.27059099
ci_total_cost: 135996372.801954
co2_price: 80.0
emissions: 511353915.8376332
emissions_zone: 5.317297675759056
objective: 141919947060.81717
system_emission_rate: 0.1591733247534518
system_emissions: 170451305.27921122
system_grid_cfe_wavg: 0.8064616368095608
system_inv_H2_Electrolysis-2025: 107.79885886760839
system_inv_H2_Fuel_Cell-2025: 22.444980237774015
system_inv_OCGT-2025: 17017.94342057271
system_inv_battery_charger-2025: 1714.9052858711823
system_inv_battery_discharger-2025: 1750.2676943681975
system_inv_offwind-ac-2025: 542.073420941358
system_inv_offwind-dc-2025: 34731.50743878063
system_inv_onwind-2025: 114154.78967034144
system_inv_solar-2025: 189006.81597690762
system_inv_solar_rooftop-2025: 0.0
zone_average_marginal_price: 108.3012083901381
