ci_average cost: 108.5680021848865
ci_average_revenue: 0.0
ci_cap_battery_charger: 0.0
ci_cap_battery_discharger: 0.0
ci_cap_onwind: 0.0
ci_cap_solar: 0.0
ci_capital_cost_battery_inverter: 0.0
ci_capital_cost_battery_storage: 0.0
ci_capital_cost_grid: 0.0
ci_capital_cost_hydrogen_electrolysis: 0.0
ci_capital_cost_hydrogen_fuel_cell: 0.0
ci_capital_cost_hydrogen_storage: 0.0
ci_capital_cost_onwind: 0.0
ci_capital_cost_solar: 0.0
ci_clean_excess_total: 0.0
ci_clean_total: 0.0
ci_clean_used_grid_total: 1592158.3438529926
ci_clean_used_local_total: 0.0
ci_clean_used_total: 1592158.3438529926
ci_cost_battery_inverter: 0.0
ci_cost_battery_storage: 0.0
ci_cost_grid: 213036476.60727164
ci_cost_hydrogen_electrolysis: 0.0
ci_cost_hydrogen_fuel_cell: 0.0
ci_cost_hydrogen_storage: 0.0
ci_cost_onwind: 0.0
ci_cost_solar: 0.0
ci_demand_total: 1962239.9999999998
ci_emission_rate_local: 0.32283533908672624
ci_emission_rate_myopic: 0.15565919746594198
ci_emission_rate_true: 0.22823138890365563
ci_emissions: 447844.7605623091
ci_fraction_clean: 0.0
ci_fraction_clean_excess: 0.0
ci_fraction_clean_used: 0.8113983732127532
ci_fraction_clean_used_grid: 0.8113983732127532
ci_fraction_clean_used_local: 0.0
ci_generation_battery_discharger: -0.0
ci_generation_onwind: 0.0
ci_generation_solar: 0.0
ci_marginal_cost_grid: 213036476.60727164
ci_marginal_cost_onwind: 0.0
ci_marginal_cost_solar: 0.0
ci_revenue_grid: 0.0
ci_total_cost: 213036476.60727164
co2_price: 80.0
emissions: 512765499.4774557
emissions_zone: 5.389010416405119
objective: 142038844556.2737
system_emission_rate: 0.1596127199632258
system_emissions: 170921833.15915227
system_grid_cfe_wavg: 0.8051068044108293
system_inv_H2_Electrolysis-2025: 107.6952568719914
system_inv_H2_Fuel_Cell-2025: 22.42228310746193
system_inv_OCGT-2025: 17021.285553377726
system_inv_battery_charger-2025: 1714.9191770714326
system_inv_battery_discharger-2025: 1750.2818720135958
system_inv_offwind-ac-2025: 542.0437809251468
system_inv_offwind-dc-2025: 34717.58454998307
system_inv_onwind-2025: 114173.19817242622
system_inv_solar-2025: 189000.4756258598
system_inv_solar_rooftop-2025: 0.0
zone_average_marginal_price: 108.56800218488648
