ci_average cost: 74.37795745179203
ci_average_revenue: 23.002424610957107
ci_cap_battery_charger: 0.0
ci_cap_battery_discharger: 0.0
ci_cap_onwind: 703.8514202216232
ci_cap_solar: 359.8422655369335
ci_capital_cost_battery_inverter: 0.0
ci_capital_cost_battery_storage: 0.0
ci_capital_cost_grid: 0.0
ci_capital_cost_hydrogen_electrolysis: 0.0
ci_capital_cost_hydrogen_fuel_cell: 0.0
ci_capital_cost_hydrogen_storage: 0.0
ci_capital_cost_onwind: 80788793.1540228
ci_capital_cost_solar: 19899708.47010314
ci_clean_excess_total: 392447.54719667323
ci_clean_total: 1962240.0000011085
ci_clean_used_grid_total: 249218.8089865882
ci_clean_used_local_total: 1569792.4528044355
ci_clean_used_total: 1819011.2617910237
ci_cost_battery_inverter: 0.0
ci_cost_battery_storage: 0.0
ci_cost_grid: 45231169.02001155
ci_cost_hydrogen_electrolysis: 0.0
ci_cost_hydrogen_fuel_cell: 0.0
ci_cost_hydrogen_storage: 0.0
ci_cost_onwind: 80813123.7122234
ci_cost_solar: 19903110.49796942
ci_demand_total: 1962239.9999999998
ci_emission_rate_local: 0.09972185431454941
ci_emission_rate_myopic: 0.03999242991479724
ci_emission_rate_true: 0.07397869665246574
ci_emissions: 145163.95771933434
ci_fraction_clean: 1.000000000000565
ci_fraction_clean_excess: 0.19999976924161839
ci_fraction_clean_used: 0.9270075331208333
ci_fraction_clean_used_grid: 0.12700730236188654
ci_fraction_clean_used_local: 0.8000002307589468
ci_generation_battery_discharger: -0.0
ci_generation_onwind: 1622037.2133733528
ci_generation_solar: 340202.78662775573
ci_marginal_cost_grid: 45231169.02001155
ci_marginal_cost_onwind: 24330.5582006003
ci_marginal_cost_solar: 3402.0278662775568
ci_revenue_grid: 45136277.66860447
ci_total_cost: 145947403.23020437
co2_price: 80.0
emissions: 511146438.02544415
emissions_zone: 5.29500928015548
objective: 141926970996.30963
system_emission_rate: 0.1591087414342358
system_emissions: 170382146.00848114
system_grid_cfe_wavg: 0.8064443744076523
system_inv_H2_Electrolysis-2025: 107.71395100911064
system_inv_H2_Fuel_Cell-2025: 22.42853757028419
system_inv_OCGT-2025: 17017.503332651657
system_inv_battery_charger-2025: 1714.9903873537246
system_inv_battery_discharger-2025: 1750.3545506959865
system_inv_offwind-ac-2025: 542.0603438490027
system_inv_offwind-dc-2025: 34743.694270781074
system_inv_onwind-2025: 114147.24048026939
system_inv_solar-2025: 189019.25952614698
system_inv_solar_rooftop-2025: 0.0
zone_average_marginal_price: 108.25829430878541
