ci_average cost: 111.46035112623596
ci_average_revenue: 18.761927784884247
ci_cap_H2_Electrolysis: 382.172548116564
ci_cap_H2_Fuel_Cell: 417.07516625320835
ci_cap_battery_charger: 367.71364989663743
ci_cap_battery_discharger: 375.29613296710477
ci_cap_onwind: 1725.264806720062
ci_cap_solar: 2188.073507424846
ci_capital_cost_battery_inverter: 11689974.030959392
ci_capital_cost_battery_storage: 49034578.733973086
ci_capital_cost_grid: 0.0
ci_capital_cost_hydrogen_electrolysis: 32281189.39010826
ci_capital_cost_hydrogen_fuel_cell: 96283054.72007118
ci_capital_cost_hydrogen_storage: 28603127.92194179
ci_capital_cost_onwind: 198027676.8669937
ci_capital_cost_solar: 121003086.84956694
ci_clean_excess_total: 963599.9529668657
ci_clean_total: 5781599.949424388
ci_clean_used_grid_total: 1.673124698374027e-05
ci_clean_used_local_total: 4817999.996457523
ci_clean_used_total: 4817999.996474254
ci_cost_battery_inverter: 11689974.030959392
ci_cost_battery_storage: 49034578.733973086
ci_cost_grid: 0.0017991879937754077
ci_cost_hydrogen_electrolysis: 32281189.39010826
ci_cost_hydrogen_fuel_cell: 96283054.72007118
ci_cost_hydrogen_storage: 28603127.92194179
ci_cost_onwind: 198101062.03145212
ci_cost_solar: 121022984.89589985
ci_demand_total: 4818000.0
ci_emission_rate_local: 1.3267890781629996e-13
ci_emission_rate_myopic: 4.345856794570421e-13
ci_emission_rate_true: 2.7202335160151365e-13
ci_emissions: 1.3106085080160927e-06
ci_fraction_clean: 1.1999999895027786
ci_fraction_clean_excess: 0.19999999023803772
ci_fraction_clean_used: 0.9999999992682138
ci_fraction_clean_used_grid: 3.4726540024367517e-12
ci_fraction_clean_used_local: 0.9999999992647411
ci_generation_H2_Fuel_Cell: 544342.9084795966
ci_generation_battery_discharger: 479705.70317502023
ci_generation_onwind: 4892344.297228834
ci_generation_solar: 1989804.633290345
ci_marginal_cost_grid: 0.0017991879937754077
ci_marginal_cost_onwind: 73385.16445843255
ci_marginal_cost_solar: 19898.046332903457
ci_revenue_grid: 90394968.0675723
ci_total_cost: 537015971.7262049
co2_price: 80.0
emissions: 510904804.1703092
emissions_zone: 3.1062008016114895
objective: 142182372634.6992
system_emission_rate: 0.15917502246312526
system_emissions: 170301601.3901031
system_grid_cfe_wavg: 0.5631605086293987
system_inv_H2_Electrolysis-2025: 107.62134835254949
system_inv_H2_Fuel_Cell-2025: 22.40718215759967
system_inv_OCGT-2025: 16997.53447741917
system_inv_battery_charger-2025: 1714.8921238066764
system_inv_battery_discharger-2025: 1750.254260893775
system_inv_offwind-ac-2025: 542.0277461754544
system_inv_offwind-dc-2025: 34722.454707424324
system_inv_onwind-2025: 114365.46828956685
system_inv_solar-2025: 189017.57904598714
system_inv_solar_rooftop-2025: 0.0
zone_average_marginal_price: 93.87843266766775
