ci_average cost: 74.79788488243457
ci_average_revenue: 18.754711865562978
ci_cap_H2_Electrolysis: 73.67042090391669
ci_cap_H2_Fuel_Cell: 27.913627978356768
ci_cap_battery_charger: 224.7202103606964
ci_cap_battery_discharger: 229.35408019699653
ci_cap_onwind: 1186.5626922743445
ci_cap_solar: 1466.1525092450772
ci_capital_cost_battery_inverter: 7144073.721730761
ci_capital_cost_battery_storage: 25747625.41495863
ci_capital_cost_grid: 0.0
ci_capital_cost_hydrogen_electrolysis: 6222761.999438473
ci_capital_cost_hydrogen_fuel_cell: 6443944.851044365
ci_capital_cost_hydrogen_storage: 2786287.7461486086
ci_capital_cost_onwind: 136194891.64381945
ci_capital_cost_solar: 81079990.59852703
ci_clean_excess_total: 963598.8129041861
ci_clean_total: 4778313.110056007
ci_clean_used_grid_total: 280586.8485286802
ci_clean_used_local_total: 3814714.2971518217
ci_clean_used_total: 4095301.145680502
ci_cost_battery_inverter: 7144073.721730761
ci_cost_battery_storage: 25747625.41495863
ci_cost_grid: 94688272.34927554
ci_cost_hydrogen_electrolysis: 6222761.999438473
ci_cost_hydrogen_fuel_cell: 6443944.851044365
ci_cost_hydrogen_storage: 2786287.7461486086
ci_cost_onwind: 136249915.75747514
ci_cost_solar: 81093327.5234983
ci_demand_total: 4818000.0
ci_emission_rate_local: 0.06318503094434762
ci_emission_rate_myopic: 0.03833522607745757
ci_emission_rate_true: 0.05650613111270108
ci_emissions: 272246.5397009938
ci_fraction_clean: 0.9917627874753024
ci_fraction_clean_excess: 0.1999997536123259
ci_fraction_clean_used: 0.850000237791719
ci_fraction_clean_used_grid: 0.058237203928742265
ci_fraction_clean_used_local: 0.7917630338629766
ci_generation_H2_Fuel_Cell: 105080.3251174986
ci_generation_battery_discharger: 361473.19561250624
ci_generation_onwind: 3668274.243713185
ci_generation_solar: 1333692.4971270699
ci_marginal_cost_grid: 94688272.34927554
ci_marginal_cost_onwind: 55024.113655697816
ci_marginal_cost_solar: 13336.924971270704
ci_revenue_grid: 90360201.76828243
ci_total_cost: 360376209.3635698
co2_price: 80.0
emissions: 511282504.59845823
emissions_zone: 3.4378028130757157
objective: 142005900713.459
system_emission_rate: 0.15929269697635
system_emissions: 170427501.5328194
system_grid_cfe_wavg: 0.5611824206581112
system_inv_H2_Electrolysis-2025: 107.63532129890918
system_inv_H2_Fuel_Cell-2025: 22.417346623054
system_inv_OCGT-2025: 16997.497122820583
system_inv_battery_charger-2025: 1715.1009475618323
system_inv_battery_discharger-2025: 1750.4673907240203
system_inv_offwind-ac-2025: 542.076564079941
system_inv_offwind-dc-2025: 34722.59347962966
system_inv_onwind-2025: 114365.81088567595
system_inv_solar-2025: 189017.19527499645
system_inv_solar_rooftop-2025: 0.0
zone_average_marginal_price: 94.0832449993247
