ci_average cost: 70.44966162856849
ci_average_revenue: 18.75472979455934
ci_cap_H2_Electrolysis: 28.476495159761615
ci_cap_H2_Fuel_Cell: 9.667746701546967
ci_cap_battery_charger: 106.88378408275557
ci_cap_battery_discharger: 109.08779387010722
ci_cap_onwind: 1124.4868588208958
ci_cap_solar: 1157.5624167844728
ci_capital_cost_battery_inverter: 3397939.2949086963
ci_capital_cost_battery_storage: 10766618.675558671
ci_capital_cost_grid: 0.0
ci_capital_cost_hydrogen_electrolysis: 2405340.5665819566
ci_capital_cost_hydrogen_fuel_cell: 2231828.360933187
ci_capital_cost_hydrogen_storage: 967345.080818697
ci_capital_cost_onwind: 129069763.35018735
ci_capital_cost_solar: 64014588.71316147
ci_clean_excess_total: 963599.4448758931
ci_clean_total: 4443994.249768771
ci_clean_used_grid_total: 374005.73380527744
ci_clean_used_local_total: 3480394.804892878
ci_clean_used_total: 3854400.5386981554
ci_cost_battery_inverter: 3397939.2949086963
ci_cost_battery_storage: 10766618.675558671
ci_cost_grid: 126510370.29419406
ci_cost_hydrogen_electrolysis: 2405340.5665819566
ci_cost_hydrogen_fuel_cell: 2231828.360933187
ci_cost_hydrogen_storage: 967345.080818697
ci_cost_onwind: 129121908.90999389
ci_cost_solar: 64025118.543453775
ci_demand_total: 4818000.0
ci_emission_rate_local: 0.08424112231361464
ci_emission_rate_myopic: 0.05026586636407265
ci_emission_rate_true: 0.0749384692322494
ci_emissions: 361053.5447609775
ci_fraction_clean: 0.9223732357344897
ci_fraction_clean_excess: 0.19999988478121483
ci_fraction_clean_used: 0.8000001118094968
ci_fraction_clean_used_grid: 0.07762676085622197
ci_fraction_clean_used_local: 0.7223733509532748
ci_generation_H2_Fuel_Cell: 39581.24748401314
ci_generation_battery_discharger: 162905.30329511286
ci_generation_onwind: 3476370.653769507
ci_generation_solar: 1052983.029230343
ci_marginal_cost_grid: 126510370.29419406
ci_marginal_cost_onwind: 52145.55980654264
ci_marginal_cost_solar: 10529.830292303433
ci_revenue_grid: 90360288.1501869
ci_total_cost: 339426469.726443
co2_price: 80.0
emissions: 511412686.471182
emissions_zone: 3.554771574341425
objective: 141984792148.3195
system_emission_rate: 0.15933325580912241
system_emissions: 170470895.4903937
system_grid_cfe_wavg: 0.5588089323838318
system_inv_H2_Electrolysis-2025: 107.54508393691889
system_inv_H2_Fuel_Cell-2025: 22.392150594307697
system_inv_OCGT-2025: 16995.201074260753
system_inv_battery_charger-2025: 1714.9284718660178
system_inv_battery_discharger-2025: 1750.2913584725982
system_inv_offwind-ac-2025: 542.0348215967614
system_inv_offwind-dc-2025: 34722.87783299982
system_inv_onwind-2025: 114399.50004343533
system_inv_solar-2025: 189015.90825094777
system_inv_solar_rooftop-2025: 0.0
zone_average_marginal_price: 94.13297337060447
