ci_average cost: 100.5074666001331
ci_average_revenue: 18.760161805502648
ci_cap_H2_Electrolysis: 314.43918689305656
ci_cap_H2_Fuel_Cell: 251.5543400073404
ci_cap_battery_charger: 419.25817222842284
ci_cap_battery_discharger: 427.90353525470897
ci_cap_onwind: 1552.0557356536954
ci_cap_solar: 2282.5081969566295
ci_capital_cost_battery_inverter: 13328624.452737732
ci_capital_cost_battery_storage: 53143886.36876297
ci_capital_cost_grid: 0.0
ci_capital_cost_hydrogen_electrolysis: 26559916.440336466
ci_capital_cost_hydrogen_fuel_cell: 58072074.877011046
ci_capital_cost_hydrogen_storage: 20794333.568497185
ci_capital_cost_onwind: 178146560.7496532
ci_capital_cost_solar: 126225438.33833143
ci_clean_excess_total: 963599.5267905407
ci_clean_total: 5697604.673372605
ci_clean_used_grid_total: 35815.2598367453
ci_clean_used_local_total: 4734005.146582064
ci_clean_used_total: 4769820.40641881
ci_cost_battery_inverter: 13328624.452737732
ci_cost_battery_storage: 53143886.36876297
ci_cost_grid: 7884569.67970647
ci_cost_hydrogen_electrolysis: 26559916.440336466
ci_cost_hydrogen_fuel_cell: 58072074.877011046
ci_cost_hydrogen_storage: 20794333.568497185
ci_cost_onwind: 178215387.9642854
ci_cost_solar: 126246180.728104
ci_demand_total: 4818000.0
ci_emission_rate_local: 0.004385939141634774
ci_emission_rate_myopic: 0.003141204584464569
ci_emission_rate_true: 0.004263989682667833
ci_emissions: 20543.902291093615
ci_fraction_clean: 1.1825663498075145
ci_fraction_clean_excess: 0.1999999017830097
ci_fraction_clean_used: 0.9900000843542569
ci_fraction_clean_used_grid: 0.007433636329752034
ci_fraction_clean_used_local: 0.9825664480245048
ci_generation_H2_Fuel_Cell: 473020.2452782241
ci_generation_battery_discharger: 627236.6659707518
ci_generation_onwind: 4588480.975481449
ci_generation_solar: 2074238.9772570413
ci_marginal_cost_grid: 7884569.67970647
ci_marginal_cost_onwind: 68827.21463222177
ci_marginal_cost_solar: 20742.38977257042
ci_revenue_grid: 90386459.57891175
ci_total_cost: 484244974.07944125
co2_price: 80.0
emissions: 510940124.172128
emissions_zone: 3.139717184692262
objective: 142129794176.2015
system_emission_rate: 0.15918602659155956
system_emissions: 170313374.72404248
system_grid_cfe_wavg: 0.5631991797429264
system_inv_H2_Electrolysis-2025: 107.71947401266698
system_inv_H2_Fuel_Cell-2025: 22.428800560505547
system_inv_OCGT-2025: 16997.52329773346
system_inv_battery_charger-2025: 1714.9415555705086
system_inv_battery_discharger-2025: 1750.304711971175
system_inv_offwind-ac-2025: 542.0521892441488
system_inv_offwind-dc-2025: 34722.57799177437
system_inv_onwind-2025: 114365.56925841261
system_inv_solar-2025: 189017.37553775887
system_inv_solar_rooftop-2025: 0.0
zone_average_marginal_price: 93.97456392066125
