ci_average cost: 89.01812392311926
ci_average_revenue: 18.754712929038796
ci_cap_H2_Electrolysis: 213.6130058387021
ci_cap_H2_Fuel_Cell: 119.01580825295943
ci_cap_battery_charger: 402.8896564626183
ci_cap_battery_discharger: 411.19749056193155
ci_cap_onwind: 1327.277637424651
ci_cap_solar: 2163.0614201730177
ci_capital_cost_battery_inverter: 12808253.44045306
ci_capital_cost_battery_storage: 54580282.49853841
ci_capital_cost_grid: 0.0
ci_capital_cost_hydrogen_electrolysis: 18043373.1612932
ci_capital_cost_hydrogen_fuel_cell: 27475156.772139855
ci_capital_cost_hydrogen_storage: 10923022.847566165
ci_capital_cost_onwind: 152346298.41919863
ci_capital_cost_solar: 119619888.45346558
ci_clean_excess_total: 963598.9254376143
ci_clean_total: 5430029.748201468
ci_clean_used_grid_total: 110670.18197031991
ci_clean_used_local_total: 4466430.822763854
ci_clean_used_total: 4577101.004734173
ci_cost_battery_inverter: 12808253.44045306
ci_cost_battery_storage: 54580282.49853841
ci_cost_grid: 33011819.390304245
ci_cost_hydrogen_electrolysis: 18043373.1612932
ci_cost_hydrogen_fuel_cell: 27475156.772139855
ci_cost_hydrogen_storage: 10923022.847566165
ci_cost_onwind: 152407848.01586658
ci_cost_solar: 119639564.93542701
ci_demand_total: 4818000.0
ci_emission_rate_local: 0.02142825068465992
ci_emission_rate_myopic: 0.01413947962458986
ci_emission_rate_true: 0.01959456327148414
ci_emissions: 94406.60584201058
ci_fraction_clean: 1.127029835658254
ci_fraction_clean_excess: 0.19999977696920182
ci_fraction_clean_used: 0.9500002085376035
ci_fraction_clean_used_grid: 0.02297014984855125
ci_fraction_clean_used_local: 0.9270300586890522
ci_generation_H2_Fuel_Cell: 309342.8290838591
ci_generation_battery_discharger: 644552.6870469704
ci_generation_onwind: 4103306.444529208
ci_generation_solar: 1967648.1961432842
ci_marginal_cost_grid: 33011819.390304245
ci_marginal_cost_onwind: 61549.59666793816
ci_marginal_cost_solar: 19676.481961432848
ci_revenue_grid: 90360206.89210892
ci_total_cost: 428889321.0615886
co2_price: 80.0
emissions: 511036976.7208605
emissions_zone: 3.2230981092284576
objective: 142074526817.5656
system_emission_rate: 0.15921620150182575
system_emissions: 170345658.90695393
system_grid_cfe_wavg: 0.5637495397250923
system_inv_H2_Electrolysis-2025: 107.6575634279686
system_inv_H2_Fuel_Cell-2025: 22.421246660999966
system_inv_OCGT-2025: 16997.541660734765
system_inv_battery_charger-2025: 1715.0887955372625
system_inv_battery_discharger-2025: 1750.4549881171822
system_inv_offwind-ac-2025: 542.0758838631701
system_inv_offwind-dc-2025: 34722.58604196316
system_inv_onwind-2025: 114365.80501612667
system_inv_solar-2025: 189016.99120584983
system_inv_solar_rooftop-2025: 0.0
zone_average_marginal_price: 93.99920846495753
