ci_average cost: 96.46069064771416
ci_average_revenue: 18.754695781196798
ci_cap_H2_Electrolysis: 277.53873393289365
ci_cap_H2_Fuel_Cell: 216.25901206394244
ci_cap_battery_charger: 399.5217090574645
ci_cap_battery_discharger: 407.7600939965712
ci_cap_onwind: 1473.5990742853687
ci_cap_solar: 2181.6315740224873
ci_capital_cost_battery_inverter: 12701183.121701086
ci_capital_cost_battery_storage: 52649504.70209463
ci_capital_cost_grid: 0.0
ci_capital_cost_hydrogen_electrolysis: 23443024.563988294
ci_capital_cost_hydrogen_fuel_cell: 49924042.41977792
ci_capital_cost_hydrogen_storage: 21520033.852326505
ci_capital_cost_onwind: 169141224.10510233
ci_capital_cost_solar: 120646840.2132818
ci_clean_excess_total: 963599.4316251534
ci_clean_total: 5625551.124168762
ci_clean_used_grid_total: 59688.81193358852
ci_clean_used_local_total: 4661951.692543608
ci_clean_used_total: 4721640.504477196
ci_cost_battery_inverter: 12701183.121701086
ci_cost_battery_storage: 52649504.70209463
ci_cost_grid: 14633574.252076369
ci_cost_hydrogen_electrolysis: 23443024.563988294
ci_cost_hydrogen_fuel_cell: 49924042.41977792
ci_cost_hydrogen_storage: 21520033.852326505
ci_cost_onwind: 169209559.02295822
ci_cost_solar: 120666685.6057638
ci_demand_total: 4818000.0
ci_emission_rate_local: 0.00884708127629187
ci_emission_rate_myopic: 0.006035593449751999
ci_emission_rate_true: 0.008288049383968396
ci_emissions: 39931.82193195974
ci_fraction_clean: 1.1676112752529602
ci_fraction_clean_excess: 0.19999988203095753
ci_fraction_clean_used: 0.9800001047067656
ci_fraction_clean_used_grid: 0.01238871148476308
ci_fraction_clean_used_local: 0.9676113932220025
ci_generation_H2_Fuel_Cell: 448354.3800307833
ci_generation_battery_discharger: 591179.4107144
ci_generation_onwind: 4555661.190392258
ci_generation_solar: 1984539.2481994429
ci_marginal_cost_grid: 14633574.252076369
ci_marginal_cost_onwind: 68334.9178558839
ci_marginal_cost_solar: 19845.392481994437
ci_revenue_grid: 90360124.27380617
ci_total_cost: 464747607.5406868
co2_price: 80.0
emissions: 510967605.4974872
emissions_zone: 3.1573711468952004
objective: 142110362447.74402
system_emission_rate: 0.15919458853998056
system_emissions: 170322535.16582882
system_grid_cfe_wavg: 0.5631268656167756
system_inv_H2_Electrolysis-2025: 107.70340993318092
system_inv_H2_Fuel_Cell-2025: 22.42471402114927
system_inv_OCGT-2025: 16997.50055382462
system_inv_battery_charger-2025: 1714.9103183080977
system_inv_battery_discharger-2025: 1750.272830577077
system_inv_offwind-ac-2025: 542.049402171911
system_inv_offwind-dc-2025: 34722.558159331464
system_inv_onwind-2025: 114365.64653949662
system_inv_solar-2025: 189017.26738055903
system_inv_solar_rooftop-2025: 0.0
zone_average_marginal_price: 93.99199038056277
