ci_average cost: 80.70418383168709
ci_average_revenue: 18.754715394628597
ci_cap_H2_Electrolysis: 121.73059576840095
ci_cap_H2_Fuel_Cell: 57.79871243493047
ci_cap_battery_charger: 325.5398737981146
ci_cap_battery_discharger: 332.2527075004538
ci_cap_onwind: 1236.1478762501574
ci_cap_solar: 1833.578188030057
ci_capital_cost_battery_inverter: 10349228.732225416
ci_capital_cost_battery_storage: 41745457.770054355
ci_capital_cost_grid: 0.0
ci_capital_cost_hydrogen_electrolysis: 10282288.552478442
ci_capital_cost_hydrogen_fuel_cell: 13343006.350906802
ci_capital_cost_hydrogen_storage: 5899763.395931909
ci_capital_cost_onwind: 141886330.28645906
ci_capital_cost_solar: 101399070.90817565
ci_clean_excess_total: 963599.008393072
ci_clean_total: 5103489.060703451
ci_clean_used_grid_total: 196310.88162509253
ci_clean_used_local_total: 4139890.0523103783
ci_clean_used_total: 4336200.933935471
ci_cost_battery_inverter: 10349228.732225416
ci_cost_battery_storage: 41745457.770054355
ci_cost_grid: 63853608.69034082
ci_cost_hydrogen_electrolysis: 10282288.552478442
ci_cost_hydrogen_fuel_cell: 13343006.350906802
ci_cost_hydrogen_storage: 5899763.395931909
ci_cost_onwind: 141943653.98323476
ci_cost_solar: 101415750.22589594
ci_demand_total: 4818000.0
ci_emission_rate_local: 0.04267880352141806
ci_emission_rate_myopic: 0.02640182628299536
ci_emission_rate_true: 0.03826225940449478
ci_emissions: 184347.56581085583
ci_fraction_clean: 1.0592546825868516
ci_fraction_clean_excess: 0.19999979418702202
ci_fraction_clean_used: 0.9000001938429786
ci_fraction_clean_used_grid: 0.04074530544314914
ci_fraction_clean_used_local: 0.8592548883998294
ci_generation_H2_Fuel_Cell: 183120.7647342993
ci_generation_battery_discharger: 540340.1220031662
ci_generation_onwind: 3821579.785046266
ci_generation_solar: 1667931.772028858
ci_marginal_cost_grid: 63853608.69034082
ci_marginal_cost_onwind: 57323.69677569403
ci_marginal_cost_solar: 16679.317720288585
ci_revenue_grid: 90360218.77132058
ci_total_cost: 388832757.7010684
co2_price: 80.0
emissions: 511157978.3444057
emissions_zone: 3.3239910054788995
objective: 142034399319.40015
system_emission_rate: 0.15925390018069588
system_emissions: 170385992.78146845
system_grid_cfe_wavg: 0.5632174917658543
system_inv_H2_Electrolysis-2025: 107.68271491269002
system_inv_H2_Fuel_Cell-2025: 22.42529316848346
system_inv_OCGT-2025: 16997.517188063906
system_inv_battery_charger-2025: 1715.0428697961897
system_inv_battery_discharger-2025: 1750.4081153589011
system_inv_offwind-ac-2025: 542.0654670669608
system_inv_offwind-dc-2025: 34722.68107828871
system_inv_onwind-2025: 114365.65650408813
system_inv_solar-2025: 189017.2053962422
system_inv_solar_rooftop-2025: 0.0
zone_average_marginal_price: 94.04045151185274
