ci_average cost: 94.3082027613075
ci_average_revenue: 0.0
ci_cap_H2_Electrolysis: 0.0
ci_cap_H2_Fuel_Cell: 0.0
ci_cap_battery_charger: 0.0
ci_cap_battery_discharger: 0.0
ci_cap_onwind: 0.0
ci_cap_solar: 0.0
ci_capital_cost_battery_inverter: 0.0
ci_capital_cost_battery_storage: 0.0
ci_capital_cost_grid: 0.0
ci_capital_cost_hydrogen_electrolysis: 0.0
ci_capital_cost_hydrogen_fuel_cell: 0.0
ci_capital_cost_hydrogen_storage: 0.0
ci_capital_cost_onwind: 0.0
ci_capital_cost_solar: 0.0
ci_clean_excess_total: 0.0
ci_clean_total: 0.0
ci_clean_used_grid_total: 2109727.6331418864
ci_clean_used_local_total: 0.0
ci_clean_used_total: 2109727.6331418864
ci_cost_battery_inverter: 0.0
ci_cost_battery_storage: 0.0
ci_cost_grid: 454376920.90397954
ci_cost_hydrogen_electrolysis: 0.0
ci_cost_hydrogen_fuel_cell: 0.0
ci_cost_hydrogen_storage: 0.0
ci_cost_onwind: 0.0
ci_cost_solar: 0.0
ci_demand_total: 4818000.0
ci_emission_rate_local: 0.2356276600561805
ci_emission_rate_myopic: 0.15588145386919908
ci_emission_rate_true: 0.2140145853741072
ci_emissions: 1031122.2723324485
ci_fraction_clean: 0.0
ci_fraction_clean_excess: 0.0
ci_fraction_clean_used: 0.43788452327560945
ci_fraction_clean_used_grid: 0.43788452327560945
ci_fraction_clean_used_local: 0.0
ci_generation_H2_Fuel_Cell: -0.0
ci_generation_battery_discharger: -0.0
ci_generation_onwind: 0.0
ci_generation_solar: 0.0
ci_marginal_cost_grid: 454376920.90397954
ci_marginal_cost_onwind: 0.0
ci_marginal_cost_solar: 0.0
ci_revenue_grid: 0.0
ci_total_cost: 454376920.90397954
co2_price: 80.0
emissions: 513003668.956157
emissions_zone: 5.078185056893047
objective: 142189453416.64587
system_emission_rate: 0.1598289345945191
system_emissions: 171001222.98538566
system_grid_cfe_wavg: 0.4368856789738247
system_inv_H2_Electrolysis-2025: 107.7238962819565
system_inv_H2_Fuel_Cell-2025: 22.430659577832206
system_inv_OCGT-2025: 16995.1084003123
system_inv_battery_charger-2025: 1714.967934794665
system_inv_battery_discharger-2025: 1750.3316351512617
system_inv_offwind-ac-2025: 542.0527095914774
system_inv_offwind-dc-2025: 34723.107534366376
system_inv_onwind-2025: 114405.30190146758
system_inv_solar-2025: 189007.20904039912
system_inv_solar_rooftop-2025: 0.0
zone_average_marginal_price: 94.30820276130748
