ci_average cost: 80.59333955265829
ci_average_revenue: 18.7545904069853
ci_cap_H2_Electrolysis: 0.0
ci_cap_H2_Fuel_Cell: 0.0
ci_cap_battery_charger: 0.0
ci_cap_battery_discharger: 0.0
ci_cap_onwind: 2019.5516655698104
ci_cap_solar: 1173.453169056346
ci_capital_cost_battery_inverter: 0.0
ci_capital_cost_battery_storage: 0.0
ci_capital_cost_grid: 0.0
ci_capital_cost_hydrogen_electrolysis: 0.0
ci_capital_cost_hydrogen_fuel_cell: 0.0
ci_capital_cost_hydrogen_storage: 0.0
ci_capital_cost_onwind: 231806226.55021137
ci_capital_cost_solar: 64893366.35510706
ci_clean_excess_total: 963596.816969086
ci_clean_total: 4818000.000089725
ci_clean_used_grid_total: 160853.00676557826
ci_clean_used_local_total: 3854403.183120639
ci_clean_used_total: 4015256.1898862175
ci_cost_battery_inverter: 0.0
ci_cost_battery_storage: 0.0
ci_cost_grid: 91532102.24728137
ci_cost_hydrogen_electrolysis: 0.0
ci_cost_hydrogen_fuel_cell: 0.0
ci_cost_hydrogen_storage: 0.0
ci_cost_onwind: 231862730.98653227
ci_cost_solar: 64903876.73089402
ci_demand_total: 4818000.0
ci_emission_rate_local: 0.07026096372636435
ci_emission_rate_myopic: 0.03707499245628732
ci_emission_rate_true: 0.06071273901134322
ci_emissions: 292513.97655665164
ci_fraction_clean: 1.0000000000186229
ci_fraction_clean_excess: 0.19999933934601202
ci_fraction_clean_used: 0.8333865068256989
ci_fraction_clean_used_grid: 0.03338584615308806
ci_fraction_clean_used_local: 0.8000006606726109
ci_generation_H2_Fuel_Cell: -0.0
ci_generation_battery_discharger: -0.0
ci_generation_onwind: 3766962.4213940506
ci_generation_solar: 1051037.578695674
ci_marginal_cost_grid: 91532102.24728137
ci_marginal_cost_onwind: 56504.4363209108
ci_marginal_cost_solar: 10510.375786956743
ci_revenue_grid: 90359616.58085518
ci_total_cost: 388298709.9647077
co2_price: 80.0
emissions: 511283728.2232815
emissions_zone: 3.4242215045091027
objective: 142034370201.60733
system_emission_rate: 0.1592930782029645
system_emissions: 170427909.40776068
system_grid_cfe_wavg: 0.5547516398714332
system_inv_H2_Electrolysis-2025: 108.649791229502
system_inv_H2_Fuel_Cell-2025: 22.64328383717924
system_inv_OCGT-2025: 16994.849191981262
system_inv_battery_charger-2025: 1716.2123755214943
system_inv_battery_discharger-2025: 1751.6017370161692
system_inv_offwind-ac-2025: 542.5304627667681
system_inv_offwind-dc-2025: 34723.529598807
system_inv_onwind-2025: 114401.71924147083
system_inv_solar-2025: 189013.24679499015
system_inv_solar_rooftop-2025: 0.0
zone_average_marginal_price: 94.11486996123011
