ci_average cost: 102.0043454211001
ci_average_revenue: 20.99027390691163
ci_cap_H2_Electrolysis: 24.92696013013614
ci_cap_H2_Fuel_Cell: 18.532379985949955
ci_cap_adv_geothermal: 0.0014649546587586046
ci_cap_allam_ccs: 180.3686872954838
ci_cap_battery_charger: 45.59981877154609
ci_cap_battery_discharger: 46.54011526026448
ci_cap_onwind: 403.0268689968531
ci_cap_solar: 466.2835567444431
ci_capital_cost_adv_geothermal: 1180.554272562031
ci_capital_cost_allam_ccs: 43743852.60017552
ci_capital_cost_battery_inverter: 1085520.398674281
ci_capital_cost_battery_storage: 3871619.5172722572
ci_capital_cost_grid: 0.0
ci_capital_cost_hydrogen_electrolysis: 1659251.4286468592
ci_capital_cost_hydrogen_fuel_cell: 3921734.27942081
ci_capital_cost_hydrogen_storage: 422974.1112814355
ci_capital_cost_onwind: 44085967.61075383
ci_capital_cost_solar: 22377387.94290761
ci_clean_excess_total: 385437.5051928037
ci_clean_total: 2306215.7971730176
ci_clean_used_grid_total: 6424.190939188344
ci_clean_used_local_total: 1920778.2919802142
ci_clean_used_total: 1927202.4829194024
ci_cost_adv_geothermal: 1180.554272562031
ci_cost_allam_ccs: 118957409.83928505
ci_cost_battery_inverter: 1085520.398674281
ci_cost_battery_storage: 3871619.5172722572
ci_cost_grid: 179988.4419150376
ci_cost_hydrogen_electrolysis: 1659251.4286468592
ci_cost_hydrogen_fuel_cell: 3921734.27942081
ci_cost_hydrogen_storage: 422974.1112814355
ci_cost_onwind: 44101487.08019891
ci_cost_solar: 22381608.844576918
ci_demand_total: 1927200.0
ci_emission_rate_local: 2.895651481618377e-10
ci_emission_rate_myopic: 0.00021513657286092197
ci_emission_rate_true: 2.9960693237153945e-06
ci_emissions: 5.774024800664308
ci_fraction_clean: 1.1966665614222798
ci_fraction_clean_excess: 0.19999870547571796
ci_fraction_clean_used: 1.0000012883558542
ci_fraction_clean_used_grid: 0.003333432409292416
ci_fraction_clean_used_local: 0.9966678559465619
ci_generation_H2_Fuel_Cell: 28373.474132508272
ci_generation_adv_geothermal: 10.413727144588549
ci_generation_allam_ccs: 908051.3528241627
ci_generation_battery_discharger: 83748.51454600936
ci_generation_onwind: 1034631.2963386769
ci_generation_solar: 422090.16693080374
ci_marginal_cost_adv_geothermal: 0.0
ci_marginal_cost_allam_ccs: 75213557.23910953
ci_marginal_cost_grid: 179988.4419150376
ci_marginal_cost_onwind: 15519.469445080163
ci_marginal_cost_solar: 4220.901669308039
ci_revenue_grid: 40452455.87340009
ci_total_cost: 196582774.4955441
co2_price: 130.0
emissions: 296419926.79838693
emissions_zone: 2.1134357346677723
objective: 164526118535.00464
system_emission_rate: 0.09226805386924841
system_emissions: 98806642.26612891
system_grid_cfe_wavg: 0.7315191388982417
system_inv_H2_Electrolysis-2030: 7841.122509521875
system_inv_H2_Fuel_Cell-2030: 1728.1430224549645
system_inv_OCGT-2030: 69306.24897079272
system_inv_battery_charger-2030: 28119.55256387156
system_inv_battery_discharger-2030: 28699.395143347752
system_inv_offwind-ac-2030: 6091.167644060342
system_inv_offwind-dc-2030: 58150.42013284204
system_inv_onwind-2030: 222379.07962642418
system_inv_solar-2030: 391092.37869213347
system_inv_solar_rooftop-2030: 0.0
zone_average_marginal_price: 72.96143098810174
