ci_average cost: 73.87098901534235
ci_average_revenue: 8.290344747845369
ci_cap_H2_Electrolysis: 0.045089157497322487
ci_cap_H2_Fuel_Cell: 0.012842171437467157
ci_cap_adv_geothermal: 0.0020076849791895134
ci_cap_allam_ccs: 0.0036812134638505804
ci_cap_battery_charger: 50.52387028910871
ci_cap_battery_discharger: 51.56570376803815
ci_cap_onwind: 436.2086486779566
ci_cap_solar: 819.2188103422725
ci_capital_cost_adv_geothermal: 1617.9211185616298
ci_capital_cost_allam_ccs: 892.7850036889045
ci_capital_cost_battery_inverter: 1202739.2497670099
ci_capital_cost_battery_storage: 3693737.7106099506
ci_capital_cost_grid: 0.0
ci_capital_cost_hydrogen_electrolysis: 3001.338655148199
ci_capital_cost_hydrogen_fuel_cell: 2717.599357810285
ci_capital_cost_hydrogen_storage: 1830.450121355217
ci_capital_cost_onwind: 47715628.5014269
ci_capital_cost_solar: 39315083.845436834
ci_clean_excess_total: 385399.9557593645
ci_clean_total: 1839185.7502203684
ci_clean_used_grid_total: 184374.62404257787
ci_clean_used_local_total: 1453785.794461004
ci_clean_used_total: 1638160.4185035818
ci_cost_adv_geothermal: 1617.9211185616298
ci_cost_allam_ccs: 2173.259088045459
ci_cost_battery_inverter: 1202739.2497670099
ci_cost_battery_storage: 3693737.7106099506
ci_cost_grid: 50401580.46384339
ci_cost_hydrogen_electrolysis: 3001.338655148199
ci_cost_hydrogen_fuel_cell: 2717.599357810285
ci_cost_hydrogen_storage: 1830.450121355217
ci_cost_onwind: 47732495.21879933
ci_cost_solar: 39322276.81900717
ci_demand_total: 1927200.0
ci_emission_rate_local: 0.053989532453528326
ci_emission_rate_myopic: 0.02968074876640775
ci_emission_rate_true: 0.05482471586287144
ci_emissions: 105658.19241092584
ci_fraction_clean: 0.9543305055107765
ci_fraction_clean_excess: 0.19997922154387945
ci_fraction_clean_used: 0.850020972656487
ci_fraction_clean_used_grid: 0.09566968868959001
ci_fraction_clean_used_local: 0.754351283966897
ci_generation_H2_Fuel_Cell: 59.72644381288677
ci_generation_adv_geothermal: 13.015460967033633
ci_generation_allam_ccs: 15.459130869981653
ci_generation_battery_discharger: 107327.48248185568
ci_generation_onwind: 1124447.8248286396
ci_generation_solar: 719297.3570342587
ci_marginal_cost_adv_geothermal: 0.0
ci_marginal_cost_allam_ccs: 1280.4740843565544
ci_marginal_cost_grid: 50401580.46384339
ci_marginal_cost_onwind: 16866.717372429604
ci_marginal_cost_solar: 7192.9735703425895
ci_revenue_grid: 15977152.398047596
ci_total_cost: 142364170.03036776
co2_price: 130.0
emissions: 296637574.48443186
emissions_zone: 2.3208503509267095
objective: 164496208411.31528
system_emission_rate: 0.09233580210951495
system_emissions: 98879191.49481061
system_grid_cfe_wavg: 0.723993362357664
system_inv_H2_Electrolysis-2030: 7895.912861328476
system_inv_H2_Fuel_Cell-2030: 1739.4214059277617
system_inv_OCGT-2030: 69288.132037044
system_inv_battery_charger-2030: 28127.66626662784
system_inv_battery_discharger-2030: 28707.67615567714
system_inv_offwind-ac-2030: 6092.531773938195
system_inv_offwind-dc-2030: 58182.1033032999
system_inv_onwind-2030: 222427.11285662113
system_inv_solar-2030: 390812.030540201
system_inv_solar_rooftop-2030: 0.0
zone_average_marginal_price: 72.71667648477312
