ci_average cost: 73.40743058338309
ci_average_revenue: 8.062518180346082
ci_cap_H2_Electrolysis: 0.02957759463581027
ci_cap_H2_Fuel_Cell: 0.008352085515325573
ci_cap_adv_geothermal: 0.0020173893590427513
ci_cap_allam_ccs: 0.0032755169455729633
ci_cap_battery_charger: 0.17176427878868444
ci_cap_battery_discharger: 0.1753061645369898
ci_cap_onwind: 437.8553532091099
ci_cap_solar: 723.2331242073363
ci_capital_cost_adv_geothermal: 1625.741529268411
ci_capital_cost_allam_ccs: 794.3935979408134
ci_capital_cost_battery_inverter: 4088.9116099961047
ci_capital_cost_battery_storage: 11736.71111947621
ci_capital_cost_grid: 0.0
ci_capital_cost_hydrogen_electrolysis: 1968.818736789059
ci_capital_cost_hydrogen_fuel_cell: 1767.4286894041009
ci_capital_cost_hydrogen_storage: 1209.0939772131685
ci_capital_cost_onwind: 47895756.84573705
ci_capital_cost_solar: 34708640.181405075
ci_clean_excess_total: 385397.907489451
ci_clean_total: 1761466.3422235267
ci_clean_used_grid_total: 213790.53237439733
ci_clean_used_local_total: 1376068.4347340758
ci_clean_used_total: 1589858.9671084732
ci_cost_adv_geothermal: 1625.741529268411
ci_cost_allam_ccs: 1856.1779934030862
ci_cost_battery_inverter: 4088.9116099961047
ci_cost_battery_storage: 11736.71111947621
ci_cost_grid: 58818894.11071711
ci_cost_hydrogen_electrolysis: 1968.818736789059
ci_cost_hydrogen_fuel_cell: 1767.4286894041009
ci_cost_hydrogen_storage: 1209.0939772131685
ci_cost_onwind: 47912679.41440772
ci_cost_solar: 34714973.81151548
ci_demand_total: 1927200.0
ci_emission_rate_local: 0.06343300219030693
ci_emission_rate_myopic: 0.03415594244948488
ci_emission_rate_true: 0.06385202820895063
ci_emissions: 123055.62876428966
ci_fraction_clean: 0.914002875790539
ci_fraction_clean_excess: 0.19997815872221408
ci_fraction_clean_used: 0.8249579530450775
ci_fraction_clean_used_grid: 0.11093323597675245
ci_fraction_clean_used_local: 0.7140247170683249
ci_generation_H2_Fuel_Cell: 37.61377545035363
ci_generation_adv_geothermal: 12.832749803137755
ci_generation_allam_ccs: 12.818895849347777
ci_generation_battery_discharger: 493.20720741919166
ci_generation_onwind: 1128171.2447117246
ci_generation_solar: 633363.0110406517
ci_marginal_cost_adv_geothermal: 0.0
ci_marginal_cost_allam_ccs: 1061.7843954622729
ci_marginal_cost_grid: 58818894.11071711
ci_marginal_cost_onwind: 16922.56867067588
ci_marginal_cost_solar: 6333.63011040652
ci_revenue_grid: 15538085.037162969
ci_total_cost: 141470800.22029588
co2_price: 130.0
emissions: 296670197.5993958
emissions_zone: 2.3590620052730285
objective: 164495662063.6432
system_emission_rate: 0.09234595686314911
system_emissions: 98890065.86646533
system_grid_cfe_wavg: 0.7216672665174628
system_inv_H2_Electrolysis-2030: 7895.221545801936
system_inv_H2_Fuel_Cell-2030: 1739.9089394930008
system_inv_OCGT-2030: 69268.01213956224
system_inv_battery_charger-2030: 28156.10263682417
system_inv_battery_discharger-2030: 28736.69890142863
system_inv_offwind-ac-2030: 6092.79127636671
system_inv_offwind-dc-2030: 58182.06553318681
system_inv_onwind-2030: 222402.7702283875
system_inv_solar-2030: 390848.3582849809
system_inv_solar_rooftop-2030: 0.0
zone_average_marginal_price: 73.01132645335065
