ci_average cost: 84.63318582927725
ci_average_revenue: 14.996026142204538
ci_cap_H2_Electrolysis: 0.03460095936494772
ci_cap_H2_Fuel_Cell: 0.011168545776697883
ci_cap_adv_geothermal: 0.0009637431355903941
ci_cap_allam_ccs: 0.0034909393214217622
ci_cap_battery_charger: 286.98059038884463
ci_cap_battery_discharger: 292.89830779962836
ci_cap_onwind: 420.47876978099583
ci_cap_solar: 1381.438756695484
ci_capital_cost_adv_geothermal: 776.6459320575104
ci_capital_cost_allam_ccs: 846.6388340580551
ci_capital_cost_battery_inverter: 6831678.1356391525
ci_capital_cost_battery_storage: 23762737.305591777
ci_capital_cost_grid: 0.0
ci_capital_cost_hydrogen_electrolysis: 2303.196657719686
ci_capital_cost_hydrogen_fuel_cell: 2363.434640179133
ci_capital_cost_hydrogen_storage: 1172.0561056333725
ci_capital_cost_onwind: 45994981.6043638
ci_capital_cost_solar: 66296549.66556186
ci_clean_excess_total: 385431.6677794863
ci_clean_total: 2099525.317196773
ci_clean_used_grid_total: 116754.6237441974
ci_clean_used_local_total: 1714093.6494172867
ci_clean_used_total: 1830848.2731614842
ci_cost_adv_geothermal: 776.6459320575104
ci_cost_allam_ccs: 2146.9645553163627
ci_cost_battery_inverter: 6831678.1356391525
ci_cost_battery_storage: 23762737.305591777
ci_cost_grid: 20184597.7067497
ci_cost_hydrogen_electrolysis: 2303.196657719686
ci_cost_hydrogen_fuel_cell: 2363.434640179133
ci_cost_hydrogen_storage: 1172.0561056333725
ci_cost_onwind: 46008647.364660256
ci_cost_solar: 66308652.919651344
ci_demand_total: 1927200.0
ci_emission_rate_local: 0.01806367118528969
ci_emission_rate_myopic: 0.013304666324923851
ci_emission_rate_true: 0.01897806325755087
ci_emissions: 36574.523509952036
ci_fraction_clean: 1.089417453921115
ci_fraction_clean_excess: 0.19999567651488495
ci_fraction_clean_used: 0.9500042928401226
ci_fraction_clean_used_grid: 0.06058251543389238
ci_fraction_clean_used_local: 0.8894217774062302
ci_generation_H2_Fuel_Cell: 47.91675993070234
ci_generation_adv_geothermal: 6.4722674637755775
ci_generation_allam_ccs: 15.69879917455478
ci_generation_battery_discharger: 522719.7969703276
ci_generation_onwind: 911050.6864304522
ci_generation_solar: 1210325.408948323
ci_marginal_cost_adv_geothermal: 0.0
ci_marginal_cost_allam_ccs: 1300.3257212583078
ci_marginal_cost_grid: 20184597.7067497
ci_marginal_cost_onwind: 13665.76029645679
ci_marginal_cost_solar: 12103.254089483235
ci_revenue_grid: 28900341.581256587
ci_total_cost: 163105075.73018312
co2_price: 130.0
emissions: 296530909.64523983
emissions_zone: 2.2247705218501714
objective: 164503243245.68198
system_emission_rate: 0.09230260003287011
system_emissions: 98843636.54841292
system_grid_cfe_wavg: 0.7281686971461315
system_inv_H2_Electrolysis-2030: 7868.126150773492
system_inv_H2_Fuel_Cell-2030: 1732.3319059020662
system_inv_OCGT-2030: 69299.62597075614
system_inv_battery_charger-2030: 28122.14751241937
system_inv_battery_discharger-2030: 28702.04360134086
system_inv_offwind-ac-2030: 6092.082719370497
system_inv_offwind-dc-2030: 58181.80827003971
system_inv_onwind-2030: 222379.9293206685
system_inv_solar-2030: 390784.28679363325
system_inv_solar_rooftop-2030: 0.0
zone_average_marginal_price: 72.33514381776483
