ci_average cost: 90.79211001239693
ci_average_revenue: 17.619473587159096
ci_cap_H2_Electrolysis: 1.3782053675130186
ci_cap_H2_Fuel_Cell: 0.5964067292362459
ci_cap_adv_geothermal: 0.0009300788244400171
ci_cap_allam_ccs: 67.19130131193691
ci_cap_battery_charger: 228.6633307665405
ci_cap_battery_discharger: 233.3785101863454
ci_cap_onwind: 403.31299406523505
ci_cap_solar: 1142.9686262384482
ci_capital_cost_adv_geothermal: 749.5170744346316
ci_capital_cost_allam_ccs: 16295546.775190964
ci_capital_cost_battery_inverter: 5443414.396435507
ci_capital_cost_battery_storage: 18505893.01285563
ci_capital_cost_grid: 0.0
ci_capital_cost_hydrogen_electrolysis: 91739.59492357308
ci_capital_cost_hydrogen_fuel_cell: 126208.76089829097
ci_capital_cost_hydrogen_storage: 46119.87060888801
ci_capital_cost_onwind: 44117266.02152407
ci_capital_cost_solar: 54852143.048929706
ci_clean_excess_total: 385431.46956651635
ci_clean_total: 2213591.074202059
ci_clean_used_grid_total: 60504.87831340263
ci_clean_used_local_total: 1828159.6046355427
ci_clean_used_total: 1888664.4829489454
ci_cost_adv_geothermal: 749.5170744346316
ci_cost_allam_ccs: 43639805.531587146
ci_cost_battery_inverter: 5443414.396435507
ci_cost_battery_storage: 18505893.01285563
ci_cost_grid: 8127650.051737351
ci_cost_hydrogen_electrolysis: 91739.59492357308
ci_cost_hydrogen_fuel_cell: 126208.76089829097
ci_cost_hydrogen_storage: 46119.87060888801
ci_cost_onwind: 44130813.538997725
ci_cost_solar: 54862160.14077284
ci_demand_total: 1927200.0
ci_emission_rate_local: 0.006929126916798095
ci_emission_rate_myopic: 0.006102267357138944
ci_emission_rate_true: 0.007583723194157271
ci_emissions: 14615.351339779892
ci_fraction_clean: 1.1486047500010683
ci_fraction_clean_excess: 0.19999557366465148
ci_fraction_clean_used: 0.9800044016962149
ci_fraction_clean_used_grid: 0.03139522535979796
ci_fraction_clean_used_local: 0.948609176336417
ci_generation_H2_Fuel_Cell: 1943.12917987951
ci_generation_adv_geothermal: 6.40365583293378
ci_generation_allam_ccs: 330126.53658678994
ci_generation_battery_discharger: 423527.3196219134
ci_generation_onwind: 903167.831576673
ci_generation_solar: 1001709.1843138372
ci_marginal_cost_adv_geothermal: 0.0
ci_marginal_cost_allam_ccs: 27344258.756396182
ci_marginal_cost_grid: 8127650.051737351
ci_marginal_cost_onwind: 13547.517473650103
ci_marginal_cost_solar: 10017.091843138376
ci_revenue_grid: 33956249.49717301
ci_total_cost: 174974554.41589138
co2_price: 130.0
emissions: 296476553.7228047
emissions_zone: 2.152077412754129
objective: 164510412494.46902
system_emission_rate: 0.09228568040390495
system_emissions: 98825517.90760139
system_grid_cfe_wavg: 0.7313080016925542
system_inv_H2_Electrolysis-2030: 7857.5911426283965
system_inv_H2_Fuel_Cell-2030: 1730.7070427133426
system_inv_OCGT-2030: 69301.02324846231
system_inv_battery_charger-2030: 28122.189554768778
system_inv_battery_discharger-2030: 28702.086510629535
system_inv_offwind-ac-2030: 6091.8870201326745
system_inv_offwind-dc-2030: 58181.7358416793
system_inv_onwind-2030: 222381.15511978988
system_inv_solar-2030: 390815.4787643909
system_inv_solar_rooftop-2030: 0.0
zone_average_marginal_price: 72.55220139375649
