ci_average cost: 77.12344544424596
ci_average_revenue: 10.214336219645414
ci_cap_H2_Electrolysis: 0.00013348434320904157
ci_cap_H2_Fuel_Cell: 3.7403442043570985e-05
ci_cap_adv_geothermal: 4.386054445677552e-06
ci_cap_allam_ccs: 1.0203892787000523e-05
ci_cap_battery_charger: 159.07196569448396
ci_cap_battery_discharger: 162.35212809042287
ci_cap_onwind: 432.16054996683147
ci_cap_solar: 1042.6566151454117
ci_capital_cost_adv_geothermal: 3.5345635338107426
ci_capital_cost_allam_ccs: 2.474695517916104
ci_capital_cost_battery_inverter: 3786766.444921183
ci_capital_cost_battery_storage: 12064056.4221377
ci_capital_cost_grid: 0.0
ci_capital_cost_hydrogen_electrolysis: 8.885322799703145
ci_capital_cost_hydrogen_fuel_cell: 7.915138851124893
ci_capital_cost_hydrogen_storage: 4.532957747910409
ci_capital_cost_onwind: 47272818.449809246
ci_capital_cost_solar: 50038074.96719292
ci_clean_excess_total: 385439.9317357971
ci_clean_total: 1971991.4213270806
ci_clean_used_grid_total: 147928.5487488876
ci_clean_used_local_total: 1586551.4895912837
ci_clean_used_total: 1734480.0383401713
ci_cost_adv_geothermal: 3.5345635338107426
ci_cost_allam_ccs: 6.1977493588286805
ci_cost_battery_inverter: 3786766.444921183
ci_cost_battery_storage: 12064056.4221377
ci_cost_grid: 35445409.908255294
ci_cost_hydrogen_electrolysis: 8.885322799703145
ci_cost_hydrogen_fuel_cell: 7.915138851124893
ci_cost_hydrogen_storage: 4.532957747910409
ci_cost_onwind: 47288734.77445659
ci_cost_solar: 50047305.444647714
ci_demand_total: 1927200.0
ci_emission_rate_local: 0.0361750518010295
ci_emission_rate_myopic: 0.021385958900323337
ci_emission_rate_true: 0.03710654979749042
ci_emissions: 71511.74276972353
ci_fraction_clean: 1.0232417088662726
ci_fraction_clean_excess: 0.19999996457855806
ci_fraction_clean_used: 0.9000000198942358
ci_fraction_clean_used_grid: 0.07675827560652118
ci_fraction_clean_used_local: 0.8232417442877147
ci_generation_H2_Fuel_Cell: 0.17880925697363786
ci_generation_adv_geothermal: 0.028962700784807414
ci_generation_allam_ccs: 0.04494833379746001
ci_generation_battery_discharger: 291465.42403693043
ci_generation_onwind: 1061088.3098229906
ci_generation_solar: 923047.7454799775
ci_marginal_cost_adv_geothermal: 0.0
ci_marginal_cost_allam_ccs: 3.723053840912576
ci_marginal_cost_grid: 35445409.908255294
ci_marginal_cost_onwind: 15916.324647344869
ci_marginal_cost_solar: 9230.477454799779
ci_revenue_grid: 19685068.762500644
ci_total_cost: 148632304.0601508
co2_price: 130.0
emissions: 296585380.1249435
emissions_zone: 2.2788192630446917
objective: 164498241158.9139
system_emission_rate: 0.09231955532062693
system_emissions: 98861793.37498131
system_grid_cfe_wavg: 0.7260774223959241
system_inv_H2_Electrolysis-2030: 7891.584708531669
system_inv_H2_Fuel_Cell-2030: 1738.1461796958868
system_inv_OCGT-2030: 69293.23133778729
system_inv_battery_charger-2030: 28122.78883649059
system_inv_battery_discharger-2030: 28702.6981499114
system_inv_offwind-ac-2030: 6092.0397877546575
system_inv_offwind-dc-2030: 58181.599589706246
system_inv_onwind-2030: 222402.6867773099
system_inv_solar-2030: 390807.79698906856
system_inv_solar_rooftop-2030: 0.0
zone_average_marginal_price: 72.50221736386703
