ci_average cost: 93.74942729213568
ci_average_revenue: 18.745020261603084
ci_cap_H2_Electrolysis: 0.31924307884294306
ci_cap_H2_Fuel_Cell: 0.15258867813250693
ci_cap_adv_geothermal: 0.001004344550679584
ci_cap_allam_ccs: 110.51357784045993
ci_cap_battery_charger: 168.54099319907945
ci_cap_battery_discharger: 172.01641280335852
ci_cap_onwind: 367.4653266401658
ci_cap_solar: 970.1241282951655
ci_capital_cost_adv_geothermal: 809.3651522525062
ci_capital_cost_allam_ccs: 26802266.689735718
ci_capital_cost_battery_inverter: 4012180.1151671736
ci_capital_cost_battery_storage: 13526768.236262148
ci_capital_cost_grid: 0.0
ci_capital_cost_hydrogen_electrolysis: 21250.2660529141
ci_capital_cost_hydrogen_fuel_cell: 32290.091727961448
ci_capital_cost_hydrogen_storage: 10255.314719003842
ci_capital_cost_onwind: 40195991.2217662
ci_capital_cost_solar: 46557172.4707719
ci_clean_excess_total: 385434.39710048126
ci_clean_total: 2244135.0739390356
ci_clean_used_grid_total: 49232.891111718156
ci_clean_used_local_total: 1858700.6768385547
ci_clean_used_total: 1907933.567950273
ci_cost_adv_geothermal: 809.3651522525062
ci_cost_allam_ccs: 71803639.19458239
ci_cost_battery_inverter: 4012180.1151671736
ci_cost_battery_storage: 13526768.236262148
ci_cost_grid: 4492094.124410227
ci_cost_hydrogen_electrolysis: 21250.2660529141
ci_cost_hydrogen_fuel_cell: 32290.091727961448
ci_cost_hydrogen_storage: 10255.314719003842
ci_cost_onwind: 40208898.290819205
ci_cost_solar: 46565711.27851068
ci_demand_total: 1927200.0
ci_emission_rate_local: 0.0033066628095748747
ci_emission_rate_myopic: 0.004071531654919595
ci_emission_rate_true: 0.0038936208457184106
ci_emissions: 7503.786093868521
ci_fraction_clean: 1.1644536498230778
ci_fraction_clean_excess: 0.1999970927254469
ci_fraction_clean_used: 0.9900028891398261
ci_fraction_clean_used_grid: 0.025546332042194975
ci_fraction_clean_used_local: 0.9644565570976311
ci_generation_H2_Fuel_Cell: 448.27553563110826
ci_generation_adv_geothermal: 6.8199299777315705
ci_generation_allam_ccs: 543300.4192590145
ci_generation_battery_discharger: 303697.4551874324
ci_generation_onwind: 860471.2701998972
ci_generation_solar: 853880.7738784114
ci_marginal_cost_adv_geothermal: 0.0
ci_marginal_cost_allam_ccs: 45001372.50484667
ci_marginal_cost_grid: 4492094.124410227
ci_marginal_cost_onwind: 12907.069052998468
ci_marginal_cost_solar: 8538.807738784117
ci_revenue_grid: 36125403.04816146
ci_total_cost: 180673896.2774039
co2_price: 130.0
emissions: 296457805.1550673
emissions_zone: 2.150958820736739
objective: 164514194376.93607
system_emission_rate: 0.09227984444720484
system_emissions: 98819268.3850227
system_grid_cfe_wavg: 0.7310000204778219
system_inv_H2_Electrolysis-2030: 7856.029152580957
system_inv_H2_Fuel_Cell-2030: 1730.481754847435
system_inv_OCGT-2030: 69305.8290030187
system_inv_battery_charger-2030: 28119.222013165898
system_inv_battery_discharger-2030: 28699.057776481935
system_inv_offwind-ac-2030: 6091.998145706176
system_inv_offwind-dc-2030: 58181.73804343628
system_inv_onwind-2030: 222375.7540593601
system_inv_solar-2030: 390829.3002407513
system_inv_solar_rooftop-2030: 0.0
zone_average_marginal_price: 72.87026378437501
