ci_average cost: 81.10734609885773
ci_average_revenue: 13.572119763090491
ci_cap_H2_Electrolysis: 0.0
ci_cap_H2_Fuel_Cell: 0.0
ci_cap_adv_geothermal: 0.0
ci_cap_allam_ccs: 0.0
ci_cap_battery_charger: 0.0
ci_cap_battery_discharger: 0.0
ci_cap_onwind: 714.7632330384442
ci_cap_solar: 745.6086852023149
ci_capital_cost_adv_geothermal: 0.0
ci_capital_cost_allam_ccs: 0.0
ci_capital_cost_battery_inverter: 0.0
ci_capital_cost_battery_storage: 0.0
ci_capital_cost_grid: 0.0
ci_capital_cost_hydrogen_electrolysis: 0.0
ci_capital_cost_hydrogen_fuel_cell: 0.0
ci_capital_cost_hydrogen_storage: 0.0
ci_capital_cost_onwind: 78185925.46825106
ci_capital_cost_solar: 35782464.47047227
ci_clean_excess_total: 385431.97842800646
ci_clean_total: 1927200.0000250041
ci_clean_used_grid_total: 112636.64704879977
ci_clean_used_local_total: 1541768.0215969975
ci_clean_used_total: 1654404.6686457973
ci_cost_adv_geothermal: 0.0
ci_cost_allam_ccs: 0.0
ci_cost_battery_inverter: 0.0
ci_cost_battery_storage: 0.0
ci_cost_grid: 42315925.17371466
ci_cost_hydrogen_electrolysis: 0.0
ci_cost_hydrogen_fuel_cell: 0.0
ci_cost_hydrogen_storage: 0.0
ci_cost_onwind: 78205396.33609216
ci_cost_solar: 35788755.89191179
ci_demand_total: 1927200.0
ci_emission_rate_local: 0.05088108842788232
ci_emission_rate_myopic: 0.02445240261087644
ci_emission_rate_true: 0.050560790483569894
ci_emissions: 97440.75541993589
ci_fraction_clean: 1.0000000000129743
ci_fraction_clean_excess: 0.19999583770652057
ci_fraction_clean_used: 0.8584499110864453
ci_fraction_clean_used_grid: 0.05844574877999158
ci_fraction_clean_used_local: 0.8000041623064537
ci_generation_H2_Fuel_Cell: -0.0
ci_generation_adv_geothermal: 0.0
ci_generation_allam_ccs: 0.0
ci_generation_battery_discharger: -0.0
ci_generation_onwind: 1298057.856072713
ci_generation_solar: 629142.1439522912
ci_marginal_cost_adv_geothermal: 0.0
ci_marginal_cost_allam_ccs: 0.0
ci_marginal_cost_grid: 42315925.17371466
ci_marginal_cost_onwind: 19470.867841090705
ci_marginal_cost_solar: 6291.421439522915
ci_revenue_grid: 26156189.207427993
ci_total_cost: 156310077.40171862
co2_price: 130.0
emissions: 296614575.77528095
emissions_zone: 2.2787775479913703
objective: 164498966041.10788
system_emission_rate: 0.09232864319088992
system_emissions: 98871525.25842723
system_grid_cfe_wavg: 0.7234624702630551
system_inv_H2_Electrolysis-2030: 7876.882557452162
system_inv_H2_Fuel_Cell-2030: 1739.516552285667
system_inv_OCGT-2030: 69283.40142859142
system_inv_battery_charger-2030: 28143.712111766166
system_inv_battery_discharger-2030: 28724.05287607438
system_inv_offwind-ac-2030: 6091.798701254436
system_inv_offwind-dc-2030: 58177.24015543377
system_inv_onwind-2030: 222348.89720314453
system_inv_solar-2030: 390769.66846359917
system_inv_solar_rooftop-2030: 0.0
zone_average_marginal_price: 71.202620672822
