ci_average cost: 104.86054949726592
ci_average_revenue: 18.169505518322726
ci_cap_H2_Electrolysis: 588.5115073322519
ci_cap_H2_Fuel_Cell: 426.95704466275504
ci_cap_battery_charger: 286.19783845999825
ci_cap_battery_discharger: 292.0994150414967
ci_cap_onwind: 1695.6707921401583
ci_cap_solar: 2746.0996248898364
ci_capital_cost_battery_inverter: 6813044.439086073
ci_capital_cost_battery_storage: 27366390.219844148
ci_capital_cost_grid: 0.0
ci_capital_cost_hydrogen_electrolysis: 39173992.90640348
ci_capital_cost_hydrogen_fuel_cell: 90350623.02648437
ci_capital_cost_hydrogen_storage: 21986216.44601003
ci_capital_cost_onwind: 185484624.90071848
ci_capital_cost_solar: 131787912.62783527
ci_clean_excess_total: 963597.055308672
ci_clean_total: 5651637.775832238
ci_clean_used_grid_total: 129962.15315530909
ci_clean_used_local_total: 4688040.720523566
ci_clean_used_total: 4818002.873678875
ci_cost_battery_inverter: 6813044.439086073
ci_cost_battery_storage: 27366390.219844148
ci_cost_grid: 2159379.455202619
ci_cost_hydrogen_electrolysis: 39173992.90640348
ci_cost_hydrogen_fuel_cell: 90350623.02648437
ci_cost_hydrogen_storage: 21986216.44601003
ci_cost_onwind: 185555640.01066563
ci_cost_solar: 131812840.97413078
ci_demand_total: 4818000.0
ci_emission_rate_local: 3.0912693108450504e-09
ci_emission_rate_myopic: 0.002192282833260543
ci_emission_rate_true: 0.0002587197589449166
ci_emissions: 1246.511798596608
ci_fraction_clean: 1.173025690293117
ci_fraction_clean_excess: 0.19999938881458532
ci_fraction_clean_used: 1.000000596446425
ci_fraction_clean_used_grid: 0.026974294967893126
ci_fraction_clean_used_local: 0.9730263014785318
ci_generation_H2_Fuel_Cell: 800911.5092372348
ci_generation_battery_discharger: 499847.875072342
ci_generation_onwind: 4734340.663143121
ci_generation_solar: 2492834.6295503797
ci_marginal_cost_grid: 2159379.455202619
ci_marginal_cost_onwind: 71015.10994714686
ci_marginal_cost_solar: 24928.346295503805
ci_revenue_grid: 87540677.5872789
ci_total_cost: 505218127.4778272
co2_price: 130.0
emissions: 296208746.70303303
emissions_zone: 1.9092770187723518
objective: 164604170198.49814
system_emission_rate: 0.09228536025766608
system_emissions: 98736248.90101075
system_grid_cfe_wavg: 0.7264698541700478
system_inv_H2_Electrolysis-2030: 7775.931301273602
system_inv_H2_Fuel_Cell-2030: 1714.916081010984
system_inv_OCGT-2030: 69316.60660595697
system_inv_battery_charger-2030: 28125.67294989002
system_inv_battery_discharger-2030: 28705.641735514357
system_inv_offwind-ac-2030: 6090.641610313657
system_inv_offwind-dc-2030: 57836.48404204856
system_inv_onwind-2030: 222314.2898184559
system_inv_solar-2030: 389523.04596900375
system_inv_solar_rooftop-2030: 0.0
zone_average_marginal_price: 70.38341584125415
