ci_average cost: 76.53726937878743
ci_average_revenue: 10.940045198444684
ci_cap_H2_Electrolysis: 0.04163767276575326
ci_cap_H2_Fuel_Cell: 0.011700829087357869
ci_cap_battery_charger: 155.246587288601
ci_cap_battery_discharger: 158.44786801395495
ci_cap_onwind: 995.7426130453422
ci_cap_solar: 2530.438627518104
ci_capital_cost_battery_inverter: 3695701.9099273463
ci_capital_cost_battery_storage: 11350836.447033249
ci_capital_cost_grid: 0.0
ci_capital_cost_hydrogen_electrolysis: 2771.592190199776
ci_capital_cost_hydrogen_fuel_cell: 2476.0739076321775
ci_capital_cost_hydrogen_storage: 1607.4376446118802
ci_capital_cost_onwind: 108921463.9625109
ci_capital_cost_solar: 121438137.83406833
ci_clean_excess_total: 963574.4224682949
ci_clean_total: 4616799.050607483
ci_clean_used_grid_total: 442100.9489401611
ci_clean_used_local_total: 3653224.628139188
ci_clean_used_total: 4095325.577079349
ci_cost_battery_inverter: 3695701.9099273463
ci_cost_battery_storage: 11350836.447033249
ci_cost_grid: 123285210.58829594
ci_cost_hydrogen_electrolysis: 2771.592190199776
ci_cost_hydrogen_fuel_cell: 2476.0739076321775
ci_cost_hydrogen_storage: 1607.4376446118802
ci_cost_onwind: 108957609.11666088
ci_cost_solar: 121460350.70133802
ci_demand_total: 4818000.0
ci_emission_rate_local: 0.06052631668240178
ci_emission_rate_myopic: 0.02954637114353824
ci_emission_rate_true: 0.055365653030084575
ci_emissions: 266751.71629894746
ci_fraction_clean: 0.9582397365312335
ci_fraction_clean_excess: 0.19999469125535385
ci_fraction_clean_used: 0.8500053086507574
ci_fraction_clean_used_grid: 0.09176026337487776
ci_fraction_clean_used_local: 0.7582450452758797
ci_generation_H2_Fuel_Cell: 55.111279598699554
ci_generation_battery_discharger: 337384.2215918189
ci_generation_onwind: 2409676.9433323666
ci_generation_solar: 2221286.7269698624
ci_marginal_cost_grid: 123285210.58829594
ci_marginal_cost_onwind: 36145.15414998552
ci_marginal_cost_solar: 22212.867269698632
ci_revenue_grid: 52709137.76610649
ci_total_cost: 368756563.86699784
co2_price: 130.0
emissions: 296659140.09113824
emissions_zone: 2.3419646062420836
objective: 164505834380.67322
system_emission_rate: 0.09242568263687254
system_emissions: 98886380.03037977
system_grid_cfe_wavg: 0.7063084490120571
system_inv_H2_Electrolysis-2030: 7878.159344121965
system_inv_H2_Fuel_Cell-2030: 1736.9212665650532
system_inv_OCGT-2030: 69297.46201539104
system_inv_battery_charger-2030: 28120.970144908
system_inv_battery_discharger-2030: 28700.841955782635
system_inv_offwind-ac-2030: 6091.979418008426
system_inv_offwind-dc-2030: 57876.54066276496
system_inv_onwind-2030: 222354.3095627064
system_inv_solar-2030: 389246.9690422964
system_inv_solar_rooftop-2030: 0.0
zone_average_marginal_price: 73.37770670802897
