ci_average cost: 75.57918617976902
ci_average_revenue: 10.580349957530133
ci_cap_H2_Electrolysis: 0.010578545160061853
ci_cap_H2_Fuel_Cell: 0.0028821394958412194
ci_cap_battery_charger: 0.07848035797467798
ci_cap_battery_discharger: 0.08009867153435814
ci_cap_onwind: 899.1098526425197
ci_cap_solar: 2276.3395193855863
ci_capital_cost_battery_inverter: 1868.2536854714838
ci_capital_cost_battery_storage: 5571.99932623562
ci_capital_cost_grid: 0.0
ci_capital_cost_hydrogen_electrolysis: 704.1559050201796
ci_capital_cost_hydrogen_fuel_cell: 609.9046785940235
ci_capital_cost_hydrogen_storage: 406.37984168535826
ci_capital_cost_onwind: 98351080.01798578
ci_capital_cost_solar: 109243681.82895435
ci_clean_excess_total: 963590.7260498414
ci_clean_total: 4287034.469657071
ci_clean_used_grid_total: 598604.3355870558
ci_clean_used_local_total: 3323443.7436072296
ci_clean_used_total: 3922048.0791942854
ci_cost_battery_inverter: 1868.2536854714838
ci_cost_battery_storage: 5571.99932623562
ci_cost_grid: 156482294.00556862
ci_cost_hydrogen_electrolysis: 704.1559050201796
ci_cost_hydrogen_fuel_cell: 609.9046785940235
ci_cost_hydrogen_storage: 406.37984168535826
ci_cost_onwind: 98385375.33184747
ci_cost_solar: 109263688.98327406
ci_demand_total: 4818000.0
ci_emission_rate_local: 0.07676472796920042
ci_emission_rate_myopic: 0.037204944542199775
ci_emission_rate_true: 0.06901705769500359
ci_emissions: 332524.1839745273
ci_fraction_clean: 0.8897954482476278
ci_fraction_clean_excess: 0.19999807514525558
ci_fraction_clean_used: 0.8140406972175769
ci_fraction_clean_used_grid: 0.1242433241152046
ci_fraction_clean_used_local: 0.6897973731023722
ci_generation_H2_Fuel_Cell: 13.343660252182058
ci_generation_battery_discharger: 223.61749951834625
ci_generation_onwind: 2286354.2574464264
ci_generation_solar: 2000715.4319701104
ci_marginal_cost_grid: 156482294.00556862
ci_marginal_cost_onwind: 34295.31386169642
ci_marginal_cost_solar: 20007.154319701112
ci_revenue_grid: 50976126.09538019
ci_total_cost: 364140519.01412714
co2_price: 130.0
emissions: 296773522.97626984
emissions_zone: 2.4435965936576016
objective: 164503654061.0305
system_emission_rate: 0.09246131921370912
system_emissions: 98924507.6587565
system_grid_cfe_wavg: 0.7024946188026759
system_inv_H2_Electrolysis-2030: 7873.327575737867
system_inv_H2_Fuel_Cell-2030: 1734.7529254881013
system_inv_OCGT-2030: 69269.1313659035
system_inv_battery_charger-2030: 28162.614356848684
system_inv_battery_discharger-2030: 28743.344897150713
system_inv_offwind-ac-2030: 6092.799368773385
system_inv_offwind-dc-2030: 57899.18656246407
system_inv_onwind-2030: 222346.41307953582
system_inv_solar-2030: 389220.7311216552
system_inv_solar_rooftop-2030: 0.0
zone_average_marginal_price: 74.1995043457657
