ci_average cost: 78.71513346095247
ci_average_revenue: 11.440197536089018
ci_cap_H2_Electrolysis: 0.024414997202738504
ci_cap_H2_Fuel_Cell: 0.007230294493821161
ci_cap_battery_charger: 401.0408253918201
ci_cap_battery_discharger: 409.31053545005295
ci_cap_onwind: 1015.4355455783674
ci_cap_solar: 2923.7170960758926
ci_capital_cost_battery_inverter: 9546923.834171873
ci_capital_cost_battery_storage: 31941176.134976618
ci_capital_cost_grid: 0.0
ci_capital_cost_hydrogen_electrolysis: 1625.1728561188052
ci_capital_cost_hydrogen_fuel_cell: 1530.040598575203
ci_capital_cost_hydrogen_storage: 825.4879265070941
ci_capital_cost_onwind: 111075618.07132414
ci_capital_cost_solar: 140311942.69640353
ci_clean_excess_total: 963591.3589976361
ci_clean_total: 4951276.249235857
ci_clean_used_grid_total: 348523.670128119
ci_clean_used_local_total: 3987684.890238221
ci_clean_used_total: 4336208.56036634
ci_cost_battery_inverter: 9546923.834171873
ci_cost_battery_storage: 31941176.134976618
ci_cost_grid: 86307909.34033611
ci_cost_hydrogen_electrolysis: 1625.1728561188052
ci_cost_hydrogen_fuel_cell: 1530.040598575203
ci_cost_hydrogen_storage: 825.4879265070941
ci_cost_onwind: 111112002.73055036
ci_cost_solar: 140337520.27345294
ci_demand_total: 4818000.0
ci_emission_rate_local: 0.04201385743576551
ci_emission_rate_myopic: 0.021223087563873616
ci_emission_rate_true: 0.03841378144709693
ci_emissions: 185077.599012113
ci_fraction_clean: 1.02766215218677
ci_fraction_clean_excess: 0.19999820651673644
ci_fraction_clean_used: 0.9000017767468534
ci_fraction_clean_used_grid: 0.07233783107682006
ci_fraction_clean_used_local: 0.8276639456700334
ci_generation_H2_Fuel_Cell: 33.51610467657807
ci_generation_battery_discharger: 769450.2627997617
ci_generation_onwind: 2425643.948414598
ci_generation_solar: 2557757.7049416583
ci_marginal_cost_grid: 86307909.34033611
ci_marginal_cost_onwind: 36384.659226218995
ci_marginal_cost_solar: 25577.57704941659
ci_revenue_grid: 55118871.72887689
ci_total_cost: 379249513.01486903
co2_price: 130.0
emissions: 296542358.6701048
emissions_zone: 2.2442331116239376
objective: 164512431767.61203
system_emission_rate: 0.09238929878382444
system_emissions: 98847452.89003482
system_grid_cfe_wavg: 0.7126116746987515
system_inv_H2_Electrolysis-2030: 7871.865921972441
system_inv_H2_Fuel_Cell-2030: 1734.5169302885608
system_inv_OCGT-2030: 69295.95393758343
system_inv_battery_charger-2030: 28124.72140407279
system_inv_battery_discharger-2030: 28704.670568233374
system_inv_offwind-ac-2030: 6092.071422054988
system_inv_offwind-dc-2030: 57836.58693471272
system_inv_onwind-2030: 222377.200725389
system_inv_solar-2030: 389319.9784174066
system_inv_solar_rooftop-2030: 0.0
zone_average_marginal_price: 72.66044722373823
