ci_average cost: 91.4380888796705
ci_average_revenue: 16.247009341160258
ci_cap_H2_Electrolysis: 228.1664225131737
ci_cap_H2_Fuel_Cell: 124.00855652744757
ci_cap_battery_charger: 563.9731690050263
ci_cap_battery_discharger: 575.602644841402
ci_cap_onwind: 1245.5008173951728
ci_cap_solar: 3500.6124271492563
ci_capital_cost_battery_inverter: 13425587.990317725
ci_capital_cost_battery_storage: 52724389.9870455
ci_capital_cost_grid: 0.0
ci_capital_cost_hydrogen_electrolysis: 15187791.072306685
ci_capital_cost_hydrogen_fuel_cell: 26242102.063733157
ci_capital_cost_hydrogen_storage: 9926581.883723015
ci_capital_cost_onwind: 136241806.4868021
ci_capital_cost_solar: 167997694.0791315
ci_clean_excess_total: 963594.0779947124
ci_clean_total: 5535924.828294661
ci_clean_used_grid_total: 149315.05720472417
ci_clean_used_local_total: 4572330.750299949
ci_clean_used_total: 4721645.8075046735
ci_cost_battery_inverter: 13425587.990317725
ci_cost_battery_storage: 52724389.9870455
ci_cost_grid: 18724855.110495288
ci_cost_hydrogen_electrolysis: 15187791.072306685
ci_cost_hydrogen_fuel_cell: 26242102.063733157
ci_cost_hydrogen_storage: 9926581.883723015
ci_cost_onwind: 136288539.99559695
ci_cost_solar: 168028864.11903426
ci_demand_total: 4818000.0
ci_emission_rate_local: 0.007992007780822534
ci_emission_rate_myopic: 0.0060680072566512136
ci_emission_rate_true: 0.007877098944008613
ci_emissions: 37951.8627122335
ci_fraction_clean: 1.1490088892267873
ci_fraction_clean_excess: 0.19999877085818024
ci_fraction_clean_used: 0.9800012053766446
ci_fraction_clean_used_grid: 0.030991087008037394
ci_fraction_clean_used_local: 0.9490101183686072
ci_generation_H2_Fuel_Cell: 336539.08421461424
ci_generation_battery_discharger: 1040754.6506752986
ci_generation_onwind: 3115567.252989971
ci_generation_solar: 3117003.990275137
ci_marginal_cost_grid: 18724855.110495288
ci_marginal_cost_onwind: 46733.5087948496
ci_marginal_cost_solar: 31170.03990275138
ci_revenue_grid: 78278091.00571012
ci_total_cost: 440548712.2222525
co2_price: 130.0
emissions: 296285707.7665079
emissions_zone: 1.9787893656637454
objective: 164547318233.29657
system_emission_rate: 0.09230933787327582
system_emissions: 98761902.58883604
system_grid_cfe_wavg: 0.7205872378434577
system_inv_H2_Electrolysis-2030: 7802.523393983069
system_inv_H2_Fuel_Cell-2030: 1720.8632476970051
system_inv_OCGT-2030: 69314.43910493077
system_inv_battery_charger-2030: 28121.27699535598
system_inv_battery_discharger-2030: 28701.155133676788
system_inv_offwind-ac-2030: 6091.247271490987
system_inv_offwind-dc-2030: 57836.46556413891
system_inv_onwind-2030: 222355.23645091293
system_inv_solar-2030: 389313.46595754655
system_inv_solar_rooftop-2030: 0.0
zone_average_marginal_price: 70.81571085807043
