ci_average cost: 94.77647504108575
ci_average_revenue: 16.802235012913997
ci_cap_H2_Electrolysis: 343.26434291733045
ci_cap_H2_Fuel_Cell: 205.43545042649868
ci_cap_battery_charger: 495.2523014255197
ci_cap_battery_discharger: 505.4647104351515
ci_cap_onwind: 1346.9529191145773
ci_cap_solar: 3382.6582424502312
ci_capital_cost_battery_inverter: 11789662.550660122
ci_capital_cost_battery_storage: 43956401.35680868
ci_capital_cost_grid: 0.0
ci_capital_cost_hydrogen_electrolysis: 22849230.24771554
ci_capital_cost_hydrogen_fuel_cell: 43473274.81719325
ci_capital_cost_hydrogen_storage: 14207333.137434814
ci_capital_cost_onwind: 147339364.52698204
ci_capital_cost_solar: 162336961.4362558
ci_clean_excess_total: 963589.2023266323
ci_clean_total: 5586650.279151846
ci_clean_used_grid_total: 146769.6136706128
ci_clean_used_local_total: 4623061.076825213
ci_clean_used_total: 4769830.690495825
ci_cost_battery_inverter: 11789662.550660122
ci_cost_battery_storage: 43956401.35680868
ci_cost_grid: 10597118.449100107
ci_cost_hydrogen_electrolysis: 22849230.24771554
ci_cost_hydrogen_fuel_cell: 43473274.81719325
ci_cost_hydrogen_storage: 14207333.137434814
ci_cost_onwind: 147392718.4127438
ci_cost_solar: 162367317.77629477
ci_demand_total: 4818000.0
ci_emission_rate_local: 0.0038414404798071426
ci_emission_rate_myopic: 0.004406802152243411
ci_emission_rate_true: 0.004151719390651612
ci_emissions: 20002.984024159465
ci_fraction_clean: 1.1595372102847334
ci_fraction_clean_excess: 0.19999775888888177
ci_fraction_clean_used: 0.9900022188658832
ci_fraction_clean_used_grid: 0.030462767470031713
ci_fraction_clean_used_local: 0.9595394513958515
ci_generation_H2_Fuel_Cell: 498314.66710033105
ci_generation_battery_discharger: 926228.0837680154
ci_generation_onwind: 3556925.7174510537
ci_generation_solar: 3035634.00389674
ci_marginal_cost_grid: 10597118.449100107
ci_marginal_cost_onwind: 53353.88576176584
ci_marginal_cost_solar: 30356.34003896741
ci_revenue_grid: 80953168.29221964
ci_total_cost: 456633056.7479511
co2_price: 130.0
emissions: 296255269.2357974
emissions_zone: 1.949936067635667
objective: 164560531660.89877
system_emission_rate: 0.09229985459230033
system_emissions: 98751756.41193238
system_grid_cfe_wavg: 0.7226954810481448
system_inv_H2_Electrolysis-2030: 7791.165376160491
system_inv_H2_Fuel_Cell-2030: 1718.3196159135916
system_inv_OCGT-2030: 69315.35431560059
system_inv_battery_charger-2030: 28120.045687846818
system_inv_battery_discharger-2030: 28699.898435844618
system_inv_offwind-ac-2030: 6091.2145824667205
system_inv_offwind-dc-2030: 57836.588197731995
system_inv_onwind-2030: 222384.91210684544
system_inv_solar-2030: 389267.51653003116
system_inv_solar_rooftop-2030: 0.0
zone_average_marginal_price: 70.47221348777627
