ci_average cost: 85.6121085368027
ci_average_revenue: 14.659788422354175
ci_cap_H2_Electrolysis: 0.13792999459039043
ci_cap_H2_Fuel_Cell: 0.051740834628712075
ci_cap_battery_charger: 640.2045266083826
ci_cap_battery_discharger: 653.4059402246821
ci_cap_onwind: 995.1222862693339
ci_cap_solar: 3719.843647413132
ci_capital_cost_battery_inverter: 15240303.397667388
ci_capital_cost_battery_storage: 61520768.60562767
ci_capital_cost_grid: 0.0
ci_capital_cost_hydrogen_electrolysis: 9181.245502160997
ci_capital_cost_hydrogen_fuel_cell: 10949.149810391298
ci_capital_cost_hydrogen_storage: 4695.08512438922
ci_capital_cost_onwind: 108853608.17358235
ci_capital_cost_solar: 178518807.2388875
ci_clean_excess_total: 963592.9464775118
ci_clean_total: 5280260.337682455
ci_clean_used_grid_total: 260439.53108879013
ci_clean_used_local_total: 4316667.391204943
ci_clean_used_total: 4577106.922293733
ci_cost_battery_inverter: 15240303.397667388
ci_cost_battery_storage: 61520768.60562767
ci_cost_grid: 48256835.07839951
ci_cost_hydrogen_electrolysis: 9181.245502160997
ci_cost_hydrogen_fuel_cell: 10949.149810391298
ci_cost_hydrogen_storage: 4695.08512438922
ci_cost_onwind: 108885600.54508592
ci_cost_solar: 178550805.8230979
ci_demand_total: 4818000.0
ci_emission_rate_local: 0.02183940615048267
ci_emission_rate_myopic: 0.012934943427259956
ci_emission_rate_true: 0.020031224234900332
ci_emissions: 96510.43836374981
ci_fraction_clean: 1.0959444453471263
ci_fraction_clean_excess: 0.19999853600612533
ci_fraction_clean_used: 0.9500014367566901
ci_fraction_clean_used_grid: 0.05405552741568911
ci_fraction_clean_used_local: 0.895945909341001
ci_generation_H2_Fuel_Cell: 198.45606324356586
ci_generation_battery_discharger: 1248905.9674100608
ci_generation_onwind: 2132824.766905346
ci_generation_solar: 3199858.4210421336
ci_marginal_cost_grid: 48256835.07839951
ci_marginal_cost_onwind: 31992.37150358021
ci_marginal_cost_solar: 31998.584210421348
ci_revenue_grid: 70630860.61890242
ci_total_cost: 412479138.9303154
co2_price: 130.0
emissions: 296409015.14897305
emissions_zone: 2.1056919739999205
objective: 164526543745.3071
system_emission_rate: 0.09234775492321062
system_emissions: 98803005.04965773
system_grid_cfe_wavg: 0.7179298757407314
system_inv_H2_Electrolysis-2030: 7832.407813937996
system_inv_H2_Fuel_Cell-2030: 1724.4741260109188
system_inv_OCGT-2030: 69312.00816354739
system_inv_battery_charger-2030: 28121.521545155367
system_inv_battery_discharger-2030: 28701.404726244407
system_inv_offwind-ac-2030: 6092.625304456831
system_inv_offwind-dc-2030: 57840.48959912908
system_inv_onwind-2030: 222329.92134218646
system_inv_solar-2030: 389191.5988229982
system_inv_solar_rooftop-2030: 0.0
zone_average_marginal_price: 71.37314672699608
