ci_average cost: 83.34062502897257
ci_average_revenue: 0.0
ci_cap_H2_Electrolysis: 0.0
ci_cap_H2_Fuel_Cell: 0.0
ci_cap_battery_charger: 0.0
ci_cap_battery_discharger: 0.0
ci_cap_onwind: 0.0
ci_cap_solar: 0.0
ci_capital_cost_battery_inverter: 0.0
ci_capital_cost_battery_storage: 0.0
ci_capital_cost_grid: 0.0
ci_capital_cost_hydrogen_electrolysis: 0.0
ci_capital_cost_hydrogen_fuel_cell: 0.0
ci_capital_cost_hydrogen_storage: 0.0
ci_capital_cost_onwind: 0.0
ci_capital_cost_solar: 0.0
ci_clean_excess_total: 0.0
ci_clean_total: 0.0
ci_clean_used_grid_total: 3261600.901592112
ci_clean_used_local_total: 0.0
ci_clean_used_total: 3261600.901592112
ci_cost_battery_inverter: 0.0
ci_cost_battery_storage: 0.0
ci_cost_grid: 401535131.38958985
ci_cost_hydrogen_electrolysis: 0.0
ci_cost_hydrogen_fuel_cell: 0.0
ci_cost_hydrogen_storage: 0.0
ci_cost_onwind: 0.0
ci_cost_solar: 0.0
ci_demand_total: 4818000.0
ci_emission_rate_local: 0.13109591385684388
ci_emission_rate_myopic: 0.09164728350555618
ci_emission_rate_true: 0.12151936016407124
ci_emissions: 585480.2772704951
ci_fraction_clean: 0.0
ci_fraction_clean_excess: 0.0
ci_fraction_clean_used: 0.6769615818995667
ci_fraction_clean_used_grid: 0.6769615818995667
ci_fraction_clean_used_local: 0.0
ci_generation_H2_Fuel_Cell: -0.0
ci_generation_battery_discharger: -0.0
ci_generation_onwind: 0.0
ci_generation_solar: 0.0
ci_marginal_cost_grid: 401535131.38958985
ci_marginal_cost_onwind: 0.0
ci_marginal_cost_solar: 0.0
ci_revenue_grid: 0.0
ci_total_cost: 401535131.38958985
co2_price: 130.0
emissions: 297754505.022681
emissions_zone: 2.761825517268572
objective: 164561407708.4523
system_emission_rate: 0.09276694922148922
system_emissions: 99251501.67422697
system_grid_cfe_wavg: 0.676421942591467
system_inv_H2_Electrolysis-2030: 7278.43128023199
system_inv_H2_Fuel_Cell-2030: 1604.3111505949746
system_inv_OCGT-2030: 69452.0679662619
system_inv_battery_charger-2030: 28146.19907684627
system_inv_battery_discharger-2030: 28726.591123913833
system_inv_offwind-ac-2030: 6089.232516873587
system_inv_offwind-dc-2030: 58000.91917755808
system_inv_onwind-2030: 221782.7809930447
system_inv_solar-2030: 390681.9055648743
system_inv_solar_rooftop-2030: 0.0
zone_average_marginal_price: 83.34062502897257
