ci_average cost: 81.5061164314264
ci_average_revenue: 13.057966567099585
ci_cap_H2_Electrolysis: 0.0
ci_cap_H2_Fuel_Cell: 0.0
ci_cap_battery_charger: 0.0
ci_cap_battery_discharger: 0.0
ci_cap_onwind: 1765.5356499764364
ci_cap_solar: 1954.8501967325672
ci_capital_cost_battery_inverter: 0.0
ci_capital_cost_battery_storage: 0.0
ci_capital_cost_grid: 0.0
ci_capital_cost_hydrogen_electrolysis: 0.0
ci_capital_cost_hydrogen_fuel_cell: 0.0
ci_capital_cost_hydrogen_storage: 0.0
ci_capital_cost_onwind: 193126943.80458322
ci_capital_cost_solar: 93815105.82953928
ci_clean_excess_total: 963598.3328964787
ci_clean_total: 4818000.000014768
ci_clean_used_grid_total: 255383.1618225968
ci_clean_used_local_total: 3854401.6671182886
ci_clean_used_total: 4109784.828940885
ci_cost_battery_inverter: 0.0
ci_cost_battery_storage: 0.0
ci_cost_grid: 105690460.83681749
ci_cost_hydrogen_electrolysis: 0.0
ci_cost_hydrogen_fuel_cell: 0.0
ci_cost_hydrogen_storage: 0.0
ci_cost_onwind: 193174279.2916001
ci_cost_solar: 93831728.83819483
ci_demand_total: 4818000.0
ci_emission_rate_local: 0.05915906695983512
ci_emission_rate_myopic: 0.024546647621410168
ci_emission_rate_true: 0.05255592427298541
ci_emissions: 253214.44314724367
ci_fraction_clean: 1.000000000003065
ci_fraction_clean_excess: 0.19999965398432518
ci_fraction_clean_used: 0.8530063987008895
ci_fraction_clean_used_grid: 0.053006052682149606
ci_fraction_clean_used_local: 0.8000003460187398
ci_generation_H2_Fuel_Cell: -0.0
ci_generation_battery_discharger: -0.0
ci_generation_onwind: 3155699.13445962
ci_generation_solar: 1662300.8655551476
ci_marginal_cost_grid: 105690460.83681749
ci_marginal_cost_onwind: 47335.48701689433
ci_marginal_cost_solar: 16623.008655551483
ci_revenue_grid: 62913282.9202858
ci_total_cost: 392696468.96661246
co2_price: 130.0
emissions: 296620189.20186317
emissions_zone: 2.2651838610454376
objective: 164515204283.03674
system_emission_rate: 0.09241354728675476
system_emissions: 98873396.40062112
system_grid_cfe_wavg: 0.707268931414723
system_inv_H2_Electrolysis-2030: 7843.113052880905
system_inv_H2_Fuel_Cell-2030: 1739.6419020730816
system_inv_OCGT-2030: 69299.39897079964
system_inv_battery_charger-2030: 28137.52908588358
system_inv_battery_discharger-2030: 28717.742352370875
system_inv_offwind-ac-2030: 6091.806648304904
system_inv_offwind-dc-2030: 57836.43883619138
system_inv_onwind-2030: 222196.93196628877
system_inv_solar-2030: 389355.14395673596
system_inv_solar_rooftop-2030: 0.0
zone_average_marginal_price: 70.19980154085746
