ci_average cost: 101.80288154791577
ci_average_revenue: 22.85845250335091
ci_cap_H2_Electrolysis: 0.6462513782995217
ci_cap_H2_Fuel_Cell: 46.637321636130864
ci_cap_adv_geothermal: 1994.7079277073985
ci_cap_allam_ccs: 659.1333816842508
ci_cap_battery_charger: 73.1208457228559
ci_cap_battery_discharger: 74.62864282244048
ci_cap_onwind: 4358.115953246519
ci_cap_solar: 1633.8058428141974
ci_capital_cost_adv_geothermal: 1607463379.4904082
ci_capital_cost_allam_ccs: 168354842.30835912
ci_capital_cost_battery_inverter: 2324582.6959707597
ci_capital_cost_battery_storage: 10325250.893493112
ci_capital_cost_grid: 0.0
ci_capital_cost_hydrogen_electrolysis: 54587.288488712824
ci_capital_cost_hydrogen_fuel_cell: 10766365.764302097
ci_capital_cost_hydrogen_storage: 465657.21050912875
ci_capital_cost_onwind: 500229051.434204
ci_capital_cost_solar: 90351420.83779675
ci_clean_excess_total: 4879319.976424949
ci_clean_total: 29275919.976370532
ci_clean_used_grid_total: 0.010907035332885694
ci_clean_used_local_total: 24396599.99994558
ci_clean_used_total: 24396600.010852616
ci_cost_adv_geothermal: 1607463379.4904082
ci_cost_allam_ccs: 261511281.32364228
ci_cost_battery_inverter: 2324582.6959707597
ci_cost_battery_storage: 10325250.893493112
ci_cost_grid: 1.2315206628450281
ci_cost_hydrogen_electrolysis: 54587.288488712824
ci_cost_hydrogen_fuel_cell: 10766365.764302097
ci_cost_hydrogen_storage: 465657.21050912875
ci_cost_onwind: 500366288.11136085
ci_cost_solar: 90366785.96218592
ci_demand_total: 24396600.0
ci_emission_rate_local: 1.8884244224446584e-11
ci_emission_rate_myopic: 1.568513586829716e-11
ci_emission_rate_true: 3.071282342394833e-11
ci_emissions: 0.0007492884679446978
ci_fraction_clean: 1.1999999990314443
ci_fraction_clean_excess: 0.19999999903367474
ci_fraction_clean_used: 1.0000000004448413
ci_fraction_clean_used_grid: 4.4707194170030635e-10
ci_fraction_clean_used_local: 0.9999999999977695
ci_generation_H2_Fuel_Cell: 1581.3967344569162
ci_generation_adv_geothermal: 17473640.69639674
ci_generation_allam_ccs: 1124675.3055860517
ci_generation_battery_discharger: 117146.33451879025
ci_generation_onwind: 9149111.810459645
ci_generation_solar: 1536512.4389174017
ci_marginal_cost_adv_geothermal: 0.0
ci_marginal_cost_allam_ccs: 93156439.01528317
ci_marginal_cost_grid: 1.2315206628450281
ci_marginal_cost_onwind: 137236.67715689447
ci_marginal_cost_solar: 15365.124389174029
ci_revenue_grid: 557668522.3432509
ci_total_cost: 2483644179.971882
co2_price: 80.0
emissions: 505544261.8653828
emissions_zone: 76.55438671353626
objective: 142553287778.4079
system_emission_rate: 0.1584715649195436
system_emissions: 168514753.95512784
system_grid_cfe_wavg: 0.5888255331578234
system_inv_H2_Electrolysis-2025: 108.3837714575452
system_inv_H2_Fuel_Cell-2025: 22.564655264351153
system_inv_OCGT-2025: 16989.55920566421
system_inv_battery_charger-2025: 1713.9404799251517
system_inv_battery_discharger-2025: 1749.2829935263583
system_inv_offwind-ac-2025: 542.0397404919968
system_inv_offwind-dc-2025: 34812.483823264985
system_inv_onwind-2025: 104226.53072366728
system_inv_solar-2025: 188883.11414305962
system_inv_solar_rooftop-2025: 0.0
zone_average_marginal_price: 115.55628724867796
