ci_average cost: 86.762183221625
ci_average_revenue: 22.71735075034265
ci_cap_H2_Electrolysis: 0.0020732781321961087
ci_cap_H2_Fuel_Cell: 0.0006700777446293766
ci_cap_adv_geothermal: 0.0008688916936381698
ci_cap_allam_ccs: 0.0010585151388469828
ci_cap_battery_charger: 0.012915628096087846
ci_cap_battery_discharger: 0.01318195634202206
ci_cap_onwind: 7825.113436089411
ci_cap_solar: 5296.07632663698
ci_capital_cost_adv_geothermal: 700.2085663097835
ci_capital_cost_allam_ccs: 270.3643211427607
ci_capital_cost_battery_inverter: 410.60036003351286
ci_capital_cost_battery_storage: 732.5930285098922
ci_capital_cost_grid: 0.0
ci_capital_cost_hydrogen_electrolysis: 175.12478165590076
ci_capital_cost_hydrogen_fuel_cell: 154.6894597739811
ci_capital_cost_hydrogen_storage: 219.16500932510445
ci_capital_cost_onwind: 898174604.2310117
ci_capital_cost_solar: 292879366.9588365
ci_clean_excess_total: 4879318.791024063
ci_clean_total: 21386700.910160374
ci_clean_used_grid_total: 4229155.697315466
ci_clean_used_local_total: 16507382.119136311
ci_clean_used_total: 20736537.816451777
ci_cost_adv_geothermal: 700.2085663097835
ci_cost_allam_ccs: 702.0513463378584
ci_cost_battery_inverter: 410.60036003351286
ci_cost_battery_storage: 732.5930285098922
ci_cost_grid: 925349316.569938
ci_cost_hydrogen_electrolysis: 175.12478165590076
ci_cost_hydrogen_fuel_cell: 154.6894597739811
ci_cost_hydrogen_storage: 219.16500932510445
ci_cost_onwind: 898420694.3320816
ci_cost_solar: 292929173.8501251
ci_demand_total: 24396600.0
ci_emission_rate_local: 0.24901234137052966
ci_emission_rate_myopic: 0.05969082386082201
ci_emission_rate_true: 0.21661048826958818
ci_emissions: 5284559.438117835
ci_fraction_clean: 0.8766262885057907
ci_fraction_clean_excess: 0.19999995044490063
ci_fraction_clean_used: 0.8499765465864824
ci_fraction_clean_used_grid: 0.17335020852559233
ci_fraction_clean_used_local: 0.6766263380608901
ci_generation_H2_Fuel_Cell: 2.644888989093295
ci_generation_adv_geothermal: 6.560318266924866
ci_generation_allam_ccs: 5.211746413999123
ci_generation_battery_discharger: 35.48310111744952
ci_generation_onwind: 16406006.73798766
ci_generation_solar: 4980689.128859558
ci_marginal_cost_adv_geothermal: 0.0
ci_marginal_cost_allam_ccs: 431.68702519509765
ci_marginal_cost_grid: 925349316.569938
ci_marginal_cost_onwind: 246090.1010698145
ci_marginal_cost_solar: 49806.891288595616
ci_revenue_grid: 554226119.3158095
ci_total_cost: 2116702279.1846964
co2_price: 80.0
emissions: 513577054.8337615
emissions_zone: 79.87433163115348
objective: 142186976853.04315
system_emission_rate: 0.1609895823680587
system_emissions: 171192351.61125416
system_grid_cfe_wavg: 0.5796160332683029
system_inv_H2_Electrolysis-2025: 108.4731228967409
system_inv_H2_Fuel_Cell-2025: 22.58582704135265
system_inv_OCGT-2025: 17000.080210883203
system_inv_battery_charger-2025: 1713.9208149756732
system_inv_battery_discharger-2025: 1749.2629230734497
system_inv_offwind-ac-2025: 542.0549323068984
system_inv_offwind-dc-2025: 34698.872867863494
system_inv_onwind-2025: 104332.00329170386
system_inv_solar-2025: 188734.0886570144
system_inv_solar_rooftop-2025: 0.0
zone_average_marginal_price: 115.86604171974619
