ci_average cost: 86.76218557385002
ci_average_revenue: 22.71734658220531
ci_cap_H2_Electrolysis: 0.002365810586168034
ci_cap_H2_Fuel_Cell: 0.0007672888226945074
ci_cap_adv_geothermal: 0.0009970256169827415
ci_cap_allam_ccs: 0.0011929701815350387
ci_cap_battery_charger: 0.014278850998697546
ci_cap_battery_discharger: 0.014573289744699455
ci_cap_onwind: 7825.113897839463
ci_cap_solar: 5296.076614420635
ci_capital_cost_adv_geothermal: 803.467086810858
ci_capital_cost_allam_ccs: 304.70662292615737
ci_capital_cost_battery_inverter: 453.9385399852117
ci_capital_cost_battery_storage: 816.2540399798852
ci_capital_cost_grid: 0.0
ci_capital_cost_hydrogen_electrolysis: 199.83428943179842
ci_capital_cost_hydrogen_fuel_cell: 177.1309290967068
ci_capital_cost_hydrogen_storage: 217.57176925113592
ci_capital_cost_onwind: 898174657.2311597
ci_capital_cost_solar: 292879382.8736175
ci_clean_excess_total: 4879318.808383664
ci_clean_total: 21386703.240696296
ci_clean_used_grid_total: 4269504.986997063
ci_clean_used_local_total: 16507384.432312638
ci_clean_used_total: 20776889.4193097
ci_cost_adv_geothermal: 803.467086810858
ci_cost_allam_ccs: 782.8197160539708
ci_cost_battery_inverter: 453.9385399852117
ci_cost_battery_storage: 816.2540399798852
ci_cost_grid: 925348948.4374931
ci_cost_hydrogen_electrolysis: 199.83428943179842
ci_cost_hydrogen_fuel_cell: 177.1309290967068
ci_cost_hydrogen_storage: 217.57176925113592
ci_cost_onwind: 898420747.3403442
ci_cost_solar: 292929189.77678156
ci_demand_total: 24396600.0
ci_emission_rate_local: 0.24907773228768398
ci_emission_rate_myopic: 0.0596944286773411
ci_emission_rate_true: 0.21664176529377818
ci_emissions: 5285322.491166189
ci_fraction_clean: 0.8766263840328692
ci_fraction_clean_excess: 0.19999995115645886
ci_fraction_clean_used: 0.8516305312752475
ci_fraction_clean_used_grid: 0.17500409839883685
ci_fraction_clean_used_local: 0.6766264328764106
ci_generation_H2_Fuel_Cell: 2.9755079330668464
ci_generation_adv_geothermal: 7.478592747947587
ci_generation_allam_ccs: 5.772247144719622
ci_generation_battery_discharger: 40.774651348772025
ci_generation_onwind: 16406007.27896861
ci_generation_solar: 4980690.316406809
ci_marginal_cost_adv_geothermal: 0.0
ci_marginal_cost_allam_ccs: 478.1130931278134
ci_marginal_cost_grid: 925348948.4374931
ci_marginal_cost_onwind: 246090.10918452873
ci_marginal_cost_solar: 49806.90316406812
ci_revenue_grid: 554226017.6274301
ci_total_cost: 2116702336.5709894
co2_price: 80.0
emissions: 513576782.96964115
emissions_zone: 79.87798949138929
objective: 142186989670.70792
system_emission_rate: 0.16098949714756305
system_emissions: 171192260.9898808
system_grid_cfe_wavg: 0.5821526032720533
system_inv_H2_Electrolysis-2025: 108.42577681890411
system_inv_H2_Fuel_Cell-2025: 22.566417409798117
system_inv_OCGT-2025: 17000.088950139892
system_inv_battery_charger-2025: 1714.040811669658
system_inv_battery_discharger-2025: 1749.3853941735401
system_inv_offwind-ac-2025: 542.0556055748623
system_inv_offwind-dc-2025: 34698.89514642693
system_inv_onwind-2025: 104332.17620072933
system_inv_solar-2025: 188734.03551090162
system_inv_solar_rooftop-2025: 0.0
zone_average_marginal_price: 115.86602140593017
