ci_average cost: 94.68780368784687
ci_average_revenue: 22.71879325151245
ci_cap_H2_Electrolysis: 0.0014376885015221828
ci_cap_H2_Fuel_Cell: 0.0007221720761026607
ci_cap_adv_geothermal: 334.95114756278923
ci_cap_allam_ccs: 1330.1782726029594
ci_cap_battery_charger: 204.8201386770712
ci_cap_battery_discharger: 209.04365671738935
ci_cap_onwind: 7452.77509794316
ci_cap_solar: 4612.514612082337
ci_capital_cost_adv_geothermal: 269925083.34004676
ci_capital_cost_allam_ccs: 339752104.1247357
ci_capital_cost_battery_inverter: 6511431.117189972
ci_capital_cost_battery_storage: 20576451.47299747
ci_capital_cost_grid: 0.0
ci_capital_cost_hydrogen_electrolysis: 121.43806516281549
ci_capital_cost_hydrogen_fuel_cell: 166.71559264807945
ci_capital_cost_hydrogen_storage: 185.21215682005484
ci_capital_cost_onwind: 855437225.1200362
ci_capital_cost_solar: 255077585.05680174
ci_clean_excess_total: 4879319.238082591
ci_clean_total: 28285948.863034762
ci_clean_used_grid_total: 502039.10589321225
ci_clean_used_local_total: 23406629.624952175
ci_clean_used_total: 23908668.730845388
ci_cost_adv_geothermal: 269925083.34004676
ci_cost_allam_ccs: 785640374.4652226
ci_cost_battery_inverter: 6511431.117189972
ci_cost_battery_storage: 20576451.47299747
ci_cost_grid: 116613781.89957131
ci_cost_hydrogen_electrolysis: 121.43806516281549
ci_cost_hydrogen_fuel_cell: 166.71559264807945
ci_cost_hydrogen_storage: 185.21215682005484
ci_cost_onwind: 855671912.3401755
ci_cost_solar: 255120963.4499064
ci_demand_total: 24396600.0
ci_emission_rate_local: 0.032229087004205056
ci_emission_rate_myopic: 0.008132437414182367
ci_emission_rate_true: 0.029375144878277998
ci_emissions: 716653.6595373971
ci_fraction_clean: 1.1594217580742712
ci_fraction_clean_excess: 0.19999996876952492
ci_fraction_clean_used: 0.9800000299568542
ci_fraction_clean_used_grid: 0.020578240652107765
ci_fraction_clean_used_local: 0.9594217893047463
ci_generation_H2_Fuel_Cell: 1.9792338175106026
ci_generation_adv_geothermal: 2934171.2111828956
ci_generation_allam_ccs: 5383197.683416717
ci_generation_battery_discharger: 361683.08692300663
ci_generation_onwind: 15645814.675951362
ci_generation_solar: 4337839.310467284
ci_marginal_cost_adv_geothermal: 0.0
ci_marginal_cost_allam_ccs: 445888270.3404868
ci_marginal_cost_grid: 116613781.89957131
ci_marginal_cost_onwind: 234687.22013927004
ci_marginal_cost_solar: 43378.393104672876
ci_revenue_grid: 554261311.4398487
ci_total_cost: 2310060471.450925
co2_price: 80.0
emissions: 506568244.00476396
emissions_zone: 76.83644866925204
objective: 142382026236.33755
system_emission_rate: 0.15879254977550536
system_emissions: 168856081.33492106
system_grid_cfe_wavg: 0.5876512623289649
system_inv_H2_Electrolysis-2025: 108.21358979454445
system_inv_H2_Fuel_Cell-2025: 22.516967892293373
system_inv_OCGT-2025: 16993.49910456747
system_inv_battery_charger-2025: 1714.1995543759915
system_inv_battery_discharger-2025: 1749.5474102527378
system_inv_offwind-ac-2025: 542.0444948234725
system_inv_offwind-dc-2025: 34791.72098659124
system_inv_onwind-2025: 104254.15987173907
system_inv_solar-2025: 188829.52380613115
system_inv_solar_rooftop-2025: 0.0
zone_average_marginal_price: 115.58659550004211
