ci_average cost: 96.56225271176713
ci_average_revenue: 22.75120091866106
ci_cap_H2_Electrolysis: 0.0009174692183362837
ci_cap_H2_Fuel_Cell: 0.0006427460740569553
ci_cap_adv_geothermal: 830.0252390674041
ci_cap_allam_ccs: 1155.671153448924
ci_cap_battery_charger: 189.01800652013537
ci_cap_battery_discharger: 192.915674814079
ci_cap_onwind: 6588.28991614013
ci_cap_solar: 3794.5629164012093
ci_capital_cost_adv_geothermal: 668887488.3989235
ci_capital_cost_allam_ccs: 295179762.10225666
ci_capital_cost_battery_inverter: 6009065.989867954
ci_capital_cost_battery_storage: 19780040.71611436
ci_capital_cost_grid: 0.0
ci_capital_cost_hydrogen_electrolysis: 77.49640245660679
ci_capital_cost_hydrogen_fuel_cell: 148.3798615378738
ci_capital_cost_hydrogen_storage: 105.21994421061379
ci_capital_cost_onwind: 756210722.8627673
ci_capital_cost_solar: 209843876.16384143
ci_clean_excess_total: 4879319.581771676
ci_clean_total: 28789177.8634047
ci_clean_used_grid_total: 242776.1293864424
ci_clean_used_local_total: 23909858.281633027
ci_clean_used_total: 24152634.41101947
ci_cost_adv_geothermal: 668887488.3989235
ci_cost_allam_ccs: 637427994.2763325
ci_cost_battery_inverter: 6009065.989867954
ci_cost_battery_storage: 19780040.71611436
ci_cost_grid: 57387984.37440066
ci_cost_hydrogen_electrolysis: 77.49640245660679
ci_cost_hydrogen_fuel_cell: 148.3798615378738
ci_cost_hydrogen_storage: 105.21994421061379
ci_cost_onwind: 756418187.5248421
ci_cost_solar: 209879562.1312089
ci_demand_total: 24396600.0
ci_emission_rate_local: 0.01603662840074862
ci_emission_rate_myopic: 0.004073834406670313
ci_emission_rate_true: 0.014696932781459865
ci_emissions: 358555.1902961638
ci_fraction_clean: 1.1800487716896904
ci_fraction_clean_excess: 0.19999998285710618
ci_fraction_clean_used: 0.9900000168474079
ci_fraction_clean_used_grid: 0.009951228014823475
ci_fraction_clean_used_local: 0.9800487888325843
ci_generation_H2_Fuel_Cell: 1.3285988527203874
ci_generation_adv_geothermal: 7271020.477570176
ci_generation_allam_ccs: 4131954.153416226
ci_generation_battery_discharger: 320840.969015115
ci_generation_onwind: 13830977.471649714
ci_generation_solar: 3568596.736746895
ci_marginal_cost_adv_geothermal: 0.0
ci_marginal_cost_allam_ccs: 342248232.17407584
ci_marginal_cost_grid: 57387984.37440066
ci_marginal_cost_onwind: 207464.66207474537
ci_marginal_cost_solar: 35685.96736746898
ci_revenue_grid: 555051948.3322064
ci_total_cost: 2355790654.507898
co2_price: 80.0
emissions: 506046642.84884953
emissions_zone: 76.67515069130067
objective: 142427089777.7635
system_emission_rate: 0.15862904490031154
system_emissions: 168682214.28295034
system_grid_cfe_wavg: 0.5880588961261823
system_inv_H2_Electrolysis-2025: 108.44356798091545
system_inv_H2_Fuel_Cell-2025: 22.573226208708615
system_inv_OCGT-2025: 16992.072688539272
system_inv_battery_charger-2025: 1713.7709204886617
system_inv_battery_discharger-2025: 1749.1099376693335
system_inv_offwind-ac-2025: 542.0252605775313
system_inv_offwind-dc-2025: 34802.82128192952
system_inv_onwind-2025: 104245.23712045963
system_inv_solar-2025: 188847.49472621
system_inv_solar_rooftop-2025: 0.0
zone_average_marginal_price: 115.56524537149602
