ci_average cost: 88.39554539394206
ci_average_revenue: 22.733705297220055
ci_cap_H2_Electrolysis: 0.0009802649296987269
ci_cap_H2_Fuel_Cell: 0.0003212284377859791
ci_cap_adv_geothermal: 0.0007833766274080484
ci_cap_allam_ccs: 505.8273673359124
ci_cap_battery_charger: 0.300184119719386
ci_cap_battery_discharger: 0.3063741020777652
ci_cap_onwind: 7863.08559130312
ci_cap_solar: 5239.192431575976
ci_capital_cost_adv_geothermal: 631.2950499747839
ci_capital_cost_allam_ccs: 129197654.11590703
ci_capital_cost_battery_inverter: 9543.144686123107
ci_capital_cost_battery_storage: 30139.06492481519
ci_capital_cost_grid: 0.0
ci_capital_cost_hydrogen_electrolysis: 82.80060408324827
ci_capital_cost_hydrogen_fuel_cell: 74.15654959953513
ci_capital_cost_hydrogen_storage: 85.52537029617831
ci_capital_cost_onwind: 902533087.4350476
ci_capital_cost_solar: 289733619.4000586
ci_clean_excess_total: 4879319.580416271
ci_clean_total: 24013361.23283257
ci_clean_used_grid_total: 2822898.755782481
ci_clean_used_local_total: 19134041.652416296
ci_clean_used_total: 21956940.408198778
ci_cost_adv_geothermal: 631.2950499747839
ci_cost_allam_ccs: 346213232.33179533
ci_cost_battery_inverter: 9543.144686123107
ci_cost_battery_storage: 30139.06492481519
ci_cost_grid: 617734003.1680405
ci_cost_hydrogen_electrolysis: 82.80060408324827
ci_cost_hydrogen_fuel_cell: 74.15654959953513
ci_cost_hydrogen_storage: 85.52537029617831
ci_cost_onwind: 902780079.9203988
ci_cost_solar: 289782891.3504279
ci_demand_total: 24396600.0
ci_emission_rate_local: 0.16605266228947171
ci_emission_rate_myopic: 0.04053373215581562
ci_emission_rate_true: 0.14717566090908588
ci_emissions: 3590585.728934604
ci_fraction_clean: 0.9842913042322524
ci_fraction_clean_excess: 0.19999998280154904
ci_fraction_clean_used: 0.9000000167317895
ci_fraction_clean_used_grid: 0.11570869530108625
ci_fraction_clean_used_local: 0.7842913214307033
ci_generation_H2_Fuel_Cell: 1.347924723027715
ci_generation_adv_geothermal: 6.44455425904348
ci_generation_allam_ccs: 2620023.5252320627
ci_generation_battery_discharger: 642.9194179786347
ci_generation_onwind: 16466165.69008302
ci_generation_solar: 4927195.036931176
ci_marginal_cost_adv_geothermal: 0.0
ci_marginal_cost_allam_ccs: 217015578.21588832
ci_marginal_cost_grid: 617734003.1680405
ci_marginal_cost_onwind: 246992.4853512449
ci_marginal_cost_solar: 49271.950369311795
ci_revenue_grid: 554625114.6541588
ci_total_cost: 2156550762.757847
co2_price: 80.0
emissions: 510891755.89628476
emissions_zone: 78.62245611519582
objective: 142227421475.0985
system_emission_rate: 0.16014782911913725
system_emissions: 170297251.96542847
system_grid_cfe_wavg: 0.584743938261905
system_inv_H2_Electrolysis-2025: 108.45045667335414
system_inv_H2_Fuel_Cell-2025: 22.56955933294709
system_inv_OCGT-2025: 16998.631759223656
system_inv_battery_charger-2025: 1713.6945019097104
system_inv_battery_discharger-2025: 1749.031943291981
system_inv_offwind-ac-2025: 542.0212163030872
system_inv_offwind-dc-2025: 34729.660748525115
system_inv_onwind-2025: 104271.32584354904
system_inv_solar-2025: 188791.3604954959
system_inv_solar_rooftop-2025: 0.0
zone_average_marginal_price: 115.76335802464978
