ci_average cost: 91.31136167875621
ci_average_revenue: 22.715255976048713
ci_cap_H2_Electrolysis: 0.0024207084279023374
ci_cap_H2_Fuel_Cell: 0.0009289791125918255
ci_cap_adv_geothermal: 0.005752420916594752
ci_cap_allam_ccs: 1104.8857980725834
ci_cap_battery_charger: 123.88084891113571
ci_cap_battery_discharger: 126.43534869619361
ci_cap_onwind: 8006.052338939995
ci_cap_solar: 5068.56899794761
ci_capital_cost_adv_geothermal: 4635.669131504607
ci_capital_cost_allam_ccs: 282208244.1461936
ci_capital_cost_battery_inverter: 3938292.492300606
ci_capital_cost_battery_storage: 12445180.972659586
ci_capital_cost_grid: 0.0
ci_capital_cost_hydrogen_electrolysis: 204.47137714222373
ci_capital_cost_hydrogen_fuel_cell: 214.45761811955845
ci_capital_cost_hydrogen_storage: 246.21527256980283
ci_capital_cost_onwind: 918942958.426147
ci_capital_cost_solar: 280297939.06854963
ci_clean_excess_total: 4879318.851216221
ci_clean_total: 26708082.83314062
ci_clean_used_grid_total: 1348007.1541027091
ci_clean_used_local_total: 21828763.9819244
ci_clean_used_total: 23176771.13602711
ci_cost_adv_geothermal: 4635.669131504607
ci_cost_allam_ccs: 709983059.6158948
ci_cost_battery_inverter: 3938292.492300606
ci_cost_battery_storage: 12445180.972659586
ci_cost_grid: 301774559.6255251
ci_cost_hydrogen_electrolysis: 204.47137714222373
ci_cost_hydrogen_fuel_cell: 214.45761811955845
ci_cost_hydrogen_storage: 246.21527256980283
ci_cost_onwind: 919194766.390062
ci_cost_solar: 280345606.4221024
ci_demand_total: 24396600.0
ci_emission_rate_local: 0.08184496191315432
ci_emission_rate_myopic: 0.020367090186124575
ci_emission_rate_true: 0.07385058899045827
ci_emissions: 1801703.279364614
ci_fraction_clean: 1.094746105323718
ci_fraction_clean_excess: 0.19999995291213618
ci_fraction_clean_used: 0.9500000465649766
ci_fraction_clean_used_grid: 0.0552538941533947
ci_fraction_clean_used_local: 0.894746152411582
ci_generation_H2_Fuel_Cell: 3.2063061558466215
ci_generation_adv_geothermal: 49.07875725485445
ci_generation_allam_ccs: 5164514.406046295
ci_generation_battery_discharger: 249774.33228415964
ci_generation_onwind: 16787197.59433012
ci_generation_solar: 4766735.35527744
ci_marginal_cost_adv_geothermal: 0.0
ci_marginal_cost_allam_ccs: 427774815.4697012
ci_marginal_cost_grid: 301774559.6255251
ci_marginal_cost_onwind: 251807.9639149514
ci_marginal_cost_solar: 47667.35355277443
ci_revenue_grid: 554175013.9452701
ci_total_cost: 2227686766.331944
co2_price: 80.0
emissions: 508157722.93205416
emissions_zone: 77.47312939713028
objective: 142299578528.3855
system_emission_rate: 0.159290799349311
system_emissions: 169385907.64401782
system_grid_cfe_wavg: 0.586924909575863
system_inv_H2_Electrolysis-2025: 108.46288386311315
system_inv_H2_Fuel_Cell-2025: 22.581922403303007
system_inv_OCGT-2025: 16995.25244817398
system_inv_battery_charger-2025: 1713.9399076155216
system_inv_battery_discharger-2025: 1749.28240941535
system_inv_offwind-ac-2025: 542.0592617635077
system_inv_offwind-dc-2025: 34771.708417325004
system_inv_onwind-2025: 104282.66756639504
system_inv_solar-2025: 188774.7653385545
system_inv_solar_rooftop-2025: 0.0
zone_average_marginal_price: 115.63847243379522
