ci_average cost: 117.06593985827492
ci_average_revenue: 0.0
ci_cap_H2_Electrolysis: 0.0
ci_cap_H2_Fuel_Cell: 0.0
ci_cap_adv_geothermal: 0.0
ci_cap_allam_ccs: 0.0
ci_cap_battery_charger: 0.0
ci_cap_battery_discharger: 0.0
ci_cap_onwind: 0.0
ci_cap_solar: 0.0
ci_capital_cost_adv_geothermal: 0.0
ci_capital_cost_allam_ccs: 0.0
ci_capital_cost_battery_inverter: 0.0
ci_capital_cost_battery_storage: 0.0
ci_capital_cost_grid: 0.0
ci_capital_cost_hydrogen_electrolysis: 0.0
ci_capital_cost_hydrogen_fuel_cell: 0.0
ci_capital_cost_hydrogen_storage: 0.0
ci_capital_cost_onwind: 0.0
ci_capital_cost_solar: 0.0
ci_clean_excess_total: 0.0
ci_clean_total: 0.0
ci_clean_used_grid_total: 12993945.686655713
ci_clean_used_local_total: 0.0
ci_clean_used_total: 12993945.686655713
ci_cost_adv_geothermal: 0.0
ci_cost_allam_ccs: 0.0
ci_cost_battery_inverter: 0.0
ci_cost_battery_storage: 0.0
ci_cost_grid: 2856010908.34639
ci_cost_hydrogen_electrolysis: 0.0
ci_cost_hydrogen_fuel_cell: 0.0
ci_cost_hydrogen_storage: 0.0
ci_cost_onwind: 0.0
ci_cost_solar: 0.0
ci_demand_total: 24396600.0
ci_emission_rate_local: 0.7463271232142372
ci_emission_rate_myopic: 0.1640742267126651
ci_emission_rate_true: 0.6167703449017568
ci_emissions: 15047099.3964302
ci_fraction_clean: 0.0
ci_fraction_clean_excess: 0.0
ci_fraction_clean_used: 0.5326129742118046
ci_fraction_clean_used_grid: 0.5326129742118046
ci_fraction_clean_used_local: 0.0
ci_generation_H2_Fuel_Cell: -0.0
ci_generation_adv_geothermal: 0.0
ci_generation_allam_ccs: 0.0
ci_generation_battery_discharger: -0.0
ci_generation_onwind: 0.0
ci_generation_solar: 0.0
ci_marginal_cost_adv_geothermal: 0.0
ci_marginal_cost_allam_ccs: 0.0
ci_marginal_cost_grid: 2856010908.34639
ci_marginal_cost_onwind: 0.0
ci_marginal_cost_solar: 0.0
ci_revenue_grid: 0.0
ci_total_cost: 2856010908.34639
co2_price: 80.0
emissions: 535702852.1275987
emissions_zone: 92.4442480630897
objective: 143468459130.3774
system_emission_rate: 0.16792529499846046
system_emissions: 178567617.37586635
system_grid_cfe_wavg: 0.5108469846833276
system_inv_H2_Electrolysis-2025: 108.6895424303657
system_inv_H2_Fuel_Cell-2025: 22.674583997641577
system_inv_OCGT-2025: 17042.63878815847
system_inv_battery_charger-2025: 1716.4673014649127
system_inv_battery_discharger-2025: 1751.8619196903362
system_inv_offwind-ac-2025: 542.372376493476
system_inv_offwind-dc-2025: 34416.646767584105
system_inv_onwind-2025: 104352.26776816763
system_inv_solar-2025: 188711.48499903054
system_inv_solar_rooftop-2025: 0.0
zone_average_marginal_price: 117.06593985827492
