ci_average cost: 99.22201443805005
ci_average_revenue: 23.411359925514617
ci_cap_H2_Electrolysis: 0.0
ci_cap_H2_Fuel_Cell: 0.0
ci_cap_adv_geothermal: 0.0
ci_cap_allam_ccs: 0.0
ci_cap_battery_charger: 0.0
ci_cap_battery_discharger: 0.0
ci_cap_onwind: 12829.366441358998
ci_cap_solar: 6759.124359349752
ci_capital_cost_adv_geothermal: 0.0
ci_capital_cost_allam_ccs: 0.0
ci_capital_cost_battery_inverter: 0.0
ci_capital_cost_battery_storage: 0.0
ci_capital_cost_grid: 0.0
ci_capital_cost_hydrogen_electrolysis: 0.0
ci_capital_cost_hydrogen_fuel_cell: 0.0
ci_capital_cost_hydrogen_storage: 0.0
ci_capital_cost_onwind: 1472567934.0133438
ci_capital_cost_solar: 373787676.28514564
ci_clean_excess_total: 4879319.547340961
ci_clean_total: 24396600.000011418
ci_clean_used_grid_total: 2461204.5008186037
ci_clean_used_local_total: 19517280.452670455
ci_clean_used_total: 21978484.953489058
ci_cost_adv_geothermal: 0.0
ci_cost_allam_ccs: 0.0
ci_cost_battery_inverter: 0.0
ci_cost_battery_storage: 0.0
ci_cost_grid: 573987841.5953009
ci_cost_hydrogen_electrolysis: 0.0
ci_cost_hydrogen_fuel_cell: 0.0
ci_cost_hydrogen_storage: 0.0
ci_cost_onwind: 1472845072.6499684
ci_cost_solar: 373846883.1940627
ci_demand_total: 24396600.0
ci_emission_rate_local: 0.1577950007846222
ci_emission_rate_myopic: 0.03843159909345701
ci_emission_rate_true: 0.1382462936286106
ci_emissions: 3372739.527139762
ci_fraction_clean: 1.000000000000468
ci_fraction_clean_excess: 0.19999998144581463
ci_fraction_clean_used: 0.9008831129538156
ci_fraction_clean_used_grid: 0.10088309439916233
ci_fraction_clean_used_local: 0.8000000185546533
ci_generation_H2_Fuel_Cell: -0.0
ci_generation_adv_geothermal: 0.0
ci_generation_allam_ccs: 0.0
ci_generation_battery_discharger: -0.0
ci_generation_onwind: 18475909.108304903
ci_generation_solar: 5920690.891706515
ci_marginal_cost_adv_geothermal: 0.0
ci_marginal_cost_allam_ccs: 0.0
ci_marginal_cost_grid: 573987841.5953009
ci_marginal_cost_onwind: 277138.6366245731
ci_marginal_cost_solar: 59206.90891706519
ci_revenue_grid: 571157583.5588099
ci_total_cost: 2420679797.439332
co2_price: 80.0
emissions: 510461333.1516221
emissions_zone: 80.56993800700431
objective: 142473254460.70374
system_emission_rate: 0.16001290568894697
system_emissions: 170153777.7172071
system_grid_cfe_wavg: 0.5831531753321663
system_inv_H2_Electrolysis-2025: 108.47061789729466
system_inv_H2_Fuel_Cell-2025: 22.58901821853787
system_inv_OCGT-2025: 16992.29492140091
system_inv_battery_charger-2025: 1713.965860298306
system_inv_battery_discharger-2025: 1749.3088972585176
system_inv_offwind-ac-2025: 542.0690259312786
system_inv_offwind-dc-2025: 34869.69801132956
system_inv_onwind-2025: 104294.84377778557
system_inv_solar-2025: 188749.41820134997
system_inv_solar_rooftop-2025: 0.0
zone_average_marginal_price: 115.68172245979521
