ci_average cost: 116.86019404298908
ci_average_revenue: 27.555301985377092
ci_cap_H2_Electrolysis: 2447.2489656398934
ci_cap_H2_Fuel_Cell: 2598.6624835565344
ci_cap_battery_charger: 4348.548512945487
ci_cap_battery_discharger: 4438.218274973043
ci_cap_onwind: 14701.853324359387
ci_cap_solar: 20181.515165490262
ci_capital_cost_battery_inverter: 103518791.1398576
ci_capital_cost_battery_storage: 298589190.2829205
ci_capital_cost_grid: 0.0
ci_capital_cost_hydrogen_electrolysis: 162899981.43750247
ci_capital_cost_hydrogen_fuel_cell: 549916618.9196872
ci_capital_cost_hydrogen_storage: 238062844.4365171
ci_capital_cost_onwind: 1608194091.5974567
ci_capital_cost_solar: 968529959.081022
ci_clean_excess_total: 6729431.23174465
ci_clean_total: 40361636.83469476
ci_clean_used_grid_total: 14954.502329741692
ci_clean_used_local_total: 33632205.6029501
ci_clean_used_total: 33647160.10527985
ci_cost_battery_inverter: 103518791.1398576
ci_cost_battery_storage: 298589190.2829205
ci_cost_grid: 1696908.486706253
ci_cost_hydrogen_electrolysis: 162899981.43750247
ci_cost_hydrogen_fuel_cell: 549916618.9196872
ci_cost_hydrogen_storage: 238062844.4365171
ci_cost_onwind: 1608609200.6153526
ci_cost_solar: 968720111.2769568
ci_demand_total: 33647160.0
ci_emission_rate_local: 4.0353127180708366e-05
ci_emission_rate_myopic: 1.9836979107635952e-05
ci_emission_rate_true: 2.6210472531512144e-05
ci_emissions: 881.9079629433941
ci_fraction_clean: 1.1995555296403844
ci_fraction_clean_excess: 0.19999997716730475
ci_fraction_clean_used: 1.000000003128937
ci_fraction_clean_used_grid: 0.0004444506558574837
ci_fraction_clean_used_local: 0.9995555524730796
ci_generation_H2_Fuel_Cell: 3124365.6649117083
ci_generation_battery_discharger: 6301748.647374265
ci_generation_onwind: 27673934.526398942
ci_generation_solar: 19015219.593483195
ci_marginal_cost_grid: 1696908.486706253
ci_marginal_cost_onwind: 415109.0178959853
ci_marginal_cost_solar: 190152.19593483102
ci_revenue_grid: 927157654.7503006
ci_total_cost: 3932013646.5955005
co2_price: 130.0
emissions: 294135175.5549303
emissions_zone: 43.768680449269695
objective: 165398333309.69223
system_emission_rate: 0.09246988124151279
system_emissions: 98045058.51831031
system_grid_cfe_wavg: 0.8526045502173872
system_inv_H2_Electrolysis-2030: 8005.479080085875
system_inv_H2_Fuel_Cell-2030: 1758.915855239561
system_inv_OCGT-2030: 66085.01376972567
system_inv_battery_charger-2030: 23843.175491337926
system_inv_battery_discharger-2030: 24334.836528560976
system_inv_offwind-ac-2030: 1084.075421983307
system_inv_offwind-dc-2030: 54927.36149032531
system_inv_onwind-2030: 224114.1807668785
system_inv_solar-2030: 388651.53430979914
system_inv_solar_rooftop-2030: 0.0
zone_average_marginal_price: 133.9760904799257
