ci_average cost: 95.42738992628543
ci_average_revenue: 25.70922941234351
ci_cap_H2_Electrolysis: 0.009785191857524203
ci_cap_H2_Fuel_Cell: 0.0030817246905548165
ci_cap_battery_charger: 5997.774519513091
ci_cap_battery_discharger: 6121.452342643867
ci_cap_onwind: 9576.943896160923
ci_cap_solar: 19729.337738584178
ci_capital_cost_battery_inverter: 142779220.68503752
ci_capital_cost_battery_storage: 388780639.0257465
ci_capital_cost_grid: 0.0
ci_capital_cost_hydrogen_electrolysis: 651.3467139361118
ci_capital_cost_hydrogen_fuel_cell: 652.1399500684158
ci_capital_cost_hydrogen_storage: 409.05534014185366
ci_capital_cost_onwind: 1047594765.7461361
ci_capital_cost_solar: 946829537.6217062
ci_clean_excess_total: 6729429.589585889
ci_clean_total: 35869448.102991916
ci_clean_used_grid_total: 3135898.661414494
ci_clean_used_local_total: 29140018.513406023
ci_clean_used_total: 32275917.174820516
ci_cost_battery_inverter: 142779220.68503752
ci_cost_battery_storage: 388780639.0257465
ci_cost_grid: 684423813.2270561
ci_cost_hydrogen_electrolysis: 651.3467139361118
ci_cost_hydrogen_fuel_cell: 652.1399500684158
ci_cost_hydrogen_storage: 409.05534014185366
ci_cost_onwind: 1047861015.4205892
ci_cost_solar: 947014256.33168
ci_demand_total: 33647160.0
ci_emission_rate_local: 0.019465219743321056
ci_emission_rate_myopic: 0.01897541848473381
ci_emission_rate_true: 0.020181819329922336
ci_emissions: 679060.9040849897
ci_fraction_clean: 1.0660468254376274
ci_fraction_clean_excess: 0.19999992836203379
ci_fraction_clean_used: 0.9592464022170226
ci_fraction_clean_used_grid: 0.09319950514142929
ci_fraction_clean_used_local: 0.8660468970755935
ci_generation_H2_Fuel_Cell: 12.438680350104818
ci_generation_battery_discharger: 8457071.29640447
ci_generation_onwind: 17749978.296872307
ci_generation_solar: 18471870.997379214
ci_marginal_cost_grid: 684423813.2270561
ci_marginal_cost_onwind: 266249.67445308535
ci_marginal_cost_solar: 184718.70997379124
ci_revenue_grid: 865042555.513828
ci_total_cost: 3210860657.232114
co2_price: 130.0
emissions: 296182043.72051346
emissions_zone: 45.3087956496429
objective: 164740226566.25455
system_emission_rate: 0.0931133733224288
system_emissions: 98727347.90683779
system_grid_cfe_wavg: 0.8507551810070644
system_inv_H2_Electrolysis-2030: 8003.0385933622165
system_inv_H2_Fuel_Cell-2030: 1759.0519160304752
system_inv_OCGT-2030: 67534.72973255311
system_inv_battery_charger-2030: 23601.750093407503
system_inv_battery_discharger-2030: 24088.432789486287
system_inv_offwind-ac-2030: 1084.0972311773037
system_inv_offwind-dc-2030: 54825.3917347025
system_inv_onwind-2030: 224188.63849352152
system_inv_solar-2030: 388553.66703794943
system_inv_solar_rooftop-2030: 0.0
zone_average_marginal_price: 134.40172431463952
