ci_average cost: 95.42773483516889
ci_average_revenue: 25.709514433361292
ci_cap_H2_Electrolysis: 0.005869863429965873
ci_cap_H2_Fuel_Cell: 0.0018379072452459806
ci_cap_battery_charger: 5998.1766469327895
ci_cap_battery_discharger: 6121.862762179871
ci_cap_onwind: 9576.939935312519
ci_cap_solar: 19729.399389441252
ci_capital_cost_battery_inverter: 142788793.47564742
ci_capital_cost_battery_storage: 388778544.8433497
ci_capital_cost_grid: 0.0
ci_capital_cost_hydrogen_electrolysis: 390.724710565806
ci_capital_cost_hydrogen_fuel_cell: 388.92920669344704
ci_capital_cost_hydrogen_storage: 227.16811018946956
ci_capital_cost_onwind: 1047594332.4801484
ci_capital_cost_solar: 946832496.3045202
ci_clean_excess_total: 6729430.168484941
ci_clean_total: 35869437.89514559
ci_clean_used_grid_total: 3134511.3029380846
ci_clean_used_local_total: 29140007.726660646
ci_clean_used_total: 32274519.02959873
ci_cost_battery_inverter: 142788793.47564742
ci_cost_battery_storage: 388778544.8433497
ci_cost_grid: 684426120.9629397
ci_cost_hydrogen_electrolysis: 390.724710565806
ci_cost_hydrogen_fuel_cell: 388.92920669344704
ci_cost_hydrogen_storage: 227.16811018946956
ci_cost_onwind: 1047860580.610316
ci_cost_solar: 947017215.7222209
ci_demand_total: 33647160.0
ci_emission_rate_local: 0.0194600204335624
ci_emission_rate_myopic: 0.018970462068448594
ci_emission_rate_true: 0.020177720485656445
ci_emissions: 678922.9896161602
ci_fraction_clean: 1.0660465220584914
ci_fraction_clean_excess: 0.19999994556702383
ci_fraction_clean_used: 0.9592048490748917
ci_fraction_clean_used_grid: 0.09315827258342411
ci_fraction_clean_used_local: 0.8660465764914675
ci_generation_H2_Fuel_Cell: 7.361363047399348
ci_generation_battery_discharger: 8456780.51467543
ci_generation_onwind: 17749875.344506115
ci_generation_solar: 18471941.770060774
ci_marginal_cost_grid: 684426120.9629397
ci_marginal_cost_onwind: 266248.13016759243
ci_marginal_cost_solar: 184719.41770060683
ci_revenue_grid: 865052145.6616167
ci_total_cost: 3210872262.4365015
co2_price: 130.0
emissions: 296182154.45380086
emissions_zone: 45.300911912431346
objective: 164740190102.96622
system_emission_rate: 0.09311340813463338
system_emissions: 98727384.81793347
system_grid_cfe_wavg: 0.8503240196951413
system_inv_H2_Electrolysis-2030: 8003.037971663353
system_inv_H2_Fuel_Cell-2030: 1759.0459589015288
system_inv_OCGT-2030: 67534.95348035354
system_inv_battery_charger-2030: 23601.027291284103
system_inv_battery_discharger-2030: 24087.695082735696
system_inv_offwind-ac-2030: 1084.0711445909456
system_inv_offwind-dc-2030: 54825.3516748535
system_inv_onwind-2030: 224188.79574292368
system_inv_solar-2030: 388553.08844632114
system_inv_solar_rooftop-2030: 0.0
zone_average_marginal_price: 134.40177724912962
