ci_average cost: 95.4260712398424
ci_average_revenue: 25.70782307285765
ci_cap_H2_Electrolysis: 0.012400243879117074
ci_cap_H2_Fuel_Cell: 0.003925277957831156
ci_cap_battery_charger: 5996.845631119075
ci_cap_battery_discharger: 6120.504299996198
ci_cap_onwind: 9577.126933636775
ci_cap_solar: 19727.798043279287
ci_capital_cost_battery_inverter: 142757108.15637052
ci_capital_cost_battery_storage: 388773352.36280483
ci_capital_cost_grid: 0.0
ci_capital_cost_hydrogen_electrolysis: 825.4164272168756
ci_capital_cost_hydrogen_fuel_cell: 830.6486881421603
ci_capital_cost_hydrogen_storage: 490.5438148695688
ci_capital_cost_onwind: 1047614787.6971589
ci_capital_cost_solar: 946755646.1909382
ci_clean_excess_total: 6729429.681359591
ci_clean_total: 35869147.60800668
ci_clean_used_grid_total: 3143619.040422882
ci_clean_used_local_total: 29139717.926647082
ci_clean_used_total: 32283336.967069965
ci_cost_battery_inverter: 142757108.15637052
ci_cost_battery_storage: 388773352.36280483
ci_cost_grid: 684462273.9022281
ci_cost_hydrogen_electrolysis: 825.4164272168756
ci_cost_hydrogen_fuel_cell: 830.6486881421603
ci_cost_hydrogen_storage: 490.5438148695688
ci_cost_onwind: 1047881055.8732766
ci_cost_solar: 946940350.2747655
ci_demand_total: 33647160.0
ci_emission_rate_local: 0.0194726569046108
ci_emission_rate_myopic: 0.01898062316492552
ci_emission_rate_true: 0.02018775043830019
ci_emissions: 679260.4690375566
ci_fraction_clean: 1.0660378946694662
ci_fraction_clean_excess: 0.19999993108956568
ci_fraction_clean_used: 0.9594669198550476
ci_fraction_clean_used_grid: 0.0934289562751472
ci_fraction_clean_used_local: 0.8660379635799004
ci_generation_H2_Fuel_Cell: 15.637175290859684
ci_generation_battery_discharger: 8458634.08147936
ci_generation_onwind: 17751211.741175424
ci_generation_solar: 18470408.382730037
ci_marginal_cost_grid: 684462273.9022281
ci_marginal_cost_onwind: 266268.1761176321
ci_marginal_cost_solar: 184704.08382729947
ci_revenue_grid: 864995236.184133
ci_total_cost: 3210816287.1783757
co2_price: 130.0
emissions: 296181797.1199956
emissions_zone: 45.30782268153475
objective: 164740242763.8264
system_emission_rate: 0.09311329579643901
system_emissions: 98727265.7066651
system_grid_cfe_wavg: 0.8526546351323412
system_inv_H2_Electrolysis-2030: 8002.706017296151
system_inv_H2_Fuel_Cell-2030: 1758.9797292211701
system_inv_OCGT-2030: 67534.4486744983
system_inv_battery_charger-2030: 23602.91862041056
system_inv_battery_discharger-2030: 24089.625412239446
system_inv_offwind-ac-2030: 1084.0976539031492
system_inv_offwind-dc-2030: 54825.369370336724
system_inv_onwind-2030: 224189.9976965464
system_inv_solar-2030: 388553.36464310694
system_inv_solar_rooftop-2030: 0.0
zone_average_marginal_price: 134.40199970284817
