ci_average cost: 103.88743805338768
ci_average_revenue: 27.094572738706766
ci_cap_H2_Electrolysis: 1750.434035369354
ci_cap_H2_Fuel_Cell: 978.8933839444084
ci_cap_battery_charger: 5446.947614270231
ci_cap_battery_discharger: 5559.26704566076
ci_cap_onwind: 13777.249591453407
ci_cap_solar: 18755.586702487202
ci_capital_cost_battery_inverter: 129666584.32182337
ci_capital_cost_battery_storage: 371334870.85205483
ci_capital_cost_grid: 0.0
ci_capital_cost_hydrogen_electrolysis: 116516821.89788237
ci_capital_cost_hydrogen_fuel_cell: 207148771.10352108
ci_capital_cost_hydrogen_storage: 87401974.91404478
ci_capital_cost_onwind: 1507054308.2298286
ci_capital_cost_solar: 900098306.4226341
ci_clean_excess_total: 6729429.816133847
ci_clean_total: 39274380.31869592
ci_clean_used_grid_total: 765739.2499594581
ci_clean_used_local_total: 32544950.50256207
ci_clean_used_total: 33310689.752521526
ci_cost_battery_inverter: 129666584.32182337
ci_cost_battery_storage: 371334870.85205483
ci_cost_grid: 175729799.85947555
ci_cost_hydrogen_electrolysis: 116516821.89788237
ci_cost_hydrogen_fuel_cell: 207148771.10352108
ci_cost_hydrogen_storage: 87401974.91404478
ci_cost_onwind: 1507443207.126336
ci_cost_solar: 900275220.097285
ci_demand_total: 33647160.0
ci_emission_rate_local: 0.004370898842126733
ci_emission_rate_myopic: 0.004481671531151015
ci_emission_rate_true: 0.004873780674840088
ci_emissions: 163988.8781712524
ci_fraction_clean: 1.1672420590235824
ci_fraction_clean_excess: 0.19999993509508224
ci_fraction_clean_used: 0.9900000401971972
ci_fraction_clean_used_grid: 0.022757916268697213
ci_fraction_clean_used_local: 0.9672421239285001
ci_generation_H2_Fuel_Cell: 2067250.6544401953
ci_generation_battery_discharger: 7936386.860300681
ci_generation_onwind: 25926593.1005072
ci_generation_solar: 17691367.46509271
ci_marginal_cost_grid: 175729799.85947555
ci_marginal_cost_onwind: 388898.89650760905
ci_marginal_cost_solar: 176913.67465092626
ci_revenue_grid: 911655424.0709047
ci_total_cost: 3495517250.172424
co2_price: 130.0
emissions: 294703456.3588998
emissions_zone: 44.350235997182295
objective: 164982545105.0261
system_emission_rate: 0.09264853671294918
system_emissions: 98234485.45296645
system_grid_cfe_wavg: 0.8526833702124874
system_inv_H2_Electrolysis-2030: 7965.40706805971
system_inv_H2_Fuel_Cell-2030: 1749.9226780994143
system_inv_OCGT-2030: 66418.11394325379
system_inv_battery_charger-2030: 24155.63483420251
system_inv_battery_discharger-2030: 24653.738976483382
system_inv_offwind-ac-2030: 1084.1019525051756
system_inv_offwind-dc-2030: 54912.568556136444
system_inv_onwind-2030: 223916.30116278224
system_inv_solar-2030: 389095.6027170366
system_inv_solar_rooftop-2030: 0.0
zone_average_marginal_price: 134.05664490587688
