ci_average cost: 99.41605867395296
ci_average_revenue: 26.862407116934204
ci_cap_H2_Electrolysis: 769.641475690867
ci_cap_H2_Fuel_Cell: 384.1265306433125
ci_cap_battery_charger: 6174.78573006218
ci_cap_battery_discharger: 6302.113633921938
ci_cap_onwind: 11571.260652972742
ci_cap_solar: 20065.15764312383
ci_capital_cost_battery_inverter: 146993037.42864624
ci_capital_cost_battery_storage: 428502866.6002685
ci_capital_cost_grid: 0.0
ci_capital_cost_hydrogen_electrolysis: 51230824.43342334
ci_capital_cost_hydrogen_fuel_cell: 81287032.96613567
ci_capital_cost_hydrogen_storage: 35211186.253908105
ci_capital_cost_onwind: 1265747426.7963252
ci_capital_cost_solar: 962945851.7703364
ci_clean_excess_total: 6729430.004545981
ci_clean_total: 38007757.40091766
ci_clean_used_grid_total: 1695890.3950435808
ci_clean_used_local_total: 31278327.396371678
ci_clean_used_total: 32974217.79141526
ci_cost_battery_inverter: 146993037.42864624
ci_cost_battery_storage: 428502866.6002685
ci_cost_grid: 372637603.34692127
ci_cost_hydrogen_electrolysis: 51230824.43342334
ci_cost_hydrogen_fuel_cell: 81287032.96613567
ci_cost_hydrogen_storage: 35211186.253908105
ci_cost_onwind: 1266070923.5838294
ci_cost_solar: 963134558.1587505
ci_demand_total: 33647160.0
ci_emission_rate_local: 0.009349604099808404
ci_emission_rate_myopic: 0.009293209086714936
ci_emission_rate_true: 0.009998550865730826
ci_emissions: 336422.8407473836
ci_fraction_clean: 1.1295977848031649
ci_fraction_clean_excess: 0.1999999406947267
ci_fraction_clean_used: 0.9800000294650503
ci_fraction_clean_used_grid: 0.05040218535661199
ci_fraction_clean_used_local: 0.9295978441084382
ci_generation_H2_Fuel_Cell: 1048528.1837514997
ci_generation_battery_discharger: 9454961.664217157
ci_generation_onwind: 21566452.500274837
ci_generation_solar: 18870638.8414149
ci_marginal_cost_grid: 372637603.34692127
ci_marginal_cost_onwind: 323496.78750412347
ci_marginal_cost_solar: 188706.38841414807
ci_revenue_grid: 903843710.2486238
ci_total_cost: 3345068032.771883
co2_price: 130.0
emissions: 295305501.4583485
emissions_zone: 44.568706255237856
objective: 164837615931.7147
system_emission_rate: 0.09283780696511491
system_emissions: 98435167.15278283
system_grid_cfe_wavg: 0.8527332654408069
system_inv_H2_Electrolysis-2030: 8004.1934487271465
system_inv_H2_Fuel_Cell-2030: 1757.9212526983024
system_inv_OCGT-2030: 66870.77168774734
system_inv_battery_charger-2030: 23659.18688212292
system_inv_battery_discharger-2030: 24147.053960337576
system_inv_offwind-ac-2030: 1084.0837914617405
system_inv_offwind-dc-2030: 54902.41038727521
system_inv_onwind-2030: 223825.89383033174
system_inv_solar-2030: 389197.117833399
system_inv_solar_rooftop-2030: 0.0
zone_average_marginal_price: 134.1573105875376
