ci_average cost: 95.4277982479562
ci_average_revenue: 25.70962488916764
ci_cap_H2_Electrolysis: 0.012073054608456455
ci_cap_H2_Fuel_Cell: 0.0037990458295499253
ci_cap_battery_charger: 5997.755218551594
ci_cap_battery_discharger: 6121.432643684598
ci_cap_onwind: 9576.791046822062
ci_cap_solar: 19730.58414535687
ci_capital_cost_battery_inverter: 142778761.21857506
ci_capital_cost_battery_storage: 388783797.8917686
ci_capital_cost_grid: 0.0
ci_capital_cost_hydrogen_electrolysis: 803.6372266265391
ci_capital_cost_hydrogen_fuel_cell: 803.9360443791865
ci_capital_cost_hydrogen_storage: 466.4122497442002
ci_capital_cost_onwind: 1047578045.9899095
ci_capital_cost_solar: 946889353.8590231
ci_clean_excess_total: 6729426.298309753
ci_clean_total: 35869684.284419104
ci_clean_used_grid_total: 3140495.4556247224
ci_clean_used_local_total: 29140257.986109346
ci_clean_used_total: 32280753.441734068
ci_cost_battery_inverter: 142778761.21857506
ci_cost_battery_storage: 388783797.8917686
ci_cost_grid: 684391396.6647222
ci_cost_hydrogen_electrolysis: 803.6372266265391
ci_cost_hydrogen_fuel_cell: 803.9360443791865
ci_cost_hydrogen_storage: 466.4122497442002
ci_cost_onwind: 1047844282.7393886
ci_cost_solar: 947074083.5967277
ci_demand_total: 33647160.0
ci_emission_rate_local: 0.01945519166311692
ci_emission_rate_myopic: 0.018984198588725694
ci_emission_rate_true: 0.02017804067400967
ci_emissions: 678933.7630449112
ci_fraction_clean: 1.0660538447946009
ci_fraction_clean_excess: 0.1999998305446805
ci_fraction_clean_used: 0.9593901369902859
ci_fraction_clean_used_grid: 0.09333612274036568
ci_fraction_clean_used_local: 0.8660540142499202
ci_generation_H2_Fuel_Cell: 15.326645855530089
ci_generation_battery_discharger: 8457054.99439622
ci_generation_onwind: 17749116.63193939
ci_generation_solar: 18472973.770467464
ci_marginal_cost_grid: 684391396.6647222
ci_marginal_cost_onwind: 266236.74947909155
ci_marginal_cost_solar: 184729.73770467375
ci_revenue_grid: 865055862.1858058
ci_total_cost: 3210874396.096702
co2_price: 130.0
emissions: 296181861.41990227
emissions_zone: 45.29868569377846
objective: 164740237441.76917
system_emission_rate: 0.09311331601097042
system_emissions: 98727287.13996737
system_grid_cfe_wavg: 0.8519212275792066
system_inv_H2_Electrolysis-2030: 8002.953861660328
system_inv_H2_Fuel_Cell-2030: 1759.034028352159
system_inv_OCGT-2030: 67534.6278991939
system_inv_battery_charger-2030: 23601.817898008863
system_inv_battery_discharger-2030: 24088.5019922605
system_inv_offwind-ac-2030: 1084.093365936786
system_inv_offwind-dc-2030: 54825.38939119127
system_inv_onwind-2030: 224189.42939536105
system_inv_solar-2030: 388553.25563224044
system_inv_solar_rooftop-2030: 0.0
zone_average_marginal_price: 134.40158290261334
