ci_average cost: 138.55760508748457
ci_average_revenue: 0.0
ci_cap_H2_Electrolysis: 0.0
ci_cap_H2_Fuel_Cell: 0.0
ci_cap_battery_charger: 0.0
ci_cap_battery_discharger: 0.0
ci_cap_onwind: 0.0
ci_cap_solar: 0.0
ci_capital_cost_battery_inverter: 0.0
ci_capital_cost_battery_storage: 0.0
ci_capital_cost_grid: 0.0
ci_capital_cost_hydrogen_electrolysis: 0.0
ci_capital_cost_hydrogen_fuel_cell: 0.0
ci_capital_cost_hydrogen_storage: 0.0
ci_capital_cost_onwind: 0.0
ci_capital_cost_solar: 0.0
ci_clean_excess_total: 0.0
ci_clean_total: 0.0
ci_clean_used_grid_total: 28069948.743135817
ci_clean_used_local_total: 0.0
ci_clean_used_total: 28069948.743135817
ci_cost_battery_inverter: 0.0
ci_cost_battery_storage: 0.0
ci_cost_grid: 4662069907.5954075
ci_cost_hydrogen_electrolysis: 0.0
ci_cost_hydrogen_fuel_cell: 0.0
ci_cost_hydrogen_storage: 0.0
ci_cost_onwind: 0.0
ci_cost_solar: 0.0
ci_demand_total: 33647160.0
ci_emission_rate_local: 0.10713220577943404
ci_emission_rate_myopic: 0.09640970713412962
ci_emission_rate_true: 0.10476866088249658
ci_emissions: 3525167.8956991043
ci_fraction_clean: 0.0
ci_fraction_clean_excess: 0.0
ci_fraction_clean_used: 0.8342442198133756
ci_fraction_clean_used_grid: 0.8342442198133756
ci_fraction_clean_used_local: 0.0
ci_generation_H2_Fuel_Cell: -0.0
ci_generation_battery_discharger: -0.0
ci_generation_onwind: 0.0
ci_generation_solar: 0.0
ci_marginal_cost_grid: 4662069907.5954075
ci_marginal_cost_onwind: 0.0
ci_marginal_cost_solar: 0.0
ci_revenue_grid: 0.0
ci_total_cost: 4662069907.5954075
co2_price: 130.0
emissions: 310042781.842063
emissions_zone: 50.37624040568102
objective: 167025428005.72858
system_emission_rate: 0.09747089637488654
system_emissions: 103347593.947354
system_grid_cfe_wavg: 0.8289173002658219
system_inv_H2_Electrolysis-2030: 7940.016777404292
system_inv_H2_Fuel_Cell-2030: 1740.3675246155683
system_inv_OCGT-2030: 70720.46339524086
system_inv_battery_charger-2030: 27989.186276097913
system_inv_battery_discharger-2030: 28566.34062202531
system_inv_offwind-ac-2030: 1084.1135597591135
system_inv_offwind-dc-2030: 54354.44554358887
system_inv_onwind-2030: 221381.42672303505
system_inv_solar-2030: 392832.7087709205
system_inv_solar_rooftop-2030: 0.0
zone_average_marginal_price: 138.55760508748457
