ci_average cost: 105.55778253573177
ci_average_revenue: 24.86726715331996
ci_cap_H2_Electrolysis: 0.0
ci_cap_H2_Fuel_Cell: 0.0
ci_cap_battery_charger: 0.0
ci_cap_battery_discharger: 0.0
ci_cap_onwind: 17909.059936633363
ci_cap_solar: 10439.276251093159
ci_capital_cost_battery_inverter: 0.0
ci_capital_cost_battery_storage: 0.0
ci_capital_cost_grid: 0.0
ci_capital_cost_hydrogen_electrolysis: 0.0
ci_capital_cost_hydrogen_fuel_cell: 0.0
ci_capital_cost_hydrogen_storage: 0.0
ci_capital_cost_onwind: 1959021338.3803754
ci_capital_cost_solar: 500990719.3487534
ci_clean_excess_total: 6729431.404052393
ci_clean_total: 33647160.00002799
ci_clean_used_grid_total: 4715947.778293196
ci_clean_used_local_total: 26917728.595975604
ci_clean_used_total: 31633676.3742688
ci_cost_battery_inverter: 0.0
ci_cost_battery_storage: 0.0
ci_cost_grid: 1091250323.6441464
ci_cost_hydrogen_electrolysis: 0.0
ci_cost_hydrogen_fuel_cell: 0.0
ci_cost_hydrogen_storage: 0.0
ci_cost_onwind: 1959383574.135467
ci_cost_solar: 501085700.4453592
ci_demand_total: 33647160.0
ci_emission_rate_local: 0.029088681146443075
ci_emission_rate_myopic: 0.026867291740189113
ci_emission_rate_true: 0.03318311539014992
ci_emissions: 1116517.5928308368
ci_fraction_clean: 1.000000000000832
ci_fraction_clean_excess: 0.19999998228832366
ci_fraction_clean_used: 0.940158883372885
ci_fraction_clean_used_grid: 0.14015886566037658
ci_fraction_clean_used_local: 0.8000000177125084
ci_generation_H2_Fuel_Cell: -0.0
ci_generation_battery_discharger: -0.0
ci_generation_onwind: 24149050.33944951
ci_generation_solar: 9498109.660578486
ci_marginal_cost_grid: 1091250323.6441464
ci_marginal_cost_onwind: 362235.75509174366
ci_marginal_cost_solar: 94981.09660578439
ci_revenue_grid: 836712916.6705012
ci_total_cost: 3551719598.2249727
co2_price: 130.0
emissions: 296504601.7379949
emissions_zone: 47.40258745974408
objective: 165126197061.3136
system_emission_rate: 0.0932147787443197
system_emissions: 98834867.2459986
system_grid_cfe_wavg: 0.851814605889113
system_inv_H2_Electrolysis-2030: 7856.995211657127
system_inv_H2_Fuel_Cell-2030: 1727.032703001615
system_inv_OCGT-2030: 68712.35077693664
system_inv_battery_charger-2030: 27851.521404989995
system_inv_battery_discharger-2030: 28425.837016062524
system_inv_offwind-ac-2030: 1084.078114516877
system_inv_offwind-dc-2030: 54838.47612970853
system_inv_onwind-2030: 223628.60056637455
system_inv_solar-2030: 389672.1033133291
system_inv_solar_rooftop-2030: 0.0
zone_average_marginal_price: 134.49413450187478
