ci_average cost: 86.8006402925864
ci_average_revenue: 20.58102145399733
ci_cap_H2_Electrolysis: 11.194712551373657
ci_cap_H2_Fuel_Cell: 25.123054369518066
ci_cap_adv_geothermal: 0.0009164175506353224
ci_cap_allam_ccs: 472.24394734096086
ci_cap_battery_charger: 61.2285587388696
ci_cap_battery_discharger: 62.49112951968533
ci_cap_onwind: 1165.2086524483436
ci_cap_solar: 510.31760190093695
ci_capital_cost_adv_geothermal: 738.5079452016225
ci_capital_cost_allam_ccs: 120619828.23948388
ci_capital_cost_battery_inverter: 1946515.3436965265
ci_capital_cost_battery_storage: 13475519.862547906
ci_capital_cost_grid: 0.0
ci_capital_cost_hydrogen_electrolysis: 945590.251889294
ci_capital_cost_hydrogen_fuel_cell: 5799732.55259003
ci_capital_cost_hydrogen_storage: 310071.4234874338
ci_capital_cost_onwind: 133743852.89197274
ci_capital_cost_solar: 28221174.880160067
ci_clean_excess_total: 981119.9438103253
ci_clean_total: 5886719.923329899
ci_clean_used_grid_total: 0.06492899174623103
ci_clean_used_local_total: 4905599.979519574
ci_clean_used_total: 4905600.044448566
ci_cost_adv_geothermal: 738.5079452016225
ci_cost_allam_ccs: 241301401.4512348
ci_cost_battery_inverter: 1946515.3436965265
ci_cost_battery_storage: 13475519.862547906
ci_cost_grid: 5.854914935434916
ci_cost_hydrogen_electrolysis: 945590.251889294
ci_cost_hydrogen_fuel_cell: 5799732.55259003
ci_cost_hydrogen_storage: 310071.4234874338
ci_cost_onwind: 133803581.18935652
ci_cost_solar: 28226064.581649207
ci_demand_total: 4905600.0
ci_emission_rate_local: 4.2213360676434637e-10
ci_emission_rate_myopic: 5.982062852673128e-10
ci_emission_rate_true: 3.5460712848500523e-10
ci_emissions: 0.0017395607294960415
ci_fraction_clean: 1.1999999843709024
ci_fraction_clean_excess: 0.19999998854580997
ci_fraction_clean_used: 1.0000000090607806
ci_fraction_clean_used_grid: 1.3235688141354987e-08
ci_fraction_clean_used_local: 0.9999999958250926
ci_generation_H2_Fuel_Cell: 18453.114980688348
ci_generation_adv_geothermal: 6.630433047453073
ci_generation_allam_ccs: 1456985.5467346068
ci_generation_battery_discharger: 107954.31572592574
ci_generation_onwind: 3981886.4922521007
ci_generation_solar: 488970.1489138701
ci_marginal_cost_adv_geothermal: 0.0
ci_marginal_cost_allam_ccs: 120681573.21175091
ci_marginal_cost_grid: 5.854914935434916
ci_marginal_cost_onwind: 59728.29738378153
ci_marginal_cost_solar: 4889.7014891387
ci_revenue_grid: 100962258.8447293
ci_total_cost: 425809221.01931185
co2_price: 80.0
emissions: 510306248.0743763
emissions_zone: 5.1713772777164895
objective: 142062726307.25897
system_emission_rate: 0.15899287849976182
system_emissions: 170102082.69145876
system_grid_cfe_wavg: 0.7959417831121687
system_inv_H2_Electrolysis-2025: 108.19182998314366
system_inv_H2_Fuel_Cell-2025: 22.52651155413426
system_inv_OCGT-2025: 17043.282258528503
system_inv_battery_charger-2025: 1714.2703688343279
system_inv_battery_discharger-2025: 1749.6196849490386
system_inv_offwind-ac-2025: 542.0569854455991
system_inv_offwind-dc-2025: 34771.60476409412
system_inv_onwind-2025: 113357.1960748067
system_inv_solar-2025: 188990.91125539658
system_inv_solar_rooftop-2025: 0.0
zone_average_marginal_price: 107.99826643809406
