ci_average cost: 69.22437646564254
ci_average_revenue: 21.461026067501663
ci_cap_H2_Electrolysis: 0.0056210996083965676
ci_cap_H2_Fuel_Cell: 0.001866828825604684
ci_cap_adv_geothermal: 0.00047282708670611076
ci_cap_allam_ccs: 0.0007905952579458351
ci_cap_battery_charger: 0.011413789879230633
ci_cap_battery_discharger: 0.01164914929151643
ci_cap_onwind: 1309.0994384050698
ci_cap_solar: 592.3674346758673
ci_capital_cost_adv_geothermal: 381.03434400281793
ci_capital_cost_allam_ccs: 201.93263409160426
ci_capital_cost_battery_inverter: 362.8554646272688
ci_capital_cost_battery_storage: 608.5125794525014
ci_capital_cost_grid: 0.0
ci_capital_cost_hydrogen_electrolysis: 474.80066774437273
ci_capital_cost_hydrogen_fuel_cell: 430.9630409871457
ci_capital_cost_hydrogen_storage: 253.8790190660362
ci_capital_cost_onwind: 150259785.95603818
ci_capital_cost_solar: 32758628.94994678
ci_clean_excess_total: 981118.6232528355
ci_clean_total: 4515219.147516877
ci_clean_used_grid_total: 904126.7532891002
ci_clean_used_local_total: 3534100.5242640423
ci_clean_used_total: 4438227.277553143
ci_cost_adv_geothermal: 381.03434400281793
ci_cost_allam_ccs: 457.1057674549072
ci_cost_battery_inverter: 362.8554646272688
ci_cost_battery_storage: 608.5125794525014
ci_cost_grid: 156500825.05219096
ci_cost_hydrogen_electrolysis: 474.80066774437273
ci_cost_hydrogen_fuel_cell: 430.9630409871457
ci_cost_hydrogen_storage: 253.8790190660362
ci_cost_onwind: 150319005.24839017
ci_cost_solar: 32764301.738391448
ci_demand_total: 4905600.0
ci_emission_rate_local: 0.16137476277313792
ci_emission_rate_myopic: 0.053459490112769154
ci_emission_rate_true: 0.09614960449623246
ci_emissions: 471671.49981671805
ci_fraction_clean: 0.9204213852570282
ci_fraction_clean_excess: 0.19999971935193156
ci_fraction_clean_used: 0.9047266955220856
ci_fraction_clean_used_grid: 0.1843050296169888
ci_fraction_clean_used_local: 0.7204216659050967
ci_generation_H2_Fuel_Cell: 8.543076743345013
ci_generation_adv_geothermal: 2.9575960672131254
ci_generation_allam_ccs: 3.0806987125778846
ci_generation_battery_discharger: 38.40268866293869
ci_generation_onwind: 3947952.8234664155
ci_generation_solar: 567278.844466731
ci_marginal_cost_adv_geothermal: 0.0
ci_marginal_cost_allam_ccs: 255.17313336330298
ci_marginal_cost_grid: 156500825.05219096
ci_marginal_cost_onwind: 59219.29235199625
ci_marginal_cost_solar: 5672.788444667309
ci_revenue_grid: 105279209.47673616
ci_total_cost: 339587101.189856
co2_price: 80.0
emissions: 511464763.7395653
emissions_zone: 5.233557322257537
objective: 141971913026.2108
system_emission_rate: 0.15935382987178698
system_emissions: 170488254.57985508
system_grid_cfe_wavg: 0.797559016466334
system_inv_H2_Electrolysis-2025: 107.75160904014875
system_inv_H2_Fuel_Cell-2025: 22.439573756295932
system_inv_OCGT-2025: 17046.221773039575
system_inv_battery_charger-2025: 1715.0392953264302
system_inv_battery_discharger-2025: 1750.4044671813624
system_inv_offwind-ac-2025: 542.0626868271572
system_inv_offwind-dc-2025: 34740.77733027447
system_inv_onwind-2025: 113350.33931716756
system_inv_solar-2025: 189003.5388332378
system_inv_solar_rooftop-2025: 0.0
zone_average_marginal_price: 108.1443635558082
