ci_average cost: 69.22430215088515
ci_average_revenue: 21.461033534552783
ci_cap_H2_Electrolysis: 0.004609213169681051
ci_cap_H2_Fuel_Cell: 0.0015174562698672478
ci_cap_adv_geothermal: 0.0003676780418173575
ci_cap_allam_ccs: 0.0006283252453247112
ci_cap_battery_charger: 0.00897228429899679
ci_cap_battery_discharger: 0.009157298354960411
ci_cap_onwind: 1309.0997296804162
ci_cap_solar: 592.3646769968863
ci_capital_cost_adv_geothermal: 296.2985104006878
ci_capital_cost_allam_ccs: 160.48587514215154
ci_capital_cost_battery_inverter: 285.2376311924783
ci_capital_cost_battery_storage: 494.705075254994
ci_capital_cost_grid: 0.0
ci_capital_cost_hydrogen_electrolysis: 389.3290713923112
ci_capital_cost_hydrogen_fuel_cell: 350.30933723405167
ci_capital_cost_hydrogen_storage: 194.7676057169388
ci_capital_cost_onwind: 150259819.38892335
ci_capital_cost_solar: 32758476.446994696
ci_clean_excess_total: 981118.9513083032
ci_clean_total: 4515215.854801726
ci_clean_used_grid_total: 904026.9495806405
ci_clean_used_local_total: 3534096.903493423
ci_clean_used_total: 4438123.853074064
ci_cost_adv_geothermal: 296.2985104006878
ci_cost_allam_ccs: 368.68567828162094
ci_cost_battery_inverter: 285.2376311924783
ci_cost_battery_storage: 494.705075254994
ci_cost_grid: 156501168.14891204
ci_cost_hydrogen_electrolysis: 389.3290713923112
ci_cost_hydrogen_fuel_cell: 350.30933723405167
ci_cost_hydrogen_storage: 194.7676057169388
ci_cost_onwind: 150319042.54743302
ci_cost_solar: 32764146.602127615
ci_demand_total: 4905600.0
ci_emission_rate_local: 0.16142283873803304
ci_emission_rate_myopic: 0.05345855737847016
ci_emission_rate_true: 0.09615201446154799
ci_emissions: 471683.3221425698
ci_fraction_clean: 0.9204207140414477
ci_fraction_clean_excess: 0.19999978622559997
ci_fraction_clean_used: 0.9047056125803293
ci_fraction_clean_used_grid: 0.1842846847644815
ci_fraction_clean_used_local: 0.7204209278158478
ci_generation_H2_Fuel_Cell: 6.964591238434032
ci_generation_adv_geothermal: 2.320657386003105
ci_generation_allam_ccs: 2.5135908982139483
ci_generation_battery_discharger: 29.635770643203365
ci_generation_onwind: 3948210.5673121307
ci_generation_solar: 567015.5132919761
ci_marginal_cost_adv_geothermal: 0.0
ci_marginal_cost_allam_ccs: 208.1998031394694
ci_marginal_cost_grid: 156501168.14891204
ci_marginal_cost_onwind: 59223.158509681976
ci_marginal_cost_solar: 5670.15513291976
ci_revenue_grid: 105279246.10710213
ci_total_cost: 339586736.63138217
co2_price: 80.0
emissions: 511464775.681391
emissions_zone: 5.229576792249737
objective: 141971889892.87927
system_emission_rate: 0.15935383359242575
system_emissions: 170488258.56046358
system_grid_cfe_wavg: 0.7974035290250067
system_inv_H2_Electrolysis-2025: 107.83978535770483
system_inv_H2_Fuel_Cell-2025: 22.451132049911955
system_inv_OCGT-2025: 17046.21918310084
system_inv_battery_charger-2025: 1714.845861858796
system_inv_battery_discharger-2025: 1750.2070449958935
system_inv_offwind-ac-2025: 542.0532012771165
system_inv_offwind-dc-2025: 34740.757433603234
system_inv_onwind-2025: 113350.30858510254
system_inv_solar-2025: 189003.60353216913
system_inv_solar_rooftop-2025: 0.0
zone_average_marginal_price: 108.14435298869219
