ci_average cost: 74.14498367065117
ci_average_revenue: 22.021808452015332
ci_cap_H2_Electrolysis: 0.09126768994882978
ci_cap_H2_Fuel_Cell: 0.03773559672043407
ci_cap_adv_geothermal: 0.0005690379110905907
ci_cap_allam_ccs: 149.42993328398103
ci_cap_battery_charger: 26.68168390909661
ci_cap_battery_discharger: 27.231876746890794
ci_cap_onwind: 1413.460380635787
ci_cap_solar: 621.220822784418
ci_capital_cost_adv_geothermal: 458.56718716266147
ci_capital_cost_allam_ccs: 38167165.48309261
ci_capital_cost_battery_inverter: 848236.643070722
ci_capital_cost_battery_storage: 2680439.313259754
ci_capital_cost_grid: 0.0
ci_capital_cost_hydrogen_electrolysis: 7709.160689211105
ci_capital_cost_hydrogen_fuel_cell: 8711.375833204846
ci_capital_cost_hydrogen_storage: 2351.816797839436
ci_capital_cost_onwind: 162238442.7193954
ci_capital_cost_solar: 34354255.88631612
ci_clean_excess_total: 981119.0856664455
ci_clean_total: 5236685.059695874
ci_clean_used_grid_total: 404754.9617714388
ci_clean_used_local_total: 4255565.974029429
ci_clean_used_total: 4660320.935800868
ci_cost_adv_geothermal: 458.56718716266147
ci_cost_allam_ccs: 88684947.33951572
ci_cost_battery_inverter: 848236.643070722
ci_cost_battery_storage: 2680439.313259754
ci_cost_grid: 74833607.16249642
ci_cost_hydrogen_electrolysis: 7709.160689211105
ci_cost_hydrogen_fuel_cell: 8711.375833204846
ci_cost_hydrogen_storage: 2351.816797839436
ci_cost_onwind: 162298965.7089467
ci_cost_solar: 34360204.80694962
ci_demand_total: 4905600.0
ci_emission_rate_local: 0.08180217697388863
ci_emission_rate_myopic: 0.02652323629544521
ci_emission_rate_true: 0.04968595284223451
ci_emissions: 243739.4102628656
ci_fraction_clean: 1.0674912466764257
ci_fraction_clean_excess: 0.19999981361432762
ci_fraction_clean_used: 0.9500001907617556
ci_fraction_clean_used_grid: 0.08250875769965728
ci_fraction_clean_used_local: 0.8674914330620983
ci_generation_H2_Fuel_Cell: 153.95329351619029
ci_generation_adv_geothermal: 3.7494641363022447
ci_generation_allam_ccs: 609899.8882683883
ci_generation_battery_discharger: 64104.23345911101
ci_generation_onwind: 4034865.9700876353
ci_generation_solar: 594892.0633500915
ci_marginal_cost_adv_geothermal: 0.0
ci_marginal_cost_allam_ccs: 50517781.856423095
ci_marginal_cost_grid: 74833607.16249642
ci_marginal_cost_onwind: 60522.989551314546
ci_marginal_cost_solar: 5948.920633500914
ci_revenue_grid: 108030183.5422064
ci_total_cost: 363725631.8947464
co2_price: 80.0
emissions: 510701779.1276578
emissions_zone: 5.190270684652387
objective: 141993378228.75623
system_emission_rate: 0.15911611159936517
system_emissions: 170233926.3758857
system_grid_cfe_wavg: 0.7949745516526097
system_inv_H2_Electrolysis-2025: 108.43510534197553
system_inv_H2_Fuel_Cell-2025: 22.576758991898323
system_inv_OCGT-2025: 17042.871308896847
system_inv_battery_charger-2025: 1713.9451153956386
system_inv_battery_discharger-2025: 1749.2877245831157
system_inv_offwind-ac-2025: 542.0471418350404
system_inv_offwind-dc-2025: 34758.380214254976
system_inv_onwind-2025: 113343.08474157253
system_inv_solar-2025: 189020.2837928324
system_inv_solar_rooftop-2025: 0.0
zone_average_marginal_price: 108.03487193104723
