ci_average cost: 78.33088128670823
ci_average_revenue: 21.317379616898766
ci_cap_H2_Electrolysis: 0.033625728551384244
ci_cap_H2_Fuel_Cell: 0.01740585452449222
ci_cap_adv_geothermal: 0.0007097221346440687
ci_cap_allam_ccs: 286.68888932100384
ci_cap_battery_charger: 89.0425204663601
ci_cap_battery_discharger: 90.8786323544494
ci_cap_onwind: 1263.6564854438482
ci_cap_solar: 672.5269090134593
ci_capital_cost_adv_geothermal: 571.939543231941
ci_capital_cost_allam_ccs: 73225638.53444332
ci_capital_cost_battery_inverter: 2830748.19821215
ci_capital_cost_battery_storage: 9318058.355745694
ci_capital_cost_grid: 0.0
ci_capital_cost_hydrogen_electrolysis: 2840.283838012695
ci_capital_cost_hydrogen_fuel_cell: 4018.193791509137
ci_capital_cost_hydrogen_storage: 1010.2464172250716
ci_capital_cost_onwind: 145043796.86854562
ci_capital_cost_solar: 37191543.93300085
ci_clean_excess_total: 981118.786277124
ci_clean_total: 5649369.962622493
ci_clean_used_grid_total: 139238.0242495894
ci_clean_used_local_total: 4668251.176345369
ci_clean_used_total: 4807489.200594958
ci_cost_adv_geothermal: 571.939543231941
ci_cost_allam_ccs: 162206255.38026208
ci_cost_battery_inverter: 2830748.19821215
ci_cost_battery_storage: 9318058.355745694
ci_cost_grid: 27595610.93628233
ci_cost_hydrogen_electrolysis: 2840.283838012695
ci_cost_hydrogen_fuel_cell: 4018.193791509137
ci_cost_hydrogen_storage: 1010.2464172250716
ci_cost_onwind: 145102872.6687399
ci_cost_solar: 37197985.037243746
ci_demand_total: 4905600.0
ci_emission_rate_local: 0.031260263864437185
ci_emission_rate_myopic: 0.010189034670175505
ci_emission_rate_true: 0.019494014375948887
ci_emissions: 95629.83692265487
ci_fraction_clean: 1.1516165122762745
ci_fraction_clean_excess: 0.19999975258421476
ci_fraction_clean_used: 0.9800002447396767
ci_fraction_clean_used_grid: 0.028383485047616886
ci_fraction_clean_used_local: 0.9516167596920598
ci_generation_H2_Fuel_Cell: 55.41364581780309
ci_generation_adv_geothermal: 4.875705403063248
ci_generation_allam_ccs: 1074260.7113383594
ci_generation_battery_discharger: 174785.93363171193
ci_generation_onwind: 3938386.6796198194
ci_generation_solar: 644110.4242900729
ci_marginal_cost_adv_geothermal: 0.0
ci_marginal_cost_allam_ccs: 88980616.84581877
ci_marginal_cost_grid: 27595610.93628233
ci_marginal_cost_onwind: 59075.800194297306
ci_marginal_cost_solar: 6441.1042429007275
ci_revenue_grid: 104574537.44865859
ci_total_cost: 384259971.24007595
co2_price: 80.0
emissions: 510422797.879759
emissions_zone: 5.16947391074663
objective: 142017493431.39157
system_emission_rate: 0.159029191182815
system_emissions: 170140932.62658632
system_grid_cfe_wavg: 0.7952267568887704
system_inv_H2_Electrolysis-2025: 108.22146662122715
system_inv_H2_Fuel_Cell-2025: 22.53410880582354
system_inv_OCGT-2025: 17042.741758814776
system_inv_battery_charger-2025: 1714.2669807586808
system_inv_battery_discharger-2025: 1749.6162270091743
system_inv_offwind-ac-2025: 542.0656416356346
system_inv_offwind-dc-2025: 34767.680612868324
system_inv_onwind-2025: 113347.08223711433
system_inv_solar-2025: 189012.41871931232
system_inv_solar_rooftop-2025: 0.0
zone_average_marginal_price: 108.01150547607232
