ci_average cost: 69.22426217233011
ci_average_revenue: 21.461041116439997
ci_cap_H2_Electrolysis: 0.0036270504001810135
ci_cap_H2_Fuel_Cell: 0.0011902824974368812
ci_cap_adv_geothermal: 0.00025181253975367407
ci_cap_allam_ccs: 0.00042968258932618304
ci_cap_battery_charger: 0.006490217007852854
ci_cap_battery_discharger: 0.0066240492999082
ci_cap_onwind: 1309.0997979564906
ci_cap_solar: 592.3614681815817
ci_capital_cost_adv_geothermal: 202.92666937747305
ci_capital_cost_allam_ccs: 109.7488711371473
ci_capital_cost_battery_inverter: 206.33030157683206
ci_capital_cost_battery_storage: 354.9981386398831
ci_capital_cost_grid: 0.0
ci_capital_cost_hydrogen_electrolysis: 306.3681613782468
ci_capital_cost_hydrogen_fuel_cell: 274.78028927639764
ci_capital_cost_hydrogen_storage: 183.40385961943053
ci_capital_cost_onwind: 150259827.22572172
ci_capital_cost_solar: 32758298.99566335
ci_clean_excess_total: 981119.0965313532
ci_clean_total: 4515211.380517967
ci_clean_used_grid_total: 903244.73751719
ci_clean_used_local_total: 3534092.2839866136
ci_clean_used_total: 4437337.021503803
ci_cost_adv_geothermal: 202.92666937747305
ci_cost_allam_ccs: 252.7075953500315
ci_cost_battery_inverter: 206.33030157683206
ci_cost_battery_storage: 354.9981386398831
ci_cost_grid: 156501740.04617232
ci_cost_hydrogen_electrolysis: 306.3681613782468
ci_cost_hydrogen_fuel_cell: 274.78028927639764
ci_cost_hydrogen_storage: 183.40385961943053
ci_cost_onwind: 150319048.8159895
ci_cost_solar: 32763970.1354055
ci_demand_total: 4905600.0
ci_emission_rate_local: 0.16075523996882088
ci_emission_rate_myopic: 0.053453423385056244
ci_emission_rate_true: 0.09599361170780797
ci_emissions: 470906.26159382286
ci_fraction_clean: 0.9204198019646866
ci_fraction_clean_excess: 0.19999981582912452
ci_fraction_clean_used: 0.9045452180169201
ci_fraction_clean_used_grid: 0.18412523188135804
ci_fraction_clean_used_local: 0.7204199861355621
ci_generation_H2_Fuel_Cell: 5.550967510596102
ci_generation_adv_geothermal: 1.595508730960149
ci_generation_allam_ccs: 1.7259370209926104
ci_generation_battery_discharger: 21.934303280790953
ci_generation_onwind: 3948106.0178522673
ci_generation_solar: 567113.974215077
ci_marginal_cost_adv_geothermal: 0.0
ci_marginal_cost_allam_ccs: 142.9587242128842
ci_marginal_cost_grid: 156501740.04617232
ci_marginal_cost_onwind: 59221.59026778403
ci_marginal_cost_solar: 5671.139742150769
ci_revenue_grid: 105279283.30080804
ci_total_cost: 339586540.5125826
co2_price: 80.0
emissions: 511464872.85404885
emissions_zone: 5.213479231937867
objective: 141971875922.317
system_emission_rate: 0.15935386386789419
system_emissions: 170488290.9513498
system_grid_cfe_wavg: 0.7966412556576074
system_inv_H2_Electrolysis-2025: 107.72460692628276
system_inv_H2_Fuel_Cell-2025: 22.430194053727238
system_inv_OCGT-2025: 17046.229152320364
system_inv_battery_charger-2025: 1714.883894212839
system_inv_battery_discharger-2025: 1750.2458616006181
system_inv_offwind-ac-2025: 542.045575225243
system_inv_offwind-dc-2025: 34740.74564459701
system_inv_onwind-2025: 113350.35591941015
system_inv_solar-2025: 189003.49338337316
system_inv_solar_rooftop-2025: 0.0
zone_average_marginal_price: 108.14438323385271
