ci_average cost: 80.65213192457257
ci_average_revenue: 20.998558477117836
ci_cap_H2_Electrolysis: 0.025526871691770217
ci_cap_H2_Fuel_Cell: 0.014598851298932068
ci_cap_adv_geothermal: 0.0007377932552494182
ci_cap_allam_ccs: 354.2330312351866
ci_cap_battery_charger: 93.22879757660348
ci_cap_battery_discharger: 95.15123308995288
ci_cap_onwind: 1205.5673602682534
ci_cap_solar: 632.3944656475655
ci_capital_cost_adv_geothermal: 594.5610497530587
ci_capital_cost_allam_ccs: 90477660.16890968
ci_capital_cost_battery_inverter: 2963834.0130000995
ci_capital_cost_battery_storage: 11180652.519754821
ci_capital_cost_grid: 0.0
ci_capital_cost_hydrogen_electrolysis: 2156.1930172119355
ci_capital_cost_hydrogen_fuel_cell: 3370.1886666920336
ci_capital_cost_hydrogen_storage: 700.111676726167
ci_capital_cost_onwind: 138376267.06966907
ci_capital_cost_solar: 34972171.725618385
ci_clean_excess_total: 981119.3410566142
ci_clean_total: 5774298.53522187
ci_clean_used_grid_total: 63365.44753352368
ci_clean_used_local_total: 4793179.194165256
ci_clean_used_total: 4856544.64169878
ci_cost_adv_geothermal: 594.5610497530587
ci_cost_allam_ccs: 194918945.91748625
ci_cost_battery_inverter: 2963834.0130000995
ci_cost_battery_storage: 11180652.519754821
ci_cost_grid: 13163627.344715178
ci_cost_hydrogen_electrolysis: 2156.1930172119355
ci_cost_hydrogen_fuel_cell: 3370.1886666920336
ci_cost_hydrogen_storage: 700.111676726167
ci_cost_onwind: 138434988.2547574
ci_cost_solar: 34978229.26505904
ci_demand_total: 4905600.0
ci_emission_rate_local: 0.015287569949470113
ci_emission_rate_myopic: 0.004998912351961848
ci_emission_rate_true: 0.009706050196551576
ci_emissions: 47613.99984420341
ci_fraction_clean: 1.1770830347402703
ci_fraction_clean_excess: 0.19999986567527198
ci_fraction_clean_used: 0.990000130809438
ci_fraction_clean_used_grid: 0.012916961744439757
ci_fraction_clean_used_local: 0.9770831690649984
ci_generation_H2_Fuel_Cell: 41.163485630553964
ci_generation_adv_geothermal: 5.126325032896064
ci_generation_allam_ccs: 1260916.9715666105
ci_generation_battery_discharger: 168995.64453144203
ci_generation_onwind: 3914745.672555396
ci_generation_solar: 605753.9440655669
ci_marginal_cost_adv_geothermal: 0.0
ci_marginal_cost_allam_ccs: 104441285.74857657
ci_marginal_cost_grid: 13163627.344715178
ci_marginal_cost_onwind: 58721.18508833096
ci_marginal_cost_solar: 6057.539440655668
ci_revenue_grid: 103010528.46534926
ci_total_cost: 395647098.3691832
co2_price: 80.0
emissions: 510355039.4949996
emissions_zone: 5.153765151410603
objective: 142030479851.5433
system_emission_rate: 0.15900808013297776
system_emissions: 170118346.49833328
system_grid_cfe_wavg: 0.7964002814294314
system_inv_H2_Electrolysis-2025: 108.28597050186761
system_inv_H2_Fuel_Cell-2025: 22.54086244777468
system_inv_OCGT-2025: 17043.29788066359
system_inv_battery_charger-2025: 1714.1381048599224
system_inv_battery_discharger-2025: 1749.4846936096108
system_inv_offwind-ac-2025: 542.0437973445873
system_inv_offwind-dc-2025: 34770.737919054016
system_inv_onwind-2025: 113355.68721499776
system_inv_solar-2025: 188996.1232318085
system_inv_solar_rooftop-2025: 0.0
zone_average_marginal_price: 107.99985793074832
