ci_average cost: 108.70466955103065
ci_average_revenue: 0.0
ci_cap_H2_Electrolysis: 0.0
ci_cap_H2_Fuel_Cell: 0.0
ci_cap_adv_geothermal: 0.0
ci_cap_allam_ccs: 0.0
ci_cap_battery_charger: 0.0
ci_cap_battery_discharger: 0.0
ci_cap_onwind: 0.0
ci_cap_solar: 0.0
ci_capital_cost_adv_geothermal: 0.0
ci_capital_cost_allam_ccs: 0.0
ci_capital_cost_battery_inverter: 0.0
ci_capital_cost_battery_storage: 0.0
ci_capital_cost_grid: 0.0
ci_capital_cost_hydrogen_electrolysis: 0.0
ci_capital_cost_hydrogen_fuel_cell: 0.0
ci_capital_cost_hydrogen_storage: 0.0
ci_capital_cost_onwind: 0.0
ci_capital_cost_solar: 0.0
ci_clean_excess_total: 0.0
ci_clean_total: 0.0
ci_clean_used_grid_total: 3906450.039743905
ci_clean_used_local_total: 0.0
ci_clean_used_total: 3906450.039743905
ci_cost_adv_geothermal: 0.0
ci_cost_allam_ccs: 0.0
ci_cost_battery_inverter: 0.0
ci_cost_battery_storage: 0.0
ci_cost_grid: 533261626.94953597
ci_cost_hydrogen_electrolysis: 0.0
ci_cost_hydrogen_fuel_cell: 0.0
ci_cost_hydrogen_storage: 0.0
ci_cost_onwind: 0.0
ci_cost_solar: 0.0
ci_demand_total: 4905600.0
ci_emission_rate_local: 0.4062637767472261
ci_emission_rate_myopic: 0.15652778684327337
ci_emission_rate_true: 0.2299858135223412
ci_emissions: 1128218.406815197
ci_fraction_clean: 0.0
ci_fraction_clean_excess: 0.0
ci_fraction_clean_used: 0.7963246167123094
ci_fraction_clean_used_grid: 0.7963246167123094
ci_fraction_clean_used_local: 0.0
ci_generation_H2_Fuel_Cell: -0.0
ci_generation_adv_geothermal: 0.0
ci_generation_allam_ccs: 0.0
ci_generation_battery_discharger: -0.0
ci_generation_onwind: 0.0
ci_generation_solar: 0.0
ci_marginal_cost_adv_geothermal: 0.0
ci_marginal_cost_allam_ccs: 0.0
ci_marginal_cost_grid: 533261626.94953597
ci_marginal_cost_onwind: 0.0
ci_marginal_cost_solar: 0.0
ci_revenue_grid: 0.0
ci_total_cost: 533261626.94953597
co2_price: 80.0
emissions: 515031698.9666524
emissions_zone: 5.458735529623714
objective: 142269447558.7835
system_emission_rate: 0.16046515723906293
system_emissions: 171677232.9888845
system_grid_cfe_wavg: 0.7896249697411458
system_inv_H2_Electrolysis-2025: 107.71523574475371
system_inv_H2_Fuel_Cell-2025: 22.433033283961638
system_inv_OCGT-2025: 17056.79542665219
system_inv_battery_charger-2025: 1715.1276559046896
system_inv_battery_discharger-2025: 1750.4946498094391
system_inv_offwind-ac-2025: 542.0742708923315
system_inv_offwind-dc-2025: 34703.866853211664
system_inv_onwind-2025: 113414.78318755738
system_inv_solar-2025: 188900.34943999496
system_inv_solar_rooftop-2025: 0.0
zone_average_marginal_price: 108.70466955103066
