ci_average cost: 74.35016392257808
ci_average_revenue: 22.950830636122753
ci_cap_H2_Electrolysis: 0.0
ci_cap_H2_Fuel_Cell: 0.0
ci_cap_adv_geothermal: 0.0
ci_cap_allam_ccs: 0.0
ci_cap_battery_charger: 0.0
ci_cap_battery_discharger: 0.0
ci_cap_onwind: 1759.6292667220787
ci_cap_solar: 899.6016019373258
ci_capital_cost_adv_geothermal: 0.0
ci_capital_cost_allam_ccs: 0.0
ci_capital_cost_battery_inverter: 0.0
ci_capital_cost_battery_storage: 0.0
ci_capital_cost_grid: 0.0
ci_capital_cost_hydrogen_electrolysis: 0.0
ci_capital_cost_hydrogen_fuel_cell: 0.0
ci_capital_cost_hydrogen_storage: 0.0
ci_capital_cost_onwind: 201972065.08756226
ci_capital_cost_solar: 49749046.54704367
ci_clean_excess_total: 981119.3455657075
ci_clean_total: 4905600.000007388
ci_clean_used_grid_total: 614868.8882676675
ci_clean_used_local_total: 3924480.6544416808
ci_clean_used_total: 4539349.542709349
ci_cost_adv_geothermal: 0.0
ci_cost_allam_ccs: 0.0
ci_cost_battery_inverter: 0.0
ci_cost_battery_storage: 0.0
ci_cost_grid: 112941721.97076233
ci_cost_hydrogen_electrolysis: 0.0
ci_cost_hydrogen_fuel_cell: 0.0
ci_cost_hydrogen_storage: 0.0
ci_cost_onwind: 202032888.68725443
ci_cost_solar: 49757553.480582304
ci_demand_total: 4905600.0
ci_emission_rate_local: 0.1245177441858271
ci_emission_rate_myopic: 0.04003380665161561
ci_emission_rate_true: 0.07411222126609555
ci_emissions: 363564.9126429584
ci_fraction_clean: 1.0000000000015061
ci_fraction_clean_excess: 0.19999986659444463
ci_fraction_clean_used: 0.9253403340487094
ci_fraction_clean_used_grid: 0.1253402006416478
ci_fraction_clean_used_local: 0.8000001334070614
ci_generation_H2_Fuel_Cell: -0.0
ci_generation_adv_geothermal: 0.0
ci_generation_allam_ccs: 0.0
ci_generation_battery_discharger: -0.0
ci_generation_onwind: 4054906.646144212
ci_generation_solar: 850693.3538631762
ci_marginal_cost_adv_geothermal: 0.0
ci_marginal_cost_allam_ccs: 0.0
ci_marginal_cost_grid: 112941721.97076233
ci_marginal_cost_onwind: 60823.5996921632
ci_marginal_cost_solar: 8506.93353863176
ci_revenue_grid: 112587594.76856378
ci_total_cost: 364732164.13859904
co2_price: 80.0
emissions: 510935873.79611
emissions_zone: 5.201294137059086
objective: 141989861040.9974
system_emission_rate: 0.15918904698927888
system_emissions: 170311957.93203652
system_grid_cfe_wavg: 0.798032605813977
system_inv_H2_Electrolysis-2025: 107.756291731898
system_inv_H2_Fuel_Cell-2025: 22.443122849977623
system_inv_OCGT-2025: 17044.366765196897
system_inv_battery_charger-2025: 1715.1072914564081
system_inv_battery_discharger-2025: 1750.473865433629
system_inv_offwind-ac-2025: 542.0794993851906
system_inv_offwind-dc-2025: 34773.121294398436
system_inv_onwind-2025: 113352.9814719894
system_inv_solar-2025: 188994.29157817402
system_inv_solar_rooftop-2025: 0.0
zone_average_marginal_price: 108.08048585744758
