ci_average cost: 101.64107306841595
ci_average_revenue: 20.484510793052745
ci_cap_H2_Electrolysis: 58.293949082733185
ci_cap_H2_Fuel_Cell: 49.528056469318436
ci_cap_adv_geothermal: 0.0012586921532512039
ci_cap_allam_ccs: 444.481650310959
ci_cap_battery_charger: 105.19407489612512
ci_cap_battery_discharger: 107.36324183414213
ci_cap_onwind: 960.9375434972146
ci_cap_solar: 1406.796993163188
ci_capital_cost_adv_geothermal: 1014.3347375817091
ci_capital_cost_allam_ccs: 107797756.28589492
ci_capital_cost_battery_inverter: 2504183.5076473537
ci_capital_cost_battery_storage: 9898002.326612912
ci_capital_cost_grid: 0.0
ci_capital_cost_hydrogen_electrolysis: 3880309.423693215
ci_capital_cost_hydrogen_fuel_cell: 10480892.200358115
ci_capital_cost_hydrogen_storage: 906952.5408499474
ci_capital_cost_onwind: 105114235.99131384
ci_capital_cost_solar: 67513515.3654628
ci_clean_excess_total: 963597.763323167
ci_clean_total: 5762257.115096982
ci_clean_used_grid_total: 19342.85876946449
ci_clean_used_local_total: 4798659.351773815
ci_clean_used_total: 4818002.21054328
ci_cost_adv_geothermal: 1014.3347375817091
ci_cost_allam_ccs: 288928155.07973486
ci_cost_battery_inverter: 2504183.5076473537
ci_cost_battery_storage: 9898002.326612912
ci_cost_grid: 430109.9756681954
ci_cost_hydrogen_electrolysis: 3880309.423693215
ci_cost_hydrogen_fuel_cell: 10480892.200358115
ci_cost_hydrogen_storage: 906952.5408499474
ci_cost_onwind: 105150842.53246601
ci_cost_solar: 67526228.12185986
ci_demand_total: 4818000.0
ci_emission_rate_local: 4.320361649775118e-10
ci_emission_rate_myopic: 0.00034581691431584047
ci_emission_rate_true: 1.397187006081551e-05
ci_emissions: 67.31646995300912
ci_fraction_clean: 1.1959852874838068
ci_fraction_clean_excess: 0.19999953576653529
ci_fraction_clean_used: 1.000000458809315
ci_fraction_clean_used_grid: 0.0040147070920432725
ci_fraction_clean_used_local: 0.9959857517172718
ci_generation_H2_Fuel_Cell: 65988.84322345591
ci_generation_adv_geothermal: 9.005550116190697
ci_generation_allam_ccs: 2186782.6718984433
ci_generation_battery_discharger: 195607.4517557553
ci_generation_onwind: 2440436.0768114347
ci_generation_solar: 1271275.639706989
ci_marginal_cost_adv_geothermal: 0.0
ci_marginal_cost_allam_ccs: 181130398.79383993
ci_marginal_cost_grid: 430109.9756681954
ci_marginal_cost_onwind: 36606.54115217154
ci_marginal_cost_solar: 12712.756397069896
ci_revenue_grid: 98694373.00092813
ci_total_cost: 489706690.04362804
co2_price: 130.0
emissions: 296143231.3905139
emissions_zone: 1.7957571450200691
objective: 164583255394.2357
system_emission_rate: 0.09226494862470294
system_emissions: 98714410.46350454
system_grid_cfe_wavg: 0.7397156169082516
system_inv_H2_Electrolysis-2030: 7735.484597664758
system_inv_H2_Fuel_Cell-2030: 1706.825101898228
system_inv_OCGT-2030: 69327.97547923
system_inv_battery_charger-2030: 28131.398568863988
system_inv_battery_discharger-2030: 28711.48542029564
system_inv_offwind-ac-2030: 6091.234619612738
system_inv_offwind-dc-2030: 57836.42365768266
system_inv_onwind-2030: 222236.360366622
system_inv_solar-2030: 390047.0298494497
system_inv_solar_rooftop-2030: 0.0
zone_average_marginal_price: 72.61555607666122
