ci_average cost: 75.57804734677634
ci_average_revenue: 10.578530638340276
ci_cap_H2_Electrolysis: 0.02702573089306736
ci_cap_H2_Fuel_Cell: 0.0074214049992013115
ci_cap_adv_geothermal: 0.0013084673040462782
ci_cap_allam_ccs: 0.0021453653825280593
ci_cap_battery_charger: 0.19173783039423212
ci_cap_battery_discharger: 0.19569158313999252
ci_cap_onwind: 899.0844937499551
ci_cap_solar: 2276.2723870257123
ci_capital_cost_adv_geothermal: 1054.4467414496917
ci_capital_cost_allam_ccs: 520.3039866508825
ci_capital_cost_battery_inverter: 4564.389326484851
ci_capital_cost_battery_storage: 13612.407346042963
ci_capital_cost_grid: 0.0
ci_capital_cost_hydrogen_electrolysis: 1798.9551217011021
ci_capital_cost_hydrogen_fuel_cell: 1570.4824965222006
ci_capital_cost_hydrogen_storage: 1169.0283123501774
ci_capital_cost_onwind: 98348306.08055815
ci_capital_cost_solar: 109240460.08364789
ci_clean_excess_total: 963570.9566266664
ci_clean_total: 4287168.212813951
ci_clean_used_grid_total: 598152.3423870443
ci_clean_used_local_total: 3323597.2561872853
ci_clean_used_total: 3921749.5985743296
ci_cost_adv_geothermal: 1054.4467414496917
ci_cost_allam_ccs: 1222.0834822163506
ci_cost_battery_inverter: 4564.389326484851
ci_cost_battery_storage: 13612.407346042963
ci_cost_grid: 156466959.94246003
ci_cost_hydrogen_electrolysis: 1798.9551217011021
ci_cost_hydrogen_fuel_cell: 1570.4824965222006
ci_cost_hydrogen_storage: 1169.0283123501774
ci_cost_onwind: 98382631.47877923
ci_cost_solar: 109260448.90270238
ci_demand_total: 4818000.0
ci_emission_rate_local: 0.07623250909189432
ci_emission_rate_myopic: 0.03719138098716611
ci_emission_rate_true: 0.06873846463773367
ci_emissions: 331181.9226246009
ci_fraction_clean: 0.8898232073088317
ci_fraction_clean_excess: 0.19999397190258744
ci_fraction_clean_used: 0.8139787460718825
ci_fraction_clean_used_grid: 0.12414951066563809
ci_fraction_clean_used_local: 0.6898292354062443
ci_generation_H2_Fuel_Cell: 34.52952038363778
ci_generation_adv_geothermal: 8.318774233821708
ci_generation_allam_ccs: 8.472565900674137
ci_generation_battery_discharger: 560.1011944911024
ci_generation_onwind: 2288359.8814048404
ci_generation_solar: 1998881.9054484833
ci_marginal_cost_adv_geothermal: 0.0
ci_marginal_cost_allam_ccs: 701.7794955654681
ci_marginal_cost_grid: 156466959.94246003
ci_marginal_cost_onwind: 34325.39822107263
ci_marginal_cost_solar: 19988.81905448484
ci_revenue_grid: 50967360.61552345
ci_total_cost: 364135032.1167684
co2_price: 130.0
emissions: 296773636.9133875
emissions_zone: 2.4236709080489676
objective: 164503818510.1271
system_emission_rate: 0.09246135471140486
system_emissions: 98924545.63779578
system_grid_cfe_wavg: 0.7031114598804163
system_inv_H2_Electrolysis-2030: 7873.365901632455
system_inv_H2_Fuel_Cell-2030: 1734.8845577907632
system_inv_OCGT-2030: 69269.27676774107
system_inv_battery_charger-2030: 28162.686258953967
system_inv_battery_discharger-2030: 28743.41828192192
system_inv_offwind-ac-2030: 6092.866730472577
system_inv_offwind-dc-2030: 57899.386495507
system_inv_onwind-2030: 222346.6973593336
system_inv_solar-2030: 389219.08348275063
system_inv_solar_rooftop-2030: 0.0
zone_average_marginal_price: 74.19954907898158
