ci_average cost: 76.57935935086986
ci_average_revenue: 10.990341543190027
ci_cap_H2_Electrolysis: 0.011907258344225728
ci_cap_H2_Fuel_Cell: 0.003370951898165745
ci_cap_adv_geothermal: 0.0004564040700269946
ci_cap_allam_ccs: 0.0008588467358591237
ci_cap_battery_charger: 153.07291127653076
ci_cap_battery_discharger: 156.22936945704083
ci_cap_onwind: 993.5776243717546
ci_cap_solar: 2536.082667093209
ci_capital_cost_adv_geothermal: 367.7996255130883
ci_capital_cost_allam_ccs: 208.29150326972564
ci_capital_cost_battery_inverter: 3643956.755784682
ci_capital_cost_battery_storage: 11191490.849855702
ci_capital_cost_grid: 0.0
ci_capital_cost_hydrogen_electrolysis: 792.6010759345596
ci_capital_cost_hydrogen_fuel_cell: 713.3448387815151
ci_capital_cost_hydrogen_storage: 458.1049690361655
ci_capital_cost_onwind: 108684641.98391925
ci_capital_cost_solar: 121709000.61983554
ci_clean_excess_total: 963592.7689829124
ci_clean_total: 4612930.449135356
ci_clean_used_grid_total: 445970.1948597042
ci_clean_used_local_total: 3649337.6801524437
ci_clean_used_total: 4095307.8750121477
ci_cost_adv_geothermal: 367.7996255130883
ci_cost_allam_ccs: 513.2288162163549
ci_cost_battery_inverter: 3643956.755784682
ci_cost_battery_storage: 11191490.849855702
ci_cost_grid: 123669168.24432033
ci_cost_hydrogen_electrolysis: 792.6010759345596
ci_cost_hydrogen_fuel_cell: 713.3448387815151
ci_cost_hydrogen_storage: 458.1049690361655
ci_cost_onwind: 108720597.87206335
ci_cost_solar: 121731294.55114143
ci_demand_total: 4818000.0
ci_emission_rate_local: 0.06073952408179606
ci_emission_rate_myopic: 0.02964122653338931
ci_emission_rate_true: 0.05552058285123705
ci_emissions: 267498.16817726014
ci_fraction_clean: 0.9574367889446567
ci_fraction_clean_excess: 0.19999849916623338
ci_fraction_clean_used: 0.8500016344981627
ci_fraction_clean_used_grid: 0.09256334471973934
ci_fraction_clean_used_local: 0.7574382897784233
ci_generation_H2_Fuel_Cell: 15.780168231865066
ci_generation_adv_geothermal: 2.9823475285307177
ci_generation_allam_ccs: 3.6815003798779244
ci_generation_battery_discharger: 323950.99814774405
ci_generation_onwind: 2397059.209606748
ci_generation_solar: 2229393.13058927
ci_marginal_cost_adv_geothermal: 0.0
ci_marginal_cost_allam_ccs: 304.9373129466292
ci_marginal_cost_grid: 123669168.24432033
ci_marginal_cost_onwind: 35955.88814410124
ci_marginal_cost_solar: 22293.931305892707
ci_revenue_grid: 52951465.55508955
ci_total_cost: 368959353.352491
co2_price: 130.0
emissions: 296659949.3163644
emissions_zone: 2.3471774009765145
objective: 164505594162.86832
system_emission_rate: 0.09242593475515826
system_emissions: 98886649.77212149
system_grid_cfe_wavg: 0.7074969228472269
system_inv_H2_Electrolysis-2030: 7877.75171370033
system_inv_H2_Fuel_Cell-2030: 1736.8869729307207
system_inv_OCGT-2030: 69297.74725736245
system_inv_battery_charger-2030: 28120.03879993429
system_inv_battery_discharger-2030: 28699.891405899078
system_inv_offwind-ac-2030: 6091.772482116958
system_inv_offwind-dc-2030: 57877.38464434929
system_inv_onwind-2030: 222354.46587623763
system_inv_solar-2030: 389236.9722011276
system_inv_solar_rooftop-2030: 0.0
zone_average_marginal_price: 73.38034183503191
