ci_average cost: 93.72656570754464
ci_average_revenue: 18.611163140315643
ci_cap_H2_Electrolysis: 6.091467499591689
ci_cap_H2_Fuel_Cell: 3.080185365199773
ci_cap_adv_geothermal: 0.00039855925272567084
ci_cap_allam_ccs: 284.4569720619924
ci_cap_battery_charger: 337.16016340107717
ci_cap_battery_discharger: 344.11261466782594
ci_cap_onwind: 854.739372426794
ci_cap_solar: 2527.9258851559352
ci_capital_cost_adv_geothermal: 321.1845676323785
ci_capital_cost_allam_ccs: 68987827.34160091
ci_capital_cost_battery_inverter: 8026221.262541519
ci_capital_cost_battery_storage: 31764057.88621801
ci_capital_cost_grid: 0.0
ci_capital_cost_hydrogen_electrolysis: 405475.6816910839
ci_capital_cost_hydrogen_fuel_cell: 651814.2053439587
ci_capital_cost_hydrogen_storage: 199437.37696322324
ci_capital_cost_onwind: 93497518.86824676
ci_capital_cost_solar: 121317548.95670922
ci_clean_excess_total: 963597.7045883606
ci_clean_total: 5605677.990226185
ci_clean_used_grid_total: 127741.93971678744
ci_clean_used_local_total: 4642080.285637825
ci_clean_used_total: 4769822.225354612
ci_cost_adv_geothermal: 321.1845676323785
ci_cost_allam_ccs: 184208476.72518107
ci_cost_battery_inverter: 8026221.262541519
ci_cost_battery_storage: 31764057.88621801
ci_cost_grid: 11450929.125803482
ci_cost_hydrogen_electrolysis: 405475.6816910839
ci_cost_hydrogen_fuel_cell: 651814.2053439587
ci_cost_hydrogen_storage: 199437.37696322324
ci_cost_onwind: 93528194.54293291
ci_cost_solar: 121339665.5877071
ci_demand_total: 4818000.0
ci_emission_rate_local: 0.0036095244198271043
ci_emission_rate_myopic: 0.004188195906016679
ci_emission_rate_true: 0.004086840222464705
ci_emissions: 19690.39619183495
ci_fraction_clean: 1.163486506896261
ci_fraction_clean_excess: 0.19999952357583242
ci_fraction_clean_used: 0.9900004618834811
ci_fraction_clean_used_grid: 0.026513478563052605
ci_fraction_clean_used_local: 0.9634869833204286
ci_generation_H2_Fuel_Cell: 8210.403010317928
ci_generation_adv_geothermal: 2.756857585367289
ci_generation_allam_ccs: 1391055.9530301667
ci_generation_battery_discharger: 627624.6250034114
ci_generation_onwind: 2045044.979076267
ci_generation_solar: 2211663.0997885894
ci_marginal_cost_adv_geothermal: 0.0
ci_marginal_cost_allam_ccs: 115220649.38358016
ci_marginal_cost_grid: 11450929.125803482
ci_marginal_cost_onwind: 30675.674686144026
ci_marginal_cost_solar: 22116.630997885903
ci_revenue_grid: 89668584.01004077
ci_total_cost: 451574593.57895005
co2_price: 130.0
emissions: 296233960.16352344
emissions_zone: 1.9260476122457915
objective: 164552657392.93414
system_emission_rate: 0.09229321564110997
system_emissions: 98744653.3878412
system_grid_cfe_wavg: 0.7278604672369197
system_inv_H2_Electrolysis-2030: 7789.173685037198
system_inv_H2_Fuel_Cell-2030: 1715.6001114130966
system_inv_OCGT-2030: 69319.53416920766
system_inv_battery_charger-2030: 28123.00461779926
system_inv_battery_discharger-2030: 28702.91838076421
system_inv_offwind-ac-2030: 6092.2865154713945
system_inv_offwind-dc-2030: 57836.37176504758
system_inv_onwind-2030: 222324.6505982506
system_inv_solar-2030: 389496.82802170137
system_inv_solar_rooftop-2030: 0.0
zone_average_marginal_price: 73.70922902695875
