ci_average cost: 85.59059905754538
ci_average_revenue: 14.651680661163883
ci_cap_H2_Electrolysis: 0.1723999521178246
ci_cap_H2_Fuel_Cell: 0.06411024809389679
ci_cap_adv_geothermal: 0.0011332179045709418
ci_cap_allam_ccs: 0.03811473547389883
ci_cap_battery_charger: 639.7009788016703
ci_cap_battery_discharger: 652.8920089505064
ci_cap_onwind: 995.1801747042457
ci_cap_solar: 3718.1998171075393
ci_capital_cost_adv_geothermal: 913.2195532376979
ci_capital_cost_allam_ccs: 9243.762847447735
ci_capital_cost_battery_inverter: 15228316.257572984
ci_capital_cost_battery_storage: 61397049.58491312
ci_capital_cost_grid: 0.0
ci_capital_cost_hydrogen_electrolysis: 11475.722083910128
ci_capital_cost_hydrogen_fuel_cell: 13566.70637028922
ci_capital_cost_hydrogen_storage: 5847.568001749865
ci_capital_cost_onwind: 108859940.42550617
ci_capital_cost_solar: 178439918.27115852
ci_clean_excess_total: 963593.1362558701
ci_clean_total: 5279638.936591782
ci_clean_used_grid_total: 261060.926374721
ci_clean_used_local_total: 4316045.800335912
ci_clean_used_total: 4577106.726710633
ci_cost_adv_geothermal: 913.2195532376979
ci_cost_allam_ccs: 24380.60594823085
ci_cost_battery_inverter: 15228316.257572984
ci_cost_battery_storage: 61397049.58491312
ci_cost_grid: 48330102.87976462
ci_cost_hydrogen_electrolysis: 11475.722083910128
ci_cost_hydrogen_fuel_cell: 13566.70637028922
ci_cost_hydrogen_storage: 5847.568001749865
ci_cost_onwind: 108891954.25141189
ci_cost_solar: 178471899.46363354
ci_demand_total: 4818000.0
ci_emission_rate_local: 0.021813858949504
ci_emission_rate_myopic: 0.012961003450018528
ci_emission_rate_true: 0.0200302835610772
ci_emissions: 96505.90619726997
ci_fraction_clean: 1.0958154704424619
ci_fraction_clean_excess: 0.19999857539557286
ci_fraction_clean_used: 0.9500013961624395
ci_fraction_clean_used_grid: 0.054184501115550225
ci_fraction_clean_used_local: 0.8958168950468892
ci_generation_H2_Fuel_Cell: 247.067261586127
ci_generation_adv_geothermal: 7.671525004143069
ci_generation_allam_ccs: 182.7467196034449
ci_generation_battery_discharger: 1258711.8256900823
ci_generation_onwind: 2134255.0603811024
ci_generation_solar: 3198119.247500995
ci_marginal_cost_adv_geothermal: 0.0
ci_marginal_cost_allam_ccs: 15136.843100783115
ci_marginal_cost_grid: 48330102.87976462
ci_marginal_cost_onwind: 32013.825905716556
ci_marginal_cost_solar: 31981.192475009964
ci_revenue_grid: 70591797.4254876
ci_total_cost: 412375506.2592536
co2_price: 130.0
emissions: 296409465.899007
emissions_zone: 2.0937728807522644
objective: 164526505242.77658
system_emission_rate: 0.0923478953567046
system_emissions: 98803155.29966897
system_grid_cfe_wavg: 0.7192009954565586
system_inv_H2_Electrolysis-2030: 7832.368672729028
system_inv_H2_Fuel_Cell-2030: 1724.4888674912852
system_inv_OCGT-2030: 69312.0535411471
system_inv_battery_charger-2030: 28121.995697972587
system_inv_battery_discharger-2030: 28701.888656386214
system_inv_offwind-ac-2030: 6092.653723061458
system_inv_offwind-dc-2030: 57840.886817687686
system_inv_onwind-2030: 222330.26735993417
system_inv_solar-2030: 389189.9847477076
system_inv_solar_rooftop-2030: 0.0
zone_average_marginal_price: 71.37112105429819
