ci_average cost: 90.94311440340165
ci_average_revenue: 17.477614866113196
ci_cap_H2_Electrolysis: 2.7221952047388913
ci_cap_H2_Fuel_Cell: 1.1804224024048804
ci_cap_adv_geothermal: 0.0023346428434895448
ci_cap_allam_ccs: 190.19186976640975
ci_cap_battery_charger: 455.84245980074286
ci_cap_battery_discharger: 465.24221348193186
ci_cap_onwind: 933.9862191884474
ci_cap_solar: 2918.0796954130874
ci_capital_cost_adv_geothermal: 1881.4047023977644
ci_capital_cost_allam_ccs: 46126216.48226589
ci_capital_cost_battery_inverter: 10851496.826657014
ci_capital_cost_battery_storage: 42273357.44484692
ci_capital_cost_grid: 0.0
ci_capital_cost_hydrogen_electrolysis: 181201.6490955075
ci_capital_cost_hydrogen_fuel_cell: 249795.38533189593
ci_capital_cost_hydrogen_storage: 93244.63384867935
ci_capital_cost_onwind: 102166106.96582074
ci_capital_cost_solar: 140041398.51830307
ci_clean_excess_total: 963584.385527205
ci_clean_total: 5543945.335278876
ci_clean_used_grid_total: 141294.55977431865
ci_clean_used_local_total: 4580360.949751671
ci_clean_used_total: 4721655.50952599
ci_cost_adv_geothermal: 1881.4047023977644
ci_cost_allam_ccs: 122687150.47030452
ci_cost_battery_inverter: 10851496.826657014
ci_cost_battery_storage: 42273357.44484692
ci_cost_grid: 19560995.166257624
ci_cost_hydrogen_electrolysis: 181201.6490955075
ci_cost_hydrogen_fuel_cell: 249795.38533189593
ci_cost_hydrogen_storage: 93244.63384867935
ci_cost_onwind: 102198021.75976051
ci_cost_solar: 140066780.45478415
ci_demand_total: 4818000.0
ci_emission_rate_local: 0.007738108268284475
ci_emission_rate_myopic: 0.005978504471271324
ci_emission_rate_true: 0.007847356208387501
ci_emissions: 37808.56221201098
ci_fraction_clean: 1.150673585570543
ci_fraction_clean_excess: 0.1999967591380666
ci_fraction_clean_used: 0.9800032190796991
ci_fraction_clean_used_grid: 0.029326392647222633
ci_fraction_clean_used_local: 0.9506768264324764
ci_generation_H2_Fuel_Cell: 3763.988407444239
ci_generation_adv_geothermal: 15.958868766473687
ci_generation_allam_ccs: 924318.1978523714
ci_generation_battery_discharger: 934294.4482026119
ci_generation_onwind: 2127652.929318127
ci_generation_solar: 2538193.648109597
ci_marginal_cost_adv_geothermal: 0.0
ci_marginal_cost_allam_ccs: 76560933.98803863
ci_marginal_cost_grid: 19560995.166257624
ci_marginal_cost_onwind: 31914.79393977193
ci_marginal_cost_solar: 25381.93648109598
ci_revenue_grid: 84207148.42493337
ci_total_cost: 438163925.1955892
co2_price: 130.0
emissions: 296280435.906825
emissions_zone: 1.9674104334123799
objective: 164543665672.0572
system_emission_rate: 0.09230769539824604
system_emissions: 98760145.30227509
system_grid_cfe_wavg: 0.7235533043749424
system_inv_H2_Electrolysis-2030: 7811.425180433491
system_inv_H2_Fuel_Cell-2030: 1720.7846800016152
system_inv_OCGT-2030: 69317.02171668696
system_inv_battery_charger-2030: 28121.510269683615
system_inv_battery_discharger-2030: 28701.39321826545
system_inv_offwind-ac-2030: 6092.491925510908
system_inv_offwind-dc-2030: 57836.668252041505
system_inv_onwind-2030: 222327.7797620826
system_inv_solar-2030: 389347.0597413708
system_inv_solar_rooftop-2030: 0.0
zone_average_marginal_price: 73.00165987475403
