ci_average cost: 78.7235138337451
ci_average_revenue: 11.45385659088333
ci_cap_H2_Electrolysis: 0.026371617376193666
ci_cap_H2_Fuel_Cell: 0.007857407252720609
ci_cap_adv_geothermal: 0.0008120906927163994
ci_cap_allam_ccs: 0.0020426172902697783
ci_cap_battery_charger: 401.38757671146493
ci_cap_battery_discharger: 409.6644369965431
ci_cap_onwind: 1012.2501703949772
ci_cap_solar: 2928.1307275395993
ci_capital_cost_adv_geothermal: 654.4346825086157
ci_capital_cost_allam_ccs: 495.38504162728015
ci_capital_cost_battery_inverter: 9555178.376424057
ci_capital_cost_battery_storage: 31880694.298842665
ci_capital_cost_grid: 0.0
ci_capital_cost_hydrogen_electrolysis: 1755.4143617486782
ci_capital_cost_hydrogen_fuel_cell: 1662.747223709301
ci_capital_cost_hydrogen_storage: 910.5257140451104
ci_capital_cost_onwind: 110727178.90270847
ci_capital_cost_solar: 140523757.03570807
ci_clean_excess_total: 963591.9108900473
ci_clean_total: 4948717.308007758
ci_clean_used_grid_total: 351082.8205168012
ci_clean_used_local_total: 3985125.3971177107
ci_clean_used_total: 4336208.217634512
ci_cost_adv_geothermal: 654.4346825086157
ci_cost_allam_ccs: 1246.200806804003
ci_cost_battery_inverter: 9555178.376424057
ci_cost_battery_storage: 31880694.298842665
ci_cost_grid: 86534930.65929139
ci_cost_hydrogen_electrolysis: 1755.4143617486782
ci_cost_hydrogen_fuel_cell: 1662.747223709301
ci_cost_hydrogen_storage: 910.5257140451104
ci_cost_onwind: 110763492.15356848
ci_cost_solar: 140549364.84006837
ci_demand_total: 4818000.0
ci_emission_rate_local: 0.04214443977099478
ci_emission_rate_myopic: 0.02131800799375897
ci_emission_rate_true: 0.03843499975098257
ci_emissions: 185179.828800234
ci_fraction_clean: 1.0271310311348605
ci_fraction_clean_excess: 0.19999832106476698
ci_fraction_clean_used: 0.9000017056111482
ci_fraction_clean_used_grid: 0.07286899554105462
ci_fraction_clean_used_local: 0.8271327100700936
ci_generation_H2_Fuel_Cell: 35.9919730454923
ci_generation_adv_geothermal: 5.458369503299571
ci_generation_allam_ccs: 9.06457952949898
ci_generation_battery_discharger: 789390.2693712207
ci_generation_onwind: 2420883.3906673584
ci_generation_solar: 2560780.4360287692
ci_marginal_cost_adv_geothermal: 0.0
ci_marginal_cost_allam_ccs: 750.8157651767228
ci_marginal_cost_grid: 86534930.65929139
ci_marginal_cost_onwind: 36313.2508600104
ci_marginal_cost_solar: 25607.8043602877
ci_revenue_grid: 55184681.05487588
ci_total_cost: 379289889.65098387
co2_price: 130.0
emissions: 296543077.15307105
emissions_zone: 2.2438651533942653
objective: 164512376879.17142
system_emission_rate: 0.09238952263089226
system_emissions: 98847692.38435702
system_grid_cfe_wavg: 0.713070218477041
system_inv_H2_Electrolysis-2030: 7871.787328824586
system_inv_H2_Fuel_Cell-2030: 1734.4709953316437
system_inv_OCGT-2030: 69295.49823084843
system_inv_battery_charger-2030: 28125.244359022592
system_inv_battery_discharger-2030: 28705.204306837946
system_inv_offwind-ac-2030: 6092.052564772512
system_inv_offwind-dc-2030: 57836.475619085155
system_inv_onwind-2030: 222377.41032837826
system_inv_solar-2030: 389318.9093339075
system_inv_solar_rooftop-2030: 0.0
zone_average_marginal_price: 72.6588368330719
