ci_average cost: 83.34066071076607
ci_average_revenue: 0.0
ci_cap_H2_Electrolysis: 0.0
ci_cap_H2_Fuel_Cell: 0.0
ci_cap_adv_geothermal: 0.0
ci_cap_allam_ccs: 0.0
ci_cap_battery_charger: 0.0
ci_cap_battery_discharger: 0.0
ci_cap_onwind: 0.0
ci_cap_solar: 0.0
ci_capital_cost_adv_geothermal: 0.0
ci_capital_cost_allam_ccs: 0.0
ci_capital_cost_battery_inverter: 0.0
ci_capital_cost_battery_storage: 0.0
ci_capital_cost_grid: 0.0
ci_capital_cost_hydrogen_electrolysis: 0.0
ci_capital_cost_hydrogen_fuel_cell: 0.0
ci_capital_cost_hydrogen_storage: 0.0
ci_capital_cost_onwind: 0.0
ci_capital_cost_solar: 0.0
ci_clean_excess_total: 0.0
ci_clean_total: 0.0
ci_clean_used_grid_total: 3258662.1467232783
ci_clean_used_local_total: 0.0
ci_clean_used_total: 3258662.1467232783
ci_cost_adv_geothermal: 0.0
ci_cost_allam_ccs: 0.0
ci_cost_battery_inverter: 0.0
ci_cost_battery_storage: 0.0
ci_cost_grid: 401535303.30447096
ci_cost_hydrogen_electrolysis: 0.0
ci_cost_hydrogen_fuel_cell: 0.0
ci_cost_hydrogen_storage: 0.0
ci_cost_onwind: 0.0
ci_cost_solar: 0.0
ci_demand_total: 4818000.0
ci_emission_rate_local: 0.13178404589128181
ci_emission_rate_myopic: 0.09164773570781684
ci_emission_rate_true: 0.12180602198263812
ci_emissions: 586861.4139123505
ci_fraction_clean: 0.0
ci_fraction_clean_excess: 0.0
ci_fraction_clean_used: 0.6763516286266663
ci_fraction_clean_used_grid: 0.6763516286266663
ci_fraction_clean_used_local: 0.0
ci_generation_H2_Fuel_Cell: -0.0
ci_generation_adv_geothermal: 0.0
ci_generation_allam_ccs: 0.0
ci_generation_battery_discharger: -0.0
ci_generation_onwind: 0.0
ci_generation_solar: 0.0
ci_marginal_cost_adv_geothermal: 0.0
ci_marginal_cost_allam_ccs: 0.0
ci_marginal_cost_grid: 401535303.30447096
ci_marginal_cost_onwind: 0.0
ci_marginal_cost_solar: 0.0
ci_revenue_grid: 0.0
ci_total_cost: 401535303.30447096
co2_price: 130.0
emissions: 297754293.3913026
emissions_zone: 2.7744275489007855
objective: 164561406168.22656
system_emission_rate: 0.09276688328664359
system_emissions: 99251431.13043422
system_grid_cfe_wavg: 0.6758409910931151
system_inv_H2_Electrolysis-2030: 7278.486100563509
system_inv_H2_Fuel_Cell-2030: 1604.335930012251
system_inv_OCGT-2030: 69451.9895115086
system_inv_battery_charger-2030: 28146.148573937822
system_inv_battery_discharger-2030: 28726.53957960415
system_inv_offwind-ac-2030: 6089.259448966199
system_inv_offwind-dc-2030: 58000.89896671981
system_inv_onwind-2030: 221782.68183136472
system_inv_solar-2030: 390683.69501493854
system_inv_solar_rooftop-2030: 0.0
zone_average_marginal_price: 83.34066071076607
