ci_average cost: 81.50612862901893
ci_average_revenue: 13.058010722472629
ci_cap_H2_Electrolysis: 0.0
ci_cap_H2_Fuel_Cell: 0.0
ci_cap_adv_geothermal: 0.0
ci_cap_allam_ccs: 0.0
ci_cap_battery_charger: 0.0
ci_cap_battery_discharger: 0.0
ci_cap_onwind: 1765.5322540175534
ci_cap_solar: 1954.8587256973979
ci_capital_cost_adv_geothermal: 0.0
ci_capital_cost_allam_ccs: 0.0
ci_capital_cost_battery_inverter: 0.0
ci_capital_cost_battery_storage: 0.0
ci_capital_cost_grid: 0.0
ci_capital_cost_hydrogen_electrolysis: 0.0
ci_capital_cost_hydrogen_fuel_cell: 0.0
ci_capital_cost_hydrogen_storage: 0.0
ci_capital_cost_onwind: 193126572.33026022
ci_capital_cost_solar: 93815515.14261071
ci_clean_excess_total: 963598.8577917919
ci_clean_total: 4818000.000012709
ci_clean_used_grid_total: 252221.45471621552
ci_clean_used_local_total: 3854401.1422209167
ci_clean_used_total: 4106622.596937132
ci_cost_adv_geothermal: 0.0
ci_cost_allam_ccs: 0.0
ci_cost_battery_inverter: 0.0
ci_cost_battery_storage: 0.0
ci_cost_grid: 105690485.65362966
ci_cost_hydrogen_electrolysis: 0.0
ci_cost_hydrogen_fuel_cell: 0.0
ci_cost_hydrogen_storage: 0.0
ci_cost_onwind: 193173896.15459773
ci_cost_solar: 93832145.92638582
ci_demand_total: 4818000.0
ci_emission_rate_local: 0.059067478726824746
ci_emission_rate_myopic: 0.024549315841846275
ci_emission_rate_true: 0.052516003367274376
ci_emissions: 253022.10422352792
ci_fraction_clean: 1.000000000002638
ci_fraction_clean_excess: 0.199999762928973
ci_fraction_clean_used: 0.8523500616307871
ci_fraction_clean_used_grid: 0.05234982455712236
ci_fraction_clean_used_local: 0.8000002370736647
ci_generation_H2_Fuel_Cell: -0.0
ci_generation_adv_geothermal: 0.0
ci_generation_allam_ccs: 0.0
ci_generation_battery_discharger: -0.0
ci_generation_onwind: 3154921.6225018026
ci_generation_solar: 1663078.3775109055
ci_marginal_cost_adv_geothermal: 0.0
ci_marginal_cost_allam_ccs: 0.0
ci_marginal_cost_grid: 105690485.65362966
ci_marginal_cost_onwind: 47323.82433752707
ci_marginal_cost_solar: 16630.783775109063
ci_revenue_grid: 62913495.66087312
ci_total_cost: 392696527.7346132
co2_price: 130.0
emissions: 296620183.29076993
emissions_zone: 2.26656366440038
objective: 164515176857.92148
system_emission_rate: 0.09241354544512326
system_emissions: 98873394.43025674
system_grid_cfe_wavg: 0.7058343216293064
system_inv_H2_Electrolysis-2030: 7843.080814595565
system_inv_H2_Fuel_Cell-2030: 1739.6259441002474
system_inv_OCGT-2030: 69299.51250642183
system_inv_battery_charger-2030: 28137.54569538401
system_inv_battery_discharger-2030: 28717.759304369494
system_inv_offwind-ac-2030: 6091.794875463534
system_inv_offwind-dc-2030: 57836.38733060765
system_inv_onwind-2030: 222195.80360355842
system_inv_solar-2030: 389357.17426128965
system_inv_solar_rooftop-2030: 0.0
zone_average_marginal_price: 70.19980652941454
