ci_average cost: 245.97462028185777
ci_average_revenue: 24.418667238759955
ci_cap_battery_charger: 1077.0443433974622
ci_cap_battery_discharger: 1099.2536644336803
ci_cap_onwind: 6496.456235029676
ci_cap_solar: 10749.3956318167
ci_capital_cost_battery_inverter: 34240285.635431826
ci_capital_cost_battery_storage: 1025868888.52753
ci_capital_cost_grid: 0.0
ci_capital_cost_hydrogen_electrolysis: 0.0
ci_capital_cost_hydrogen_fuel_cell: 0.0
ci_capital_cost_hydrogen_storage: 0.0
ci_capital_cost_onwind: 745669958.0725664
ci_capital_cost_solar: 594454459.0496337
ci_clean_excess_total: 1951727.6923388508
ci_clean_total: 11710367.682111107
ci_clean_used_grid_total: 0.005395173073465523
ci_clean_used_local_total: 9758639.989772255
ci_clean_used_total: 9758639.995167427
ci_cost_battery_inverter: 34240285.635431826
ci_cost_battery_storage: 1025868888.52753
ci_cost_grid: 0.5787936154245743
ci_cost_hydrogen_electrolysis: 0.0
ci_cost_hydrogen_fuel_cell: 0.0
ci_cost_hydrogen_storage: 0.0
ci_cost_onwind: 745747461.2109516
ci_cost_solar: 594521132.5146421
ci_demand_total: 9758640.0
ci_emission_rate_local: 6.12878358243169e-11
ci_emission_rate_myopic: 1.4429042534647153e-11
ci_emission_rate_true: 6.165953817745967e-11
ci_emissions: 0.0006017132356400848
ci_fraction_clean: 1.1999999674248776
ci_fraction_clean_excess: 0.19999996847294815
ci_fraction_clean_used: 0.9999999995047903
ci_fraction_clean_used_grid: 5.528611644107707e-10
ci_fraction_clean_used_local: 0.9999999989519293
ci_generation_battery_discharger: 2972520.8693806767
ci_generation_onwind: 5166875.892347954
ci_generation_solar: 6667346.500842113
ci_marginal_cost_grid: 0.5787936154245743
ci_marginal_cost_onwind: 77503.13838521918
ci_marginal_cost_solar: 66673.46500842118
ci_revenue_grid: 238292982.86285245
ci_total_cost: 2400377768.4673486
co2_price: 80.0
emissions: 508723034.9037826
emissions_zone: 78.22696668227678
objective: 143494027654.83743
system_emission_rate: 0.1587396260362769
system_emissions: 169574344.96792692
system_grid_cfe_wavg: 0.6174467324606604
system_inv_H2_Electrolysis-2025: 104.69278391599285
system_inv_H2_Fuel_Cell-2025: 21.816980121010033
system_inv_OCGT-2025: 16989.727422515887
system_inv_battery_charger-2025: 1715.0204585822562
system_inv_battery_discharger-2025: 1750.3852420118642
system_inv_offwind-ac-2025: 542.0675174441446
system_inv_offwind-dc-2025: 34736.74207911732
system_inv_onwind-2025: 110057.27989817236
system_inv_solar-2025: 188937.86077630357
system_inv_solar_rooftop-2025: 0.0
zone_average_marginal_price: 115.15317280434697
