ci_average cost: 86.86916980300674
ci_average_revenue: 22.25928451780296
ci_cap_battery_charger: 0.0116419160644276
ci_cap_battery_discharger: 0.011881979579859073
ci_cap_onwind: 3139.005358854252
ci_cap_solar: 2194.860255698555
ci_capital_cost_battery_inverter: 370.1078175967167
ci_capital_cost_battery_storage: 681.3539387130381
ci_capital_cost_grid: 0.0
ci_capital_cost_hydrogen_electrolysis: 0.0
ci_capital_cost_hydrogen_fuel_cell: 0.0
ci_capital_cost_hydrogen_storage: 0.0
ci_capital_cost_onwind: 360298277.9604178
ci_capital_cost_solar: 121378402.16141689
ci_clean_excess_total: 1951726.6966217223
ci_clean_total: 8589445.420658074
ci_clean_used_grid_total: 1710382.4057622561
ci_clean_used_local_total: 6637718.724036354
ci_clean_used_total: 8348101.12979861
ci_cost_battery_inverter: 370.1078175967167
ci_cost_battery_storage: 681.3539387130381
ci_cost_grid: 365928702.67537504
ci_cost_hydrogen_electrolysis: 0.0
ci_cost_hydrogen_fuel_cell: 0.0
ci_cost_hydrogen_storage: 0.0
ci_cost_onwind: 360396157.40160674
ci_cost_solar: 121399043.66767561
ci_demand_total: 9758640.0
ci_emission_rate_local: 0.21732079937817975
ci_emission_rate_myopic: 0.05879292893377257
ci_emission_rate_true: 0.205700377202491
ci_emissions: 2007355.928983317
ci_fraction_clean: 0.8801887784217959
ci_fraction_clean_excess: 0.19999986643853265
ci_fraction_clean_used: 0.8554574335971621
ci_fraction_clean_used_grid: 0.17526852161389866
ci_fraction_clean_used_local: 0.6801889119832634
ci_generation_battery_discharger: 30.82753727646673
ci_generation_onwind: 6525296.07926272
ci_generation_solar: 2064150.6258726434
ci_marginal_cost_grid: 365928702.67537504
ci_marginal_cost_onwind: 97879.44118894065
ci_marginal_cost_solar: 20641.506258726447
ci_revenue_grid: 217220344.26681268
ci_total_cost: 847724955.2064137
co2_price: 80.0
emissions: 512248272.2286203
emissions_zone: 79.3421647730573
objective: 141962463476.35892
system_emission_rate: 0.15983962508534685
system_emissions: 170749424.07620674
system_grid_cfe_wavg: 0.6214825857202438
system_inv_H2_Electrolysis-2025: 107.70617068940551
system_inv_H2_Fuel_Cell-2025: 22.426176945978927
system_inv_OCGT-2025: 17001.421485052426
system_inv_battery_charger-2025: 1714.9821185185165
system_inv_battery_discharger-2025: 1750.3461113522778
system_inv_offwind-ac-2025: 542.0646916898953
system_inv_offwind-dc-2025: 34700.593507097896
system_inv_onwind-2025: 110072.2001096843
system_inv_solar-2025: 188914.90295129345
system_inv_solar_rooftop-2025: 0.0
zone_average_marginal_price: 115.24793519678279
