ci_average cost: 86.86917799829672
ci_average_revenue: 22.259277478346124
ci_cap_battery_charger: 0.01750702509131013
ci_cap_battery_discharger: 0.017868030785296255
ci_cap_onwind: 3139.007162601695
ci_cap_solar: 2194.8643000126535
ci_capital_cost_battery_inverter: 556.5653293923082
ci_capital_cost_battery_storage: 1000.5194055369582
ci_capital_cost_grid: 0.0
ci_capital_cost_hydrogen_electrolysis: 0.0
ci_capital_cost_hydrogen_fuel_cell: 0.0
ci_capital_cost_hydrogen_storage: 0.0
ci_capital_cost_onwind: 360298484.99641275
ci_capital_cost_solar: 121378625.81683269
ci_clean_excess_total: 1951726.4209467727
ci_clean_total: 8589451.251951
ci_clean_used_grid_total: 1700708.127475923
ci_clean_used_local_total: 6637724.831004227
ci_clean_used_total: 8338432.9584801495
ci_cost_battery_inverter: 556.5653293923082
ci_cost_battery_storage: 1000.5194055369582
ci_cost_grid: 365927846.2546434
ci_cost_hydrogen_electrolysis: 0.0
ci_cost_hydrogen_fuel_cell: 0.0
ci_cost_hydrogen_storage: 0.0
ci_cost_onwind: 360396364.4854453
ci_cost_solar: 121399267.35647464
ci_demand_total: 9758640.0
ci_emission_rate_local: 0.2172246091120972
ci_emission_rate_myopic: 0.058795770146728925
ci_emission_rate_true: 0.20564900969890648
ci_emissions: 2006854.6520081367
ci_fraction_clean: 0.8801893759735987
ci_fraction_clean_excess: 0.1999998381892121
ci_fraction_clean_used: 0.8544667042210953
ci_fraction_clean_used_grid: 0.17427716643670868
ci_fraction_clean_used_local: 0.6801895377843866
ci_generation_battery_discharger: 47.54604848585707
ci_generation_onwind: 6525299.268836049
ci_generation_solar: 2064153.9641950177
ci_marginal_cost_grid: 365927846.2546434
ci_marginal_cost_onwind: 97879.48903254057
ci_marginal_cost_solar: 20641.539641950192
ci_revenue_grid: 217220275.57128763
ci_total_cost: 847725035.1812983
co2_price: 80.0
emissions: 512248092.18062544
emissions_zone: 79.30617957646861
objective: 141962493551.93732
system_emission_rate: 0.1598395689039878
system_emissions: 170749364.06020823
system_grid_cfe_wavg: 0.6191126639263568
system_inv_H2_Electrolysis-2025: 107.72106784891444
system_inv_H2_Fuel_Cell-2025: 22.435057347441603
system_inv_OCGT-2025: 17001.400099671035
system_inv_battery_charger-2025: 1715.1195202630017
system_inv_battery_discharger-2025: 1750.4863464057844
system_inv_offwind-ac-2025: 542.0783787095692
system_inv_offwind-dc-2025: 34700.608033872326
system_inv_onwind-2025: 110072.13836407058
system_inv_solar-2025: 188915.0379373981
system_inv_solar_rooftop-2025: 0.0
zone_average_marginal_price: 115.24790228774889
