ci_average cost: 134.66719640539824
ci_average_revenue: 23.909398817101536
ci_cap_battery_charger: 1036.8269429063087
ci_cap_battery_discharger: 1058.2069562503914
ci_cap_onwind: 5731.774216575463
ci_cap_solar: 5669.287246903872
ci_capital_cost_battery_inverter: 32961735.417167064
ci_capital_cost_battery_storage: 267336100.89122704
ci_capital_cost_grid: 0.0
ci_capital_cost_hydrogen_electrolysis: 0.0
ci_capital_cost_hydrogen_fuel_cell: 0.0
ci_capital_cost_hydrogen_storage: 0.0
ci_capital_cost_onwind: 657898966.0100002
ci_capital_cost_solar: 313518378.0546795
ci_clean_excess_total: 1951727.601002051
ci_clean_total: 11357690.32298101
ci_clean_used_grid_total: 157504.66823257023
ci_clean_used_local_total: 9405962.721978959
ci_clean_used_total: 9563467.390211528
ci_cost_battery_inverter: 32961735.417167064
ci_cost_battery_storage: 267336100.89122704
ci_cost_grid: 42305885.443606436
ci_cost_hydrogen_electrolysis: 0.0
ci_cost_hydrogen_fuel_cell: 0.0
ci_cost_hydrogen_storage: 0.0
ci_cost_onwind: 657998376.3103347
ci_cost_solar: 313566591.4672405
ci_demand_total: 9758640.0
ci_emission_rate_local: 0.02999123922391986
ci_emission_rate_myopic: 0.007707117520562679
ci_emission_rate_true: 0.02639053424901237
ci_emissions: 257535.72314378206
ci_fraction_clean: 1.1638599562009675
ci_fraction_clean_excess: 0.1999999591133653
ci_fraction_clean_used: 0.9800000194916021
ci_fraction_clean_used_grid: 0.016140022403999966
ci_fraction_clean_used_local: 0.9638599970876023
ci_generation_battery_discharger: 2184108.6638515596
ci_generation_onwind: 6627353.355633562
ci_generation_solar: 4821341.256102006
ci_marginal_cost_grid: 42305885.443606436
ci_marginal_cost_onwind: 99410.30033450328
ci_marginal_cost_solar: 48213.41256102009
ci_revenue_grid: 233323215.67251974
ci_total_cost: 1314168689.5295756
co2_price: 80.0
emissions: 509252056.9367537
emissions_zone: 78.5157730567539
objective: 142412856974.67636
system_emission_rate: 0.15890469966950627
system_emissions: 169750685.6455845
system_grid_cfe_wavg: 0.6197365753346726
system_inv_H2_Electrolysis-2025: 104.08466509931138
system_inv_H2_Fuel_Cell-2025: 21.691830912694623
system_inv_OCGT-2025: 16994.234632795906
system_inv_battery_charger-2025: 1714.9732856347553
system_inv_battery_discharger-2025: 1750.3370963289863
system_inv_offwind-ac-2025: 542.0585574581125
system_inv_offwind-dc-2025: 34813.32577133574
system_inv_onwind-2025: 110046.6895189578
system_inv_solar-2025: 188960.70061196832
system_inv_solar_rooftop-2025: 0.0
zone_average_marginal_price: 115.16639389280358
