ci_average cost: 104.68180644804119
ci_average_revenue: 23.307556344849825
ci_cap_battery_charger: 1064.3517674294224
ci_cap_battery_discharger: 1086.2993596926526
ci_cap_onwind: 3616.513875855039
ci_cap_solar: 5259.515228336499
ci_capital_cost_battery_inverter: 33836776.31916339
ci_capital_cost_battery_storage: 161100469.9875312
ci_capital_cost_grid: 0.0
ci_capital_cost_hydrogen_electrolysis: 0.0
ci_capital_cost_hydrogen_fuel_cell: 0.0
ci_capital_cost_hydrogen_storage: 0.0
ci_capital_cost_onwind: 415107198.85044575
ci_capital_cost_solar: 290857494.4129844
ci_clean_excess_total: 1951727.3431403863
ci_clean_total: 10694349.188972475
ci_clean_used_grid_total: 528086.7134730549
ci_clean_used_local_total: 8742621.845832089
ci_clean_used_total: 9270708.559305144
ci_cost_battery_inverter: 33836776.31916339
ci_cost_battery_storage: 161100469.9875312
ci_cost_grid: 120512706.16794403
ci_cost_hydrogen_electrolysis: 0.0
ci_cost_hydrogen_fuel_cell: 0.0
ci_cost_hydrogen_storage: 0.0
ci_cost_onwind: 415195740.47687805
ci_cost_solar: 290906370.72459596
ci_demand_total: 9758640.0
ci_emission_rate_local: 0.08093101156056375
ci_emission_rate_myopic: 0.020750479608468774
ci_emission_rate_true: 0.07183739704967776
ci_emissions: 701035.2963448674
ci_fraction_clean: 1.0958852041854679
ci_fraction_clean_excess: 0.19999993268943073
ci_fraction_clean_used: 0.9500000573138413
ci_fraction_clean_used_grid: 0.05411478581780401
ci_fraction_clean_used_local: 0.8958852714960372
ci_generation_battery_discharger: 2305375.6763094114
ci_generation_onwind: 5902775.095487171
ci_generation_solar: 4887631.161161084
ci_marginal_cost_grid: 120512706.16794403
ci_marginal_cost_onwind: 88541.62643230741
ci_marginal_cost_solar: 48876.31161161087
ci_revenue_grid: 227450051.6491053
ci_total_cost: 1021552063.6761127
co2_price: 80.0
emissions: 509957876.92355835
emissions_zone: 78.82682131604622
objective: 142126412357.0007
system_emission_rate: 0.1591249405335265
system_emissions: 169985958.9745192
system_grid_cfe_wavg: 0.6212204345585747
system_inv_H2_Electrolysis-2025: 103.96024566281899
system_inv_H2_Fuel_Cell-2025: 21.67041008769651
system_inv_OCGT-2025: 16999.14641726646
system_inv_battery_charger-2025: 1715.1110056328218
system_inv_battery_discharger-2025: 1750.4776561986591
system_inv_offwind-ac-2025: 542.0718027812502
system_inv_offwind-dc-2025: 34753.639842108925
system_inv_onwind-2025: 110066.44932938593
system_inv_solar-2025: 188920.7478323973
system_inv_solar_rooftop-2025: 0.0
zone_average_marginal_price: 115.23200479459155
