ci_average cost: 157.33546633891973
ci_average_revenue: 24.095861398967887
ci_cap_battery_charger: 997.9481187046507
ci_cap_battery_discharger: 1018.5264266282478
ci_cap_onwind: 6616.776509932576
ci_cap_solar: 5833.525667371877
ci_capital_cost_battery_inverter: 31725739.839087836
ci_capital_cost_battery_storage: 400633080.4281916
ci_capital_cost_grid: 0.0
ci_capital_cost_hydrogen_electrolysis: 0.0
ci_capital_cost_hydrogen_fuel_cell: 0.0
ci_capital_cost_hydrogen_storage: 0.0
ci_capital_cost_onwind: 759480443.5274439
ci_capital_cost_solar: 322600959.5074913
ci_clean_excess_total: 1951727.7954022386
ci_clean_total: 11537391.588550363
ci_clean_used_grid_total: 75389.7864370315
ci_clean_used_local_total: 9585663.793148125
ci_clean_used_total: 9661053.579585155
ci_cost_battery_inverter: 31725739.839087836
ci_cost_battery_storage: 400633080.4281916
ci_cost_grid: 20789780.5470302
ci_cost_hydrogen_electrolysis: 0.0
ci_cost_hydrogen_fuel_cell: 0.0
ci_cost_hydrogen_storage: 0.0
ci_cost_onwind: 759582145.4145033
ci_cost_solar: 322649429.00482273
ci_demand_total: 9758640.0
ci_emission_rate_local: 0.01441728569501027
ci_emission_rate_myopic: 0.003692878145978659
ci_emission_rate_true: 0.012699297407500962
ci_emissions: 123927.8716527352
ci_fraction_clean: 1.1822745370820487
ci_fraction_clean_excess: 0.19999997903419314
ci_fraction_clean_used: 0.9899999979080236
ci_fraction_clean_used_grid: 0.007725439860168168
ci_fraction_clean_used_local: 0.9822745580478555
ci_generation_battery_discharger: 2152420.416064648
ci_generation_onwind: 6780125.803965812
ci_generation_solar: 4846949.733143474
ci_marginal_cost_grid: 20789780.5470302
ci_marginal_cost_onwind: 101701.88705948701
ci_marginal_cost_solar: 48469.49733143477
ci_revenue_grid: 235142836.88242397
ci_total_cost: 1535380175.2336357
co2_price: 80.0
emissions: 509019031.0079799
emissions_zone: 78.38707759709618
objective: 142632202843.33252
system_emission_rate: 0.15883198731670867
system_emissions: 169673010.3359935
system_grid_cfe_wavg: 0.6183687205127091
system_inv_H2_Electrolysis-2025: 103.89771664015909
system_inv_H2_Fuel_Cell-2025: 21.647040999951045
system_inv_OCGT-2025: 16992.497670113178
system_inv_battery_charger-2025: 1714.7724685783066
system_inv_battery_discharger-2025: 1750.132138300531
system_inv_offwind-ac-2025: 542.0080008178986
system_inv_offwind-dc-2025: 34797.25104207356
system_inv_onwind-2025: 110054.03955048957
system_inv_solar-2025: 188942.53971029315
system_inv_solar_rooftop-2025: 0.0
zone_average_marginal_price: 115.16636824074402
