ci_average cost: 90.90075732363485
ci_average_revenue: 22.91405395077228
ci_cap_battery_charger: 487.48357045958
ci_cap_battery_discharger: 497.5357834279585
ci_cap_onwind: 3266.1157233966956
ci_cap_solar: 3201.9331025433416
ci_capital_cost_battery_inverter: 15497576.11879168
ci_capital_cost_battery_storage: 57799616.03001759
ci_capital_cost_grid: 0.0
ci_capital_cost_hydrogen_electrolysis: 0.0
ci_capital_cost_hydrogen_fuel_cell: 0.0
ci_capital_cost_hydrogen_storage: 0.0
ci_capital_cost_onwind: 374888136.91888726
ci_capital_cost_solar: 177070737.3307306
ci_clean_excess_total: 1951726.9823763422
ci_clean_total: 9477621.893951438
ci_clean_used_grid_total: 1256882.0011321087
ci_clean_used_local_total: 7525894.911575097
ci_clean_used_total: 8782776.912707206
ci_cost_battery_inverter: 15497576.11879168
ci_cost_battery_storage: 57799616.03001759
ci_cost_grid: 261683931.6390832
ci_cost_hydrogen_electrolysis: 0.0
ci_cost_hydrogen_fuel_cell: 0.0
ci_cost_hydrogen_storage: 0.0
ci_cost_onwind: 374985793.3683099
ci_cost_solar: 177100849.29251373
ci_demand_total: 9758640.0
ci_emission_rate_local: 0.15886123186714526
ci_emission_rate_myopic: 0.04235200997783571
ci_emission_rate_true: 0.14771041450459757
ci_emissions: 1441452.759401146
ci_fraction_clean: 0.9712031485895
ci_fraction_clean_excess: 0.19999989572075025
ci_fraction_clean_used: 0.9000000935281152
ci_fraction_clean_used_grid: 0.1287968406593653
ci_fraction_clean_used_local: 0.7712032528687498
ci_generation_battery_discharger: 1056104.673501053
ci_generation_onwind: 6510429.961512377
ci_generation_solar: 3011196.178314248
ci_marginal_cost_grid: 261683931.6390832
ci_marginal_cost_onwind: 97656.44942268549
ci_marginal_cost_solar: 30111.961783142502
ci_revenue_grid: 223610003.44616443
ci_total_cost: 887067766.448716
co2_price: 80.0
emissions: 511193666.2311634
emissions_zone: 78.82435105754885
objective: 141995823810.85416
system_emission_rate: 0.15951055061816904
system_emissions: 170397888.7437209
system_grid_cfe_wavg: 0.6221695586902053
system_inv_H2_Electrolysis-2025: 107.73023536942104
system_inv_H2_Fuel_Cell-2025: 22.434297961949206
system_inv_OCGT-2025: 17002.49396236933
system_inv_battery_charger-2025: 1715.1651856964716
system_inv_battery_discharger-2025: 1750.5329534887583
system_inv_offwind-ac-2025: 542.0751111704642
system_inv_offwind-dc-2025: 34723.44425496791
system_inv_onwind-2025: 110067.28645121782
system_inv_solar-2025: 188920.92734534873
system_inv_solar_rooftop-2025: 0.0
zone_average_marginal_price: 115.24889917813934
