ci_average cost: 115.9768575997285
ci_average_revenue: 0.0
ci_cap_battery_charger: 0.0
ci_cap_battery_discharger: 0.0
ci_cap_onwind: 0.0
ci_cap_solar: 0.0
ci_capital_cost_battery_inverter: 0.0
ci_capital_cost_battery_storage: 0.0
ci_capital_cost_grid: 0.0
ci_capital_cost_hydrogen_electrolysis: 0.0
ci_capital_cost_hydrogen_fuel_cell: 0.0
ci_capital_cost_hydrogen_storage: 0.0
ci_capital_cost_onwind: 0.0
ci_capital_cost_solar: 0.0
ci_clean_excess_total: 0.0
ci_clean_total: 0.0
ci_clean_used_grid_total: 5950397.32712923
ci_clean_used_local_total: 0.0
ci_clean_used_total: 5950397.32712923
ci_cost_battery_inverter: 0.0
ci_cost_battery_storage: 0.0
ci_cost_grid: 1131776401.6470146
ci_cost_hydrogen_electrolysis: 0.0
ci_cost_hydrogen_fuel_cell: 0.0
ci_cost_hydrogen_storage: 0.0
ci_cost_onwind: 0.0
ci_cost_solar: 0.0
ci_demand_total: 9758640.0
ci_emission_rate_local: 0.5971150295144628
ci_emission_rate_myopic: 0.15853986750072946
ci_emission_rate_true: 0.5499576963353757
ci_emissions: 5366839.173766252
ci_fraction_clean: 0.0
ci_fraction_clean_excess: 0.0
ci_fraction_clean_used: 0.6097568234025673
ci_fraction_clean_used_grid: 0.6097568234025673
ci_fraction_clean_used_local: 0.0
ci_generation_battery_discharger: -0.0
ci_generation_onwind: 0.0
ci_generation_solar: 0.0
ci_marginal_cost_grid: 1131776401.6470146
ci_marginal_cost_onwind: 0.0
ci_marginal_cost_solar: 0.0
ci_revenue_grid: 0.0
ci_total_cost: 1131776401.6470146
co2_price: 80.0
emissions: 520754764.2815448
emissions_zone: 83.80479025943322
objective: 142462348641.94437
system_emission_rate: 0.16249395224318308
system_emissions: 173584921.42718196
system_grid_cfe_wavg: 0.588710473111382
system_inv_H2_Electrolysis-2025: 108.68492496794953
system_inv_H2_Fuel_Cell-2025: 22.659971862578654
system_inv_OCGT-2025: 17011.047518454365
system_inv_battery_charger-2025: 1716.618162820406
system_inv_battery_discharger-2025: 1752.0158919003602
system_inv_offwind-ac-2025: 542.6698532240681
system_inv_offwind-dc-2025: 34590.546599476744
system_inv_onwind-2025: 110108.76401418971
system_inv_solar-2025: 188893.57612112112
system_inv_solar_rooftop-2025: 0.0
zone_average_marginal_price: 115.97685759972852
