ci_average cost: 99.24092111889055
ci_average_revenue: 23.538153625267828
ci_cap_battery_charger: 0.0
ci_cap_battery_discharger: 0.0
ci_cap_onwind: 5128.928264821201
ci_cap_solar: 2709.439384613996
ci_capital_cost_battery_inverter: 0.0
ci_capital_cost_battery_storage: 0.0
ci_capital_cost_grid: 0.0
ci_capital_cost_hydrogen_electrolysis: 0.0
ci_capital_cost_hydrogen_fuel_cell: 0.0
ci_capital_cost_hydrogen_storage: 0.0
ci_capital_cost_onwind: 588703684.8742745
ci_capital_cost_solar: 149835244.591912
ci_clean_excess_total: 1951727.6332141608
ci_clean_total: 9758640.000015473
ci_clean_used_grid_total: 998338.3044698456
ci_clean_used_local_total: 7806912.366801312
ci_clean_used_total: 8805250.671271158
ci_cost_battery_inverter: 0.0
ci_cost_battery_storage: 0.0
ci_cost_grid: 229783030.22685617
ci_cost_hydrogen_electrolysis: 0.0
ci_cost_hydrogen_fuel_cell: 0.0
ci_cost_hydrogen_storage: 0.0
ci_cost_onwind: 588814313.9980963
ci_cost_solar: 149859078.2426976
ci_demand_total: 9758640.0
ci_emission_rate_local: 0.140802837011553
ci_emission_rate_myopic: 0.03839183819511005
ci_emission_rate_true: 0.13393864668537717
ci_emissions: 1307059.035089789
ci_fraction_clean: 1.0000000000015856
ci_fraction_clean_excess: 0.19999996241424634
ci_fraction_clean_used: 0.9023030536295179
ci_fraction_clean_used_grid: 0.10230301604217858
ci_fraction_clean_used_local: 0.8000000375873393
ci_generation_battery_discharger: -0.0
ci_generation_onwind: 7375274.921457149
ci_generation_solar: 2383365.0785583234
ci_marginal_cost_grid: 229783030.22685617
ci_marginal_cost_onwind: 110629.12382185705
ci_marginal_cost_solar: 23833.65078558325
ci_revenue_grid: 229700367.49368364
ci_total_cost: 968456422.4676502
co2_price: 80.0
emissions: 510916294.30986345
emissions_zone: 79.25831050076079
objective: 142070901665.91678
system_emission_rate: 0.1594240007432093
system_emissions: 170305431.436621
system_grid_cfe_wavg: 0.6178096680341896
system_inv_H2_Electrolysis-2025: 104.16314924636805
system_inv_H2_Fuel_Cell-2025: 21.710744181039512
system_inv_OCGT-2025: 16998.865234735422
system_inv_battery_charger-2025: 1715.0613548262386
system_inv_battery_discharger-2025: 1750.4269815617113
system_inv_offwind-ac-2025: 542.059365201679
system_inv_offwind-dc-2025: 34766.40586970313
system_inv_onwind-2025: 110044.50742136022
system_inv_solar-2025: 188964.13631360646
system_inv_solar_rooftop-2025: 0.0
zone_average_marginal_price: 115.25977748640217
