ci_average cost: 124.39792724142762
ci_average_revenue: 22.632704642281634
ci_cap_H2_Electrolysis: 1744.7131544416568
ci_cap_H2_Fuel_Cell: 2136.7166957090058
ci_cap_battery_charger: 1083.3689814001962
ci_cap_battery_discharger: 1105.708720386893
ci_cap_onwind: 12475.422370956428
ci_cap_solar: 10031.727579117554
ci_capital_cost_battery_inverter: 34441352.01963585
ci_capital_cost_battery_storage: 163254602.18815103
ci_capital_cost_grid: 0.0
ci_capital_cost_hydrogen_electrolysis: 147371693.87887615
ci_capital_cost_hydrogen_fuel_cell: 493267466.34763783
ci_capital_cost_hydrogen_storage: 209356486.22786042
ci_capital_cost_onwind: 1431941867.9568992
ci_capital_cost_solar: 554766555.7798223
ci_clean_excess_total: 4879319.796846851
ci_clean_total: 29275919.795368254
ci_clean_used_grid_total: 0.002494487030141775
ci_clean_used_local_total: 24396599.998521402
ci_clean_used_total: 24396600.00101589
ci_cost_battery_inverter: 34441352.01963585
ci_cost_battery_storage: 163254602.18815103
ci_cost_grid: 0.2730390557382309
ci_cost_hydrogen_electrolysis: 147371693.87887615
ci_cost_hydrogen_fuel_cell: 493267466.34763783
ci_cost_hydrogen_storage: 209356486.22786042
ci_cost_onwind: 1432333971.7219753
ci_cost_solar: 554860899.0810378
ci_demand_total: 24396600.0
ci_emission_rate_local: 2.3126766881753105e-12
ci_emission_rate_myopic: 2.948979568538544e-12
ci_emission_rate_true: 5.404299188273058e-12
ci_emissions: 0.00013184652557662248
ci_fraction_clean: 1.1999999916122843
ci_fraction_clean_excess: 0.19999999167289093
ci_fraction_clean_used: 1.0000000000416407
ci_fraction_clean_used_grid: 1.022473225835475e-10
ci_fraction_clean_used_local: 0.9999999999393933
ci_generation_H2_Fuel_Cell: 3132694.1835702527
ci_generation_battery_discharger: 1920715.2916373285
ci_generation_onwind: 26140251.00508392
ci_generation_solar: 9434330.121539908
ci_marginal_cost_grid: 0.2730390557382309
ci_marginal_cost_onwind: 392103.7650762581
ci_marginal_cost_solar: 94343.30121539914
ci_revenue_grid: 552161042.0758882
ci_total_cost: 3034886471.738213
co2_price: 80.0
emissions: 505567326.36357814
emissions_zone: 76.39477520406373
objective: 143107702016.06268
system_emission_rate: 0.15847879488415542
system_emissions: 168522442.12119275
system_grid_cfe_wavg: 0.587817217800247
system_inv_H2_Electrolysis-2025: 108.49891617100752
system_inv_H2_Fuel_Cell-2025: 22.591816360372984
system_inv_OCGT-2025: 16989.28432633771
system_inv_battery_charger-2025: 1714.049702066594
system_inv_battery_discharger-2025: 1749.3944678959642
system_inv_offwind-ac-2025: 542.0605137071097
system_inv_offwind-dc-2025: 34813.57429082736
system_inv_onwind-2025: 104255.88404536399
system_inv_solar-2025: 188829.69619579424
system_inv_solar_rooftop-2025: 0.0
zone_average_marginal_price: 115.54808168342824
