ci_average cost: 86.76217566406393
ci_average_revenue: 22.717351878878787
ci_cap_H2_Electrolysis: 0.0019418442663246885
ci_cap_H2_Fuel_Cell: 0.0006373010510335127
ci_cap_battery_charger: 0.012646672366158228
ci_cap_battery_discharger: 0.012907454578461463
ci_cap_onwind: 7825.113949767355
ci_cap_solar: 5296.077749631412
ci_capital_cost_battery_inverter: 402.0499961858864
ci_capital_cost_battery_storage: 709.6790273181982
ci_capital_cost_grid: 0.0
ci_capital_cost_hydrogen_electrolysis: 164.0228813823748
ci_capital_cost_hydrogen_fuel_cell: 147.12286162002232
ci_capital_cost_hydrogen_storage: 224.80620061575974
ci_capital_cost_onwind: 898174663.1914968
ci_capital_cost_solar: 292879445.6521337
ci_clean_excess_total: 4879318.770331625
ci_clean_total: 21386692.000038598
ci_clean_used_grid_total: 4294495.254076529
ci_clean_used_local_total: 16507373.229706973
ci_clean_used_total: 20801868.483783502
ci_cost_battery_inverter: 402.0499961858864
ci_cost_battery_storage: 709.6790273181982
ci_cost_grid: 925350441.2600303
ci_cost_hydrogen_electrolysis: 164.0228813823748
ci_cost_hydrogen_fuel_cell: 147.12286162002232
ci_cost_hydrogen_storage: 224.80620061575974
ci_cost_onwind: 898420753.3033397
ci_cost_solar: 292929252.5615652
ci_demand_total: 24396600.0
ci_emission_rate_local: 0.24917457811300028
ci_emission_rate_myopic: 0.05968751155875569
ci_emission_rate_true: 0.21669982574314817
ci_emissions: 5286738.968725288
ci_fraction_clean: 0.8766259232859742
ci_fraction_clean_excess: 0.1999999495967317
ci_fraction_clean_used: 0.8526544060968947
ci_fraction_clean_used_grid: 0.17602843240765226
ci_fraction_clean_used_local: 0.6766259736892425
ci_generation_H2_Fuel_Cell: 2.489130091157808
ci_generation_battery_discharger: 34.99711573094238
ci_generation_onwind: 16406007.456195299
ci_generation_solar: 4980690.943153524
ci_marginal_cost_grid: 925350441.2600303
ci_marginal_cost_onwind: 246090.11184292907
ci_marginal_cost_solar: 49806.90943153527
ci_revenue_grid: 554226146.8482542
ci_total_cost: 2116702094.805902
co2_price: 80.0
emissions: 513577020.5787579
emissions_zone: 79.90602666327274
objective: 142186976227.96088
system_emission_rate: 0.16098957163023664
system_emissions: 171192340.19291902
system_grid_cfe_wavg: 0.58681358119809
system_inv_H2_Electrolysis-2025: 108.45452094920381
system_inv_H2_Fuel_Cell-2025: 22.582101958813112
system_inv_OCGT-2025: 17000.102618755347
system_inv_battery_charger-2025: 1713.9494704106803
system_inv_battery_discharger-2025: 1749.2921694012634
system_inv_offwind-ac-2025: 542.056130537719
system_inv_offwind-dc-2025: 34698.8042037867
system_inv_onwind-2025: 104331.77253688015
system_inv_solar-2025: 188734.2014428638
system_inv_solar_rooftop-2025: 0.0
zone_average_marginal_price: 115.86604846693322
