ci_average cost: 86.76217479705525
ci_average_revenue: 22.717351426930367
ci_cap_H2_Electrolysis: 0.002109538017625486
ci_cap_H2_Fuel_Cell: 0.000686755881075526
ci_cap_battery_charger: 0.012990493139269413
ci_cap_battery_discharger: 0.013258365148734443
ci_cap_onwind: 7825.10776385426
ci_cap_solar: 5296.092677592813
ci_capital_cost_battery_inverter: 412.98039246055265
ci_capital_cost_battery_storage: 741.6107438872684
ci_capital_cost_grid: 0.0
ci_capital_cost_hydrogen_electrolysis: 178.18756634459157
ci_capital_cost_hydrogen_fuel_cell: 158.53965766156884
ci_capital_cost_hydrogen_storage: 177.07453058586233
ci_capital_cost_onwind: 898173953.1660012
ci_capital_cost_solar: 292880271.1862868
ci_clean_excess_total: 4879318.906363705
ci_clean_total: 21386693.52347508
ci_clean_used_grid_total: 4244834.297948243
ci_clean_used_local_total: 16507374.617111376
ci_clean_used_total: 20752208.91505962
ci_cost_battery_inverter: 412.98039246055265
ci_cost_battery_storage: 741.6107438872684
ci_cost_grid: 925350283.9301953
ci_cost_hydrogen_electrolysis: 178.18756634459157
ci_cost_hydrogen_fuel_cell: 158.53965766156884
ci_cost_hydrogen_storage: 177.07453058586233
ci_cost_onwind: 898420043.0930182
ci_cost_solar: 292930078.23773384
ci_demand_total: 24396600.0
ci_emission_rate_local: 0.24918670317880684
ci_emission_rate_myopic: 0.05969631690347508
ci_emission_rate_true: 0.2166995663911405
ci_emissions: 5286732.6414180985
ci_fraction_clean: 0.8766259857305969
ci_fraction_clean_excess: 0.19999995517259395
ci_fraction_clean_used: 0.850618894233607
ci_fraction_clean_used_grid: 0.1739928636756041
ci_fraction_clean_used_local: 0.676626030558003
ci_generation_H2_Fuel_Cell: 2.6465529045372342
ci_generation_battery_discharger: 36.050684587729464
ci_generation_onwind: 16405995.134466924
ci_generation_solar: 4980705.1447026245
ci_marginal_cost_grid: 925350283.9301953
ci_marginal_cost_onwind: 246089.92701700344
ci_marginal_cost_solar: 49807.05144702628
ci_revenue_grid: 554226135.8222494
ci_total_cost: 2116702073.6538382
co2_price: 80.0
emissions: 513576840.9020241
emissions_zone: 79.89448236585102
objective: 142186978700.2629
system_emission_rate: 0.16098951530746677
system_emissions: 171192280.30067456
system_grid_cfe_wavg: 0.5848917783298782
system_inv_H2_Electrolysis-2025: 108.47484172981896
system_inv_H2_Fuel_Cell-2025: 22.58739607473977
system_inv_OCGT-2025: 17000.07324848539
system_inv_battery_charger-2025: 1713.9250140593515
system_inv_battery_discharger-2025: 1749.2672087448318
system_inv_offwind-ac-2025: 542.0506210844308
system_inv_offwind-dc-2025: 34698.90182292489
system_inv_onwind-2025: 104332.0498958931
system_inv_solar-2025: 188734.10174326156
system_inv_solar_rooftop-2025: 0.0
zone_average_marginal_price: 115.86603814588189
