ci_average cost: 112.8219879691434
ci_average_revenue: 22.846121453056547
ci_cap_H2_Electrolysis: 1570.025328441799
ci_cap_H2_Fuel_Cell: 1205.547835022248
ci_cap_battery_charger: 1306.6069184544936
ci_cap_battery_discharger: 1333.549961884406
ci_cap_onwind: 11667.503453597337
ci_cap_solar: 10364.24757652874
ci_capital_cost_battery_inverter: 41538302.833464056
ci_capital_cost_battery_storage: 195909221.66582632
ci_capital_cost_grid: 0.0
ci_capital_cost_hydrogen_electrolysis: 132616236.36880997
ci_capital_cost_hydrogen_fuel_cell: 278304338.30395323
ci_capital_cost_hydrogen_storage: 133966645.92150879
ci_capital_cost_onwind: 1339208099.970477
ci_capital_cost_solar: 573155310.0832906
ci_clean_excess_total: 4879319.255404888
ci_clean_total: 28792660.15617262
ci_clean_used_grid_total: 239293.58068714087
ci_clean_used_local_total: 23913340.90076773
ci_clean_used_total: 24152634.481454868
ci_cost_battery_inverter: 41538302.833464056
ci_cost_battery_storage: 195909221.66582632
ci_cost_grid: 57311223.98608063
ci_cost_hydrogen_electrolysis: 132616236.36880997
ci_cost_hydrogen_fuel_cell: 278304338.30395323
ci_cost_hydrogen_storage: 133966645.92150879
ci_cost_onwind: 1339574162.1129405
ci_cost_solar: 573252780.4954199
ci_demand_total: 24396600.0
ci_emission_rate_local: 0.017499085770075286
ci_emission_rate_myopic: 0.004079667506671725
ci_emission_rate_true: 0.0144877564731246
ci_emissions: 353451.9995722316
ci_fraction_clean: 1.1801915084959633
ci_fraction_clean_excess: 0.19999996947955404
ci_fraction_clean_used: 0.9900000197345068
ci_fraction_clean_used_grid: 0.00980848071809764
ci_fraction_clean_used_local: 0.9801915390164092
ci_generation_H2_Fuel_Cell: 2645458.379034077
ci_generation_battery_discharger: 2570204.739516906
ci_generation_onwind: 24404142.830895707
ci_generation_solar: 9747041.212929176
ci_marginal_cost_grid: 57311223.98608063
ci_marginal_cost_onwind: 366062.142463435
ci_marginal_cost_solar: 97470.41212929183
ci_revenue_grid: 557367686.6416394
ci_total_cost: 2752472911.6880035
co2_price: 80.0
emissions: 505988720.32059574
emissions_zone: 76.68655296045628
objective: 142820822321.70944
system_emission_rate: 0.15861088808519308
system_emissions: 168662906.77353153
system_grid_cfe_wavg: 0.587975395242903
system_inv_H2_Electrolysis-2025: 108.44636942846702
system_inv_H2_Fuel_Cell-2025: 22.579757893935575
system_inv_OCGT-2025: 16991.32144303084
system_inv_battery_charger-2025: 1714.0411372441956
system_inv_battery_discharger-2025: 1749.3857264616267
system_inv_offwind-ac-2025: 542.0688589405958
system_inv_offwind-dc-2025: 34809.298443883294
system_inv_onwind-2025: 104261.3507635373
system_inv_solar-2025: 188817.9448359829
system_inv_solar_rooftop-2025: 0.0
zone_average_marginal_price: 115.58703343777064
