ci_average cost: 98.72600801221245
ci_average_revenue: 22.949387751409414
ci_cap_H2_Electrolysis: 740.9399829865869
ci_cap_H2_Fuel_Cell: 387.1899119071464
ci_cap_battery_charger: 1568.462284407989
ci_cap_battery_discharger: 1600.8049475686664
ci_cap_onwind: 9506.53699709694
ci_cap_solar: 9975.256095313141
ci_capital_cost_battery_inverter: 49862939.21485536
ci_capital_cost_battery_storage: 209589857.97721928
ci_capital_cost_grid: 0.0
ci_capital_cost_hydrogen_electrolysis: 62585405.55926692
ci_capital_cost_hydrogen_fuel_cell: 89383954.00071016
ci_capital_cost_hydrogen_storage: 37892658.084528856
ci_capital_cost_onwind: 1091170137.623223
ci_capital_cost_solar: 551643615.0577114
ci_clean_excess_total: 4879318.980760045
ci_clean_total: 26590358.21636552
ci_clean_used_grid_total: 1465731.4171018272
ci_clean_used_local_total: 21711039.23560548
ci_clean_used_total: 23176770.652707305
ci_cost_battery_inverter: 49862939.21485536
ci_cost_battery_storage: 209589857.97721928
ci_cost_grid: 316059882.9094994
ci_cost_hydrogen_electrolysis: 62585405.55926692
ci_cost_hydrogen_fuel_cell: 89383954.00071016
ci_cost_hydrogen_storage: 37892658.084528856
ci_cost_onwind: 1091466802.2910433
ci_cost_solar: 551737427.0336188
ci_demand_total: 24396600.0
ci_emission_rate_local: 0.09042624984163161
ci_emission_rate_myopic: 0.02120480662842544
ci_emission_rate_true: 0.07523677128551799
ci_emissions: 1835521.4143442684
ci_fraction_clean: 1.0899206535486716
ci_fraction_clean_excess: 0.1999999582220492
ci_fraction_clean_used: 0.9500000267540274
ci_fraction_clean_used_grid: 0.06007933142740494
ci_fraction_clean_used_local: 0.8899206953266225
ci_generation_H2_Fuel_Cell: 1225608.357795508
ci_generation_battery_discharger: 3253444.7540978873
ci_generation_onwind: 19777644.52134997
ci_generation_solar: 9381197.590748526
ci_marginal_cost_grid: 316059882.9094994
ci_marginal_cost_onwind: 296664.66782024904
ci_marginal_cost_solar: 93811.97590748534
ci_revenue_grid: 559887033.2160349
ci_total_cost: 2408578927.070742
co2_price: 80.0
emissions: 508192784.06627876
emissions_zone: 77.6572965540522
objective: 142474783843.74933
system_emission_rate: 0.15930178986631957
system_emissions: 169397594.68875974
system_grid_cfe_wavg: 0.5886013890633848
system_inv_H2_Electrolysis-2025: 108.48260266395712
system_inv_H2_Fuel_Cell-2025: 22.590089661312778
system_inv_OCGT-2025: 16994.717780367344
system_inv_battery_charger-2025: 1713.991857489515
system_inv_battery_discharger-2025: 1749.335430527901
system_inv_offwind-ac-2025: 542.0742069801848
system_inv_offwind-dc-2025: 34777.027124542634
system_inv_onwind-2025: 104283.69300559915
system_inv_solar-2025: 188769.74226133557
system_inv_solar_rooftop-2025: 0.0
zone_average_marginal_price: 115.69404756010003
