ci_average cost: 107.89423170263457
ci_average_revenue: 22.848490490756408
ci_cap_H2_Electrolysis: 1329.2829615279977
ci_cap_H2_Fuel_Cell: 878.8680175498527
ci_cap_battery_charger: 1496.396409929318
ci_cap_battery_discharger: 1527.253030150478
ci_cap_onwind: 10991.563225555614
ci_cap_solar: 10513.630333098692
ci_capital_cost_battery_inverter: 47571895.07926003
ci_capital_cost_battery_storage: 211485129.95858783
ci_capital_cost_grid: 0.0
ci_capital_cost_hydrogen_electrolysis: 112281311.79385845
ci_capital_cost_hydrogen_fuel_cell: 202889321.33182842
ci_capital_cost_hydrogen_storage: 99234616.511708
ci_capital_cost_onwind: 1261622982.2896018
ci_capital_cost_solar: 581416355.5215378
ci_clean_excess_total: 4879319.170180845
ci_clean_total: 28302145.395780157
ci_clean_used_grid_total: 485842.2954238948
ci_clean_used_local_total: 23422826.22559931
ci_clean_used_total: 23908668.521023206
ci_cost_battery_inverter: 47571895.07926003
ci_cost_battery_storage: 211485129.95858783
ci_cost_grid: 115306974.75831032
ci_cost_hydrogen_electrolysis: 112281311.79385845
ci_cost_hydrogen_fuel_cell: 202889321.33182842
ci_cost_hydrogen_storage: 99234616.511708
ci_cost_onwind: 1261967932.9115083
ci_cost_solar: 581515230.8114336
ci_demand_total: 24396600.0
ci_emission_rate_local: 0.03457873639083242
ci_emission_rate_myopic: 0.008163864081840487
ci_emission_rate_true: 0.028741641636434286
ci_emissions: 701198.3343474327
ci_fraction_clean: 1.1600856429084445
ci_fraction_clean_excess: 0.19999996598627862
ci_fraction_clean_used: 0.980000021356386
ci_fraction_clean_used_grid: 0.01991434443422013
ci_fraction_clean_used_local: 0.9600856769221658
ci_generation_H2_Fuel_Cell: 2245918.13796241
ci_generation_battery_discharger: 2970646.4678133195
ci_generation_onwind: 22996708.12709862
ci_generation_solar: 9887528.989572387
ci_marginal_cost_grid: 115306974.75831032
ci_marginal_cost_onwind: 344950.6219064787
ci_marginal_cost_solar: 98875.28989572394
ci_revenue_grid: 557425483.1067878
ci_total_cost: 2632252413.1564946
co2_price: 80.0
emissions: 506489952.2951621
emissions_zone: 76.90764899133515
objective: 142700483793.10043
system_emission_rate: 0.15876800788931145
system_emissions: 168829984.09838742
system_grid_cfe_wavg: 0.5879893407767955
system_inv_H2_Electrolysis-2025: 108.4518560523982
system_inv_H2_Fuel_Cell-2025: 22.57999335567567
system_inv_OCGT-2025: 16992.51574018312
system_inv_battery_charger-2025: 1713.9486686895884
system_inv_battery_discharger-2025: 1749.2913511481868
system_inv_offwind-ac-2025: 542.0687008290189
system_inv_offwind-dc-2025: 34806.83389557593
system_inv_onwind-2025: 104262.59447478162
system_inv_solar-2025: 188814.08474380805
system_inv_solar_rooftop-2025: 0.0
zone_average_marginal_price: 115.60381194673944
