ci_average cost: 90.56330037007346
ci_average_revenue: 22.93236720136704
ci_cap_H2_Electrolysis: 188.55523726361005
ci_cap_H2_Fuel_Cell: 59.69561498024969
ci_cap_battery_charger: 1022.1023257367307
ci_cap_battery_discharger: 1043.1787083604452
ci_cap_onwind: 8222.573832230286
ci_cap_solar: 7685.139960371256
ci_capital_cost_battery_inverter: 32493625.537709042
ci_capital_cost_battery_storage: 121839627.33826424
ci_capital_cost_grid: 0.0
ci_capital_cost_hydrogen_electrolysis: 15926804.148022959
ci_capital_cost_hydrogen_fuel_cell: 13780912.000409633
ci_capital_cost_hydrogen_storage: 4189435.4404053455
ci_capital_cost_onwind: 943795519.1119257
ci_capital_cost_solar: 424997448.6324796
ci_clean_excess_total: 4879318.993725937
ci_clean_total: 23716188.810867947
ci_clean_used_grid_total: 3120070.942838623
ci_clean_used_local_total: 18836869.81714201
ci_clean_used_total: 21956940.759980634
ci_cost_battery_inverter: 32493625.537709042
ci_cost_battery_storage: 121839627.33826424
ci_cost_grid: 652084790.5666099
ci_cost_hydrogen_electrolysis: 15926804.148022959
ci_cost_hydrogen_fuel_cell: 13780912.000409633
ci_cost_hydrogen_storage: 4189435.4404053455
ci_cost_onwind: 944051695.5504664
ci_cost_solar: 425069723.22664636
ci_demand_total: 24396600.0
ci_emission_rate_local: 0.1808930201241722
ci_emission_rate_myopic: 0.0427623137525651
ci_emission_rate_true: 0.1538084626171842
ci_emissions: 3752403.539086396
ci_fraction_clean: 0.9721104092729292
ci_fraction_clean_excess: 0.19999995875351226
ci_fraction_clean_used: 0.9000000311510881
ci_fraction_clean_used_grid: 0.12788958063167094
ci_fraction_clean_used_local: 0.7721104505194171
ci_generation_H2_Fuel_Cell: 251633.4856880075
ci_generation_battery_discharger: 2164531.9420720367
ci_generation_onwind: 17078429.23604417
ci_generation_solar: 7227459.416673703
ci_marginal_cost_grid: 652084790.5666099
ci_marginal_cost_onwind: 256176.43854066211
ci_marginal_cost_solar: 72274.59416673708
ci_revenue_grid: 559471789.6648711
ci_total_cost: 2209436613.808534
co2_price: 80.0
emissions: 511150592.2261687
emissions_zone: 78.91055478840296
objective: 142276178329.83932
system_emission_rate: 0.1602289658293102
system_emissions: 170383530.7420561
system_grid_cfe_wavg: 0.5886034058966733
system_inv_H2_Electrolysis-2025: 108.46438584737116
system_inv_H2_Fuel_Cell-2025: 22.586900687456748
system_inv_OCGT-2025: 16999.879289003573
system_inv_battery_charger-2025: 1713.972026762902
system_inv_battery_discharger-2025: 1749.3151908794296
system_inv_offwind-ac-2025: 542.0649547707226
system_inv_offwind-dc-2025: 34735.58679144
system_inv_onwind-2025: 104276.6160278492
system_inv_solar-2025: 188780.4442806047
system_inv_solar_rooftop-2025: 0.0
zone_average_marginal_price: 115.82522335547267
