ci_average cost: 117.06638848409152
ci_average_revenue: 0.0
ci_cap_H2_Electrolysis: 0.0
ci_cap_H2_Fuel_Cell: 0.0
ci_cap_battery_charger: 0.0
ci_cap_battery_discharger: 0.0
ci_cap_onwind: 0.0
ci_cap_solar: 0.0
ci_capital_cost_battery_inverter: 0.0
ci_capital_cost_battery_storage: 0.0
ci_capital_cost_grid: 0.0
ci_capital_cost_hydrogen_electrolysis: 0.0
ci_capital_cost_hydrogen_fuel_cell: 0.0
ci_capital_cost_hydrogen_storage: 0.0
ci_capital_cost_onwind: 0.0
ci_capital_cost_solar: 0.0
ci_clean_excess_total: 0.0
ci_clean_total: 0.0
ci_clean_used_grid_total: 12993294.679087356
ci_clean_used_local_total: 0.0
ci_clean_used_total: 12993294.679087356
ci_cost_battery_inverter: 0.0
ci_cost_battery_storage: 0.0
ci_cost_grid: 2856021853.290987
ci_cost_hydrogen_electrolysis: 0.0
ci_cost_hydrogen_fuel_cell: 0.0
ci_cost_hydrogen_storage: 0.0
ci_cost_onwind: 0.0
ci_cost_solar: 0.0
ci_demand_total: 24396600.0
ci_emission_rate_local: 0.7460057069003788
ci_emission_rate_myopic: 0.16407804971358117
ci_emission_rate_true: 0.6166359123022745
ci_emissions: 15043819.69807367
ci_fraction_clean: 0.0
ci_fraction_clean_excess: 0.0
ci_fraction_clean_used: 0.5325862898554452
ci_fraction_clean_used_grid: 0.5325862898554452
ci_fraction_clean_used_local: 0.0
ci_generation_H2_Fuel_Cell: -0.0
ci_generation_battery_discharger: -0.0
ci_generation_onwind: 0.0
ci_generation_solar: 0.0
ci_marginal_cost_grid: 2856021853.290987
ci_marginal_cost_onwind: 0.0
ci_marginal_cost_solar: 0.0
ci_revenue_grid: 0.0
ci_total_cost: 2856021853.290987
co2_price: 80.0
emissions: 535702061.5991705
emissions_zone: 92.40635074947662
objective: 143467930268.0178
system_emission_rate: 0.1679250471936949
system_emissions: 178567353.86638993
system_grid_cfe_wavg: 0.5108190093548653
system_inv_H2_Electrolysis-2025: 108.37394572825946
system_inv_H2_Fuel_Cell-2025: 22.56316570793629
system_inv_OCGT-2025: 17043.23616726403
system_inv_battery_charger-2025: 1715.0222806447996
system_inv_battery_discharger-2025: 1750.387101646465
system_inv_offwind-ac-2025: 542.0469179288626
system_inv_offwind-dc-2025: 34416.840910729006
system_inv_onwind-2025: 104351.3239991796
system_inv_solar-2025: 188712.7334716966
system_inv_solar_rooftop-2025: 0.0
zone_average_marginal_price: 117.06638848409152
