ci_average cost: 99.22200587792359
ci_average_revenue: 23.411356021828126
ci_cap_H2_Electrolysis: 0.0
ci_cap_H2_Fuel_Cell: 0.0
ci_cap_battery_charger: 0.0
ci_cap_battery_discharger: 0.0
ci_cap_onwind: 12829.366036476977
ci_cap_solar: 6759.124238637689
ci_capital_cost_battery_inverter: 0.0
ci_capital_cost_battery_storage: 0.0
ci_capital_cost_grid: 0.0
ci_capital_cost_hydrogen_electrolysis: 0.0
ci_capital_cost_hydrogen_fuel_cell: 0.0
ci_capital_cost_hydrogen_storage: 0.0
ci_capital_cost_onwind: 1472567887.5405672
ci_capital_cost_solar: 373787669.6096239
ci_clean_excess_total: 4879319.6796756955
ci_clean_total: 24396600.000034437
ci_clean_used_grid_total: 2461309.4635967608
ci_clean_used_local_total: 19517280.320358742
ci_clean_used_total: 21978589.783955503
ci_cost_battery_inverter: 0.0
ci_cost_battery_storage: 0.0
ci_cost_grid: 573987689.0412138
ci_cost_hydrogen_electrolysis: 0.0
ci_cost_hydrogen_fuel_cell: 0.0
ci_cost_hydrogen_storage: 0.0
ci_cost_onwind: 1472845016.7704036
ci_cost_solar: 373846882.78973335
ci_demand_total: 24396600.0
ci_emission_rate_local: 0.15785496515368475
ci_emission_rate_myopic: 0.03843366913202519
ci_emission_rate_true: 0.13828703627220224
ci_emissions: 3373733.5091184094
ci_fraction_clean: 1.0000000000014115
ci_fraction_clean_excess: 0.19999998687012516
ci_fraction_clean_used: 0.9008874098831601
ci_fraction_clean_used_grid: 0.10088739675187365
ci_fraction_clean_used_local: 0.8000000131312864
ci_generation_H2_Fuel_Cell: -0.0
ci_generation_battery_discharger: -0.0
ci_generation_onwind: 18475281.989092488
ci_generation_solar: 5921318.010941948
ci_marginal_cost_grid: 573987689.0412138
ci_marginal_cost_onwind: 277129.22983638686
ci_marginal_cost_solar: 59213.18010941952
ci_revenue_grid: 571157488.3221321
ci_total_cost: 2420679588.601351
co2_price: 80.0
emissions: 510461069.9489785
emissions_zone: 80.56631295414293
objective: 142473234206.32394
system_emission_rate: 0.16001282318354085
system_emissions: 170153689.98299295
system_grid_cfe_wavg: 0.5831739022242777
system_inv_H2_Electrolysis-2025: 108.47113538161808
system_inv_H2_Fuel_Cell-2025: 22.578488138880203
system_inv_OCGT-2025: 16992.301134914032
system_inv_battery_charger-2025: 1713.94695407029
system_inv_battery_discharger-2025: 1749.2896011723765
system_inv_offwind-ac-2025: 542.046235735555
system_inv_offwind-dc-2025: 34869.69234944581
system_inv_onwind-2025: 104294.79424696318
system_inv_solar-2025: 188749.36772309762
system_inv_solar_rooftop-2025: 0.0
zone_average_marginal_price: 115.68171541378183
