ci_average cost: 98.50614705284978
ci_average_revenue: 22.312831877203546
ci_cap_H2_Electrolysis: 478.1592054546651
ci_cap_H2_Fuel_Cell: 450.291825598835
ci_cap_battery_charger: 130.47694029135047
ci_cap_battery_discharger: 133.16745556355656
ci_cap_onwind: 1960.7756950354656
ci_cap_solar: 962.9247089966213
ci_capital_cost_battery_inverter: 4147988.6429934623
ci_capital_cost_battery_storage: 24022302.752600603
ci_capital_cost_grid: 0.0
ci_capital_cost_hydrogen_electrolysis: 40388949.823779166
ci_capital_cost_hydrogen_fuel_cell: 103951220.28869987
ci_capital_cost_hydrogen_storage: 32305202.356810167
ci_capital_cost_onwind: 225059859.93148527
ci_capital_cost_solar: 53250890.24520085
ci_clean_excess_total: 981119.9523098855
ci_clean_total: 5886719.950450448
ci_clean_used_grid_total: 0.02246604310808934
ci_clean_used_local_total: 4905599.998140562
ci_clean_used_total: 4905600.020606605
ci_cost_battery_inverter: 4147988.6429934623
ci_cost_battery_storage: 24022302.752600603
ci_cost_grid: 2.0179103092416755
ci_cost_hydrogen_electrolysis: 40388949.823779166
ci_cost_hydrogen_fuel_cell: 103951220.28869987
ci_cost_hydrogen_storage: 32305202.356810167
ci_cost_onwind: 225155972.71130064
ci_cost_solar: 53260116.38836574
ci_demand_total: 4905600.0
ci_emission_rate_local: 1.701035124553081e-10
ci_emission_rate_myopic: 2.1397658423251518e-10
ci_emission_rate_true: 1.1334286928771136e-10
ci_emissions: 0.0005560147795777969
ci_fraction_clean: 1.19999998989939
ci_fraction_clean_excess: 0.19999999027843393
ci_fraction_clean_used: 1.000000004200629
ci_fraction_clean_used_grid: 4.579672844930149e-09
ci_fraction_clean_used_local: 0.9999999996209561
ci_generation_H2_Fuel_Cell: 721802.8184977956
ci_generation_battery_discharger: 253934.103591702
ci_generation_onwind: 6407518.654357884
ci_generation_solar: 922614.3164884819
ci_marginal_cost_grid: 2.0179103092416755
ci_marginal_cost_onwind: 96112.7798153683
ci_marginal_cost_solar: 9226.143164884817
ci_revenue_grid: 109457828.05680971
ci_total_cost: 483231754.9824599
co2_price: 80.0
emissions: 510056356.5320145
emissions_zone: 5.155094906592604
objective: 142111458089.71786
system_emission_rate: 0.15891502137811597
system_emissions: 170018785.51067126
system_grid_cfe_wavg: 0.7974998364593787
system_inv_H2_Electrolysis-2025: 108.46661988239802
system_inv_H2_Fuel_Cell-2025: 22.59190602156065
system_inv_OCGT-2025: 17043.23551347043
system_inv_battery_charger-2025: 1714.058964138051
system_inv_battery_discharger-2025: 1749.403920957068
system_inv_offwind-ac-2025: 542.07785157345
system_inv_offwind-dc-2025: 34797.980171130526
system_inv_onwind-2025: 113357.21878336233
system_inv_solar-2025: 188994.39252514232
system_inv_solar_rooftop-2025: 0.0
zone_average_marginal_price: 107.94450176478912
