ci_average cost: 69.22433174269439
ci_average_revenue: 21.461035752728087
ci_cap_H2_Electrolysis: 0.005239738932279486
ci_cap_H2_Fuel_Cell: 0.0017214744738339042
ci_cap_battery_charger: 0.011516694295425492
ci_cap_battery_discharger: 0.01175417566046962
ci_cap_onwind: 1309.100266078887
ci_cap_solar: 592.3683086701163
ci_capital_cost_battery_inverter: 366.1268959525054
ci_capital_cost_battery_storage: 605.7012825641591
ci_capital_cost_grid: 0.0
ci_capital_cost_hydrogen_electrolysis: 442.5880552154362
ci_capital_cost_hydrogen_fuel_cell: 397.4075523420846
ci_capital_cost_hydrogen_storage: 215.64753605622883
ci_capital_cost_onwind: 150259880.95729396
ci_capital_cost_solar: 32758677.282876022
ci_clean_excess_total: 981118.5592610219
ci_clean_total: 4515214.733389437
ci_clean_used_grid_total: 903933.832136349
ci_clean_used_local_total: 3534096.174128416
ci_clean_used_total: 4438030.006264765
ci_cost_battery_inverter: 366.1268959525054
ci_cost_battery_storage: 605.7012825641591
ci_cost_grid: 156501403.91909844
ci_cost_hydrogen_electrolysis: 442.5880552154362
ci_cost_hydrogen_fuel_cell: 397.4075523420846
ci_cost_hydrogen_storage: 215.64753605622883
ci_cost_onwind: 150319100.49553686
ci_cost_solar: 32764349.91100419
ci_demand_total: 4905600.0
ci_emission_rate_local: 0.16159832830668194
ci_emission_rate_myopic: 0.05345628517976832
ci_emission_rate_true: 0.0962487229191468
ci_emissions: 472157.7351521665
ci_fraction_clean: 0.9204204854430522
ci_fraction_clean_excess: 0.19999970630728595
ci_fraction_clean_used: 0.9046864820337501
ci_fraction_clean_used_grid: 0.18426570289798375
ci_fraction_clean_used_local: 0.7204207791357665
ci_generation_H2_Fuel_Cell: 7.88015832579326
ci_generation_battery_discharger: 39.670636245557944
ci_generation_onwind: 3947969.21619405
ci_generation_solar: 567262.8128165836
ci_marginal_cost_grid: 156501403.91909844
ci_marginal_cost_onwind: 59219.53824291077
ci_marginal_cost_solar: 5672.628128165835
ci_revenue_grid: 105279256.98858291
ci_total_cost: 339586881.7969616
co2_price: 80.0
emissions: 511464861.554871
emissions_zone: 5.245266633275758
objective: 141971917920.8171
system_emission_rate: 0.15935386034748095
system_emissions: 170488287.18495703
system_grid_cfe_wavg: 0.7977490777692113
system_inv_H2_Electrolysis-2025: 107.74335841232913
system_inv_H2_Fuel_Cell-2025: 22.438905381052944
system_inv_OCGT-2025: 17046.22007706972
system_inv_battery_charger-2025: 1715.04747647457
system_inv_battery_discharger-2025: 1750.4128170298407
system_inv_offwind-ac-2025: 542.0708559472124
system_inv_offwind-dc-2025: 34740.76591041589
system_inv_onwind-2025: 113350.32539102207
system_inv_solar-2025: 189003.54872454025
system_inv_solar_rooftop-2025: 0.0
zone_average_marginal_price: 108.14440247712801
