ci_average cost: 69.22435018734187
ci_average_revenue: 21.46101252285031
ci_cap_H2_Electrolysis: 0.007048331052368128
ci_cap_H2_Fuel_Cell: 0.0023209113286824894
ci_cap_battery_charger: 0.012931969211354309
ci_cap_battery_discharger: 0.013198634421200239
ci_cap_onwind: 1309.097817409037
ci_cap_solar: 592.370585663662
ci_capital_cost_battery_inverter: 411.1198599573138
ci_capital_cost_battery_storage: 709.2899432320846
ci_capital_cost_grid: 0.0
ci_capital_cost_hydrogen_electrolysis: 595.3554505863661
ci_capital_cost_hydrogen_fuel_cell: 535.7893505563045
ci_capital_cost_hydrogen_storage: 299.30044905633105
ci_capital_cost_onwind: 150259599.8964389
ci_capital_cost_solar: 32758803.203347538
ci_clean_excess_total: 981118.2319775291
ci_clean_total: 4515217.082094656
ci_clean_used_grid_total: 904116.2534886221
ci_clean_used_local_total: 3534098.8501171274
ci_clean_used_total: 4438215.103605749
ci_cost_battery_inverter: 411.1198599573138
ci_cost_battery_storage: 709.2899432320846
ci_cost_grid: 156501125.00634173
ci_cost_hydrogen_electrolysis: 595.3554505863661
ci_cost_hydrogen_fuel_cell: 535.7893505563045
ci_cost_hydrogen_storage: 299.30044905633105
ci_cost_onwind: 150318822.63863474
ci_cost_solar: 32764473.778994426
ci_demand_total: 4905600.0
ci_emission_rate_local: 0.16294443010682788
ci_emission_rate_myopic: 0.053456473344885104
ci_emission_rate_true: 0.09659037231939312
ci_emissions: 473833.7304500148
ci_fraction_clean: 0.9204209642234704
ci_fraction_clean_excess: 0.1999996395909836
ci_fraction_clean_used: 0.9047242138791889
ci_fraction_clean_used_grid: 0.18430288924670216
ci_fraction_clean_used_local: 0.7204213246324869
ci_generation_H2_Fuel_Cell: 10.796150264711763
ci_generation_battery_discharger: 44.74915045114493
ci_generation_onwind: 3948182.8130557165
ci_generation_solar: 567057.5646887919
ci_marginal_cost_grid: 156501125.00634173
ci_marginal_cost_onwind: 59222.742195835766
ci_marginal_cost_solar: 5670.575646887918
ci_revenue_grid: 105279143.03209448
ci_total_cost: 339586972.2790243
co2_price: 80.0
emissions: 511464769.0390065
emissions_zone: 5.279925645945201
objective: 141971920353.0158
system_emission_rate: 0.1593538315228999
system_emissions: 170488256.3463351
system_grid_cfe_wavg: 0.7976149521003046
system_inv_H2_Electrolysis-2025: 107.80369317998611
system_inv_H2_Fuel_Cell-2025: 22.455479575905127
system_inv_OCGT-2025: 17046.173781253332
system_inv_battery_charger-2025: 1715.0456089148079
system_inv_battery_discharger-2025: 1750.41091095984
system_inv_offwind-ac-2025: 542.0651414560136
system_inv_offwind-dc-2025: 34740.75162646447
system_inv_onwind-2025: 113350.3992582195
system_inv_solar-2025: 189003.33635795012
system_inv_solar_rooftop-2025: 0.0
zone_average_marginal_price: 108.14440375749437
