ci_average cost: 75.50106258171138
ci_average_revenue: 22.263858755180017
ci_cap_H2_Electrolysis: 179.81524467008086
ci_cap_H2_Fuel_Cell: 89.70136003165172
ci_cap_battery_charger: 112.81468739415412
ci_cap_battery_discharger: 115.14099607893289
ci_cap_onwind: 1672.9313190398777
ci_cap_solar: 826.6862129024638
ci_capital_cost_battery_inverter: 3586488.4709043903
ci_capital_cost_battery_storage: 11333916.580988338
ci_capital_cost_grid: 0.0
ci_capital_cost_hydrogen_electrolysis: 15188558.144822838
ci_capital_cost_hydrogen_fuel_cell: 20707828.360964876
ci_capital_cost_hydrogen_storage: 5249945.503704007
ci_capital_cost_onwind: 192020785.0859247
ci_capital_cost_solar: 45716738.161554754
ci_clean_excess_total: 981118.6481018915
ci_clean_total: 5220535.825604165
ci_clean_used_grid_total: 420904.1455641893
ci_clean_used_local_total: 4239417.177502273
ci_clean_used_total: 4660321.323066462
ci_cost_battery_inverter: 3586488.4709043903
ci_cost_battery_storage: 11333916.580988338
ci_cost_grid: 76490319.86218783
ci_cost_hydrogen_electrolysis: 15188558.144822838
ci_cost_hydrogen_fuel_cell: 20707828.360964876
ci_cost_hydrogen_storage: 5249945.503704007
ci_cost_onwind: 192096301.1987575
ci_cost_solar: 45724654.47851357
ci_demand_total: 4905600.0
ci_emission_rate_local: 0.08149785493135092
ci_emission_rate_myopic: 0.02682456564738783
ci_emission_rate_true: 0.049769156163987534
ci_emissions: 244147.57247805723
ci_fraction_clean: 1.0641992469023493
ci_fraction_clean_excess: 0.1999997244173784
ci_fraction_clean_used: 0.950000269705329
ci_fraction_clean_used_grid: 0.08580074722035823
ci_fraction_clean_used_local: 0.8641995224849708
ci_generation_H2_Fuel_Cell: 300129.7348902384
ci_generation_battery_discharger: 233363.91778330953
ci_generation_onwind: 5034407.522184996
ci_generation_solar: 791631.6958815529
ci_marginal_cost_grid: 76490319.86218783
ci_marginal_cost_onwind: 75516.11283277496
ci_marginal_cost_solar: 7916.316958815528
ci_revenue_grid: 109217585.5094111
ci_total_cost: 370378012.60084337
co2_price: 80.0
emissions: 510682279.76387435
emissions_zone: 5.1735272396725565
objective: 141998801865.41272
system_emission_rate: 0.15911003630636553
system_emissions: 170227426.5879584
system_grid_cfe_wavg: 0.7975118822962297
system_inv_H2_Electrolysis-2025: 108.37909155877647
system_inv_H2_Fuel_Cell-2025: 22.568516798095356
system_inv_OCGT-2025: 17043.552959161774
system_inv_battery_charger-2025: 1714.215936631256
system_inv_battery_discharger-2025: 1749.5641303202458
system_inv_offwind-ac-2025: 542.0780477306482
system_inv_offwind-dc-2025: 34766.24802524988
system_inv_onwind-2025: 113349.43620623217
system_inv_solar-2025: 189008.50794250367
system_inv_solar_rooftop-2025: 0.0
zone_average_marginal_price: 108.04960818264945
