ci_average cost: 69.22418355205127
ci_average_revenue: 21.46104588419162
ci_cap_H2_Electrolysis: 0.002311923136684945
ci_cap_H2_Fuel_Cell: 0.0007592644810956841
ci_cap_battery_charger: 0.0043956087964974536
ci_cap_battery_discharger: 0.004486248970701507
ci_cap_onwind: 1309.1007659378954
ci_cap_solar: 592.3594029182268
ci_capital_cost_battery_inverter: 139.74067238394838
ci_capital_cost_battery_storage: 240.52382530511036
ci_capital_cost_grid: 0.0
ci_capital_cost_hydrogen_electrolysis: 195.2825471073264
ci_capital_cost_hydrogen_fuel_cell: 175.27848573933127
ci_capital_cost_hydrogen_storage: 119.8917755204411
ci_capital_cost_onwind: 150259938.33162734
ci_capital_cost_solar: 32758184.784125093
ci_clean_excess_total: 981119.2268324174
ci_clean_total: 4515206.297248913
ci_clean_used_grid_total: 903247.8467811267
ci_clean_used_local_total: 3534087.070416495
ci_clean_used_total: 4437334.917197622
ci_cost_battery_inverter: 139.74067238394838
ci_cost_battery_storage: 240.52382530511036
ci_cost_grid: 156502269.2528926
ci_cost_hydrogen_electrolysis: 195.2825471073264
ci_cost_hydrogen_fuel_cell: 175.27848573933127
ci_cost_hydrogen_storage: 119.8917755204411
ci_cost_onwind: 150319157.15653262
ci_cost_solar: 32763857.706211414
ci_demand_total: 4905600.0
ci_emission_rate_local: 0.16273428641464796
ci_emission_rate_myopic: 0.05345844735607265
ci_emission_rate_true: 0.09663993448454854
ci_emissions: 474076.86260740133
ci_fraction_clean: 0.9204187657470876
ci_fraction_clean_excess: 0.19999984239082222
ci_fraction_clean_used: 0.9045447890569192
ci_fraction_clean_used_grid: 0.18412586570065367
ci_fraction_clean_used_local: 0.7204189233562653
ci_generation_H2_Fuel_Cell: 3.509874437756493
ci_generation_battery_discharger: 14.505046387751946
ci_generation_onwind: 3947921.660351845
ci_generation_solar: 567292.2086320015
ci_marginal_cost_grid: 156502269.2528926
ci_marginal_cost_onwind: 59218.824905277696
ci_marginal_cost_solar: 5672.922086320014
ci_revenue_grid: 105279306.68949041
ci_total_cost: 339586154.8329427
co2_price: 80.0
emissions: 511464750.6115526
emissions_zone: 5.2781413802072725
objective: 141971866846.06418
system_emission_rate: 0.1593538257815752
system_emissions: 170488250.20385063
system_grid_cfe_wavg: 0.7976504257432119
system_inv_H2_Electrolysis-2025: 107.6942220752989
system_inv_H2_Fuel_Cell-2025: 22.420949830469258
system_inv_OCGT-2025: 17046.248909651717
system_inv_battery_charger-2025: 1714.8612111027078
system_inv_battery_discharger-2025: 1750.2227107507151
system_inv_offwind-ac-2025: 542.0392408724992
system_inv_offwind-dc-2025: 34740.75763671736
system_inv_onwind-2025: 113350.36401994235
system_inv_solar-2025: 189003.4610030815
system_inv_solar_rooftop-2025: 0.0
zone_average_marginal_price: 108.14435444222751
