ci_average cost: 88.19347823657465
ci_average_revenue: 22.4383814827983
ci_cap_H2_Electrolysis: 389.7353586261842
ci_cap_H2_Fuel_Cell: 261.25757872434485
ci_cap_battery_charger: 211.45642199339
ci_cap_battery_discharger: 215.81678430345704
ci_cap_onwind: 1866.7227985459958
ci_cap_solar: 978.9592465598591
ci_capital_cost_battery_inverter: 6722405.008563496
ci_capital_cost_battery_storage: 28531868.34395957
ci_capital_cost_grid: 0.0
ci_capital_cost_hydrogen_electrolysis: 32920001.674207985
ci_capital_cost_hydrogen_fuel_cell: 60312096.6763048
ci_capital_cost_hydrogen_storage: 20121879.721882522
ci_capital_cost_onwind: 214264371.30743453
ci_capital_cost_solar: 54137619.386051595
ci_clean_excess_total: 981119.6358893873
ci_clean_total: 5751863.621724097
ci_clean_used_grid_total: 85800.33766649291
ci_clean_used_local_total: 4770743.98583471
ci_clean_used_total: 4856544.323501203
ci_cost_battery_inverter: 6722405.008563496
ci_cost_battery_storage: 28531868.34395957
ci_cost_grid: 15532379.943446822
ci_cost_hydrogen_electrolysis: 32920001.674207985
ci_cost_hydrogen_fuel_cell: 60312096.6763048
ci_cost_hydrogen_storage: 20121879.721882522
ci_cost_onwind: 214354294.8313313
ci_cost_solar: 54147000.63764407
ci_demand_total: 4905600.0
ci_emission_rate_local: 0.015961647121218718
ci_emission_rate_myopic: 0.005454347176433905
ci_emission_rate_true: 0.010432699291886671
ci_emissions: 51178.64964627925
ci_fraction_clean: 1.1725097076247752
ci_fraction_clean_excess: 0.19999992577653852
ci_fraction_clean_used: 0.9900000659452877
ci_fraction_clean_used_grid: 0.017490284097050904
ci_fraction_clean_used_local: 0.9725097818482368
ci_generation_H2_Fuel_Cell: 586942.9669901932
ci_generation_battery_discharger: 384901.9574003424
ci_generation_onwind: 5994901.593117982
ci_generation_solar: 938125.1592474703
ci_marginal_cost_grid: 15532379.943446822
ci_marginal_cost_onwind: 89923.52389676977
ci_marginal_cost_solar: 9381.251592474702
ci_revenue_grid: 110073724.20201534
ci_total_cost: 432641926.8373406
co2_price: 80.0
emissions: 510151723.78274435
emissions_zone: 5.1602935812408885
objective: 142060159908.63492
system_emission_rate: 0.15894473434707462
system_emissions: 170050574.59424847
system_grid_cfe_wavg: 0.7973985495462143
system_inv_H2_Electrolysis-2025: 108.38923409784489
system_inv_H2_Fuel_Cell-2025: 22.556399208210774
system_inv_OCGT-2025: 17043.307416892047
system_inv_battery_charger-2025: 1713.848874377899
system_inv_battery_discharger-2025: 1749.1894990160192
system_inv_offwind-ac-2025: 542.0268867821381
system_inv_offwind-dc-2025: 34790.86100627619
system_inv_onwind-2025: 113356.56662223986
system_inv_solar-2025: 188995.85311162143
system_inv_solar_rooftop-2025: 0.0
zone_average_marginal_price: 107.97895514550515
