ci_average cost: 83.42606158831524
ci_average_revenue: 22.35717000358958
ci_cap_H2_Electrolysis: 313.31471204507807
ci_cap_H2_Fuel_Cell: 180.3679237079694
ci_cap_battery_charger: 252.94886963906316
ci_cap_battery_discharger: 258.16483190282787
ci_cap_onwind: 1762.8863630899582
ci_cap_solar: 1012.2990957583427
ci_capital_cost_battery_inverter: 8041490.214117344
ci_capital_cost_battery_storage: 31377344.220611066
ci_capital_cost_grid: 0.0
ci_capital_cost_hydrogen_electrolysis: 26464934.773780618
ci_capital_cost_hydrogen_fuel_cell: 41638476.88207078
ci_capital_cost_hydrogen_storage: 12162606.119824752
ci_capital_cost_onwind: 202345917.9735371
ci_capital_cost_solar: 55981352.99665751
ci_clean_excess_total: 981118.9978420932
ci_clean_total: 5616339.967184644
ci_clean_used_grid_total: 172267.9843819321
ci_clean_used_local_total: 4635220.96934255
ci_clean_used_total: 4807488.953724482
ci_cost_battery_inverter: 8041490.214117344
ci_cost_battery_storage: 31377344.220611066
ci_cost_grid: 31148832.246596597
ci_cost_hydrogen_electrolysis: 26464934.773780618
ci_cost_hydrogen_fuel_cell: 41638476.88207078
ci_cost_hydrogen_storage: 12162606.119824752
ci_cost_onwind: 202430152.4122997
ci_cost_solar: 55991050.8583383
ci_demand_total: 4905600.0
ci_emission_rate_local: 0.03238313029968525
ci_emission_rate_myopic: 0.010900281024056154
ci_emission_rate_true: 0.020532667839236084
ci_emissions: 100725.05535215655
ci_fraction_clean: 1.144883391875539
ci_fraction_clean_excess: 0.19999979571145085
ci_fraction_clean_used: 0.9800001944154603
ci_fraction_clean_used_grid: 0.03511659825137233
ci_fraction_clean_used_local: 0.944883596164088
ci_generation_H2_Fuel_Cell: 478357.60255384626
ci_generation_battery_discharger: 467999.12557717704
ci_generation_onwind: 5615629.250840205
ci_generation_solar: 969786.1680781387
ci_marginal_cost_grid: 31148832.246596597
ci_marginal_cost_onwind: 84234.4387626031
ci_marginal_cost_solar: 9697.861680781385
ci_revenue_grid: 109675333.16960904
ci_total_cost: 409254887.7276392
co2_price: 80.0
emissions: 510289768.57933086
emissions_zone: 5.160558746061266
objective: 142037205887.60834
system_emission_rate: 0.15898774408809546
system_emissions: 170096589.52644354
system_grid_cfe_wavg: 0.7975450908330317
system_inv_H2_Electrolysis-2025: 107.72270745586192
system_inv_H2_Fuel_Cell-2025: 22.43160120169605
system_inv_OCGT-2025: 17043.404205656465
system_inv_battery_charger-2025: 1715.0237044894286
system_inv_battery_discharger-2025: 1750.3885548516512
system_inv_offwind-ac-2025: 542.0592491826228
system_inv_offwind-dc-2025: 34782.849972900054
system_inv_onwind-2025: 113350.57963239262
system_inv_solar-2025: 189007.46939050025
system_inv_solar_rooftop-2025: 0.0
zone_average_marginal_price: 108.00061998553531
