ci_average cost: 108.70469956336336
ci_average_revenue: 0.0
ci_cap_H2_Electrolysis: 0.0
ci_cap_H2_Fuel_Cell: 0.0
ci_cap_battery_charger: 0.0
ci_cap_battery_discharger: 0.0
ci_cap_onwind: 0.0
ci_cap_solar: 0.0
ci_capital_cost_battery_inverter: 0.0
ci_capital_cost_battery_storage: 0.0
ci_capital_cost_grid: 0.0
ci_capital_cost_hydrogen_electrolysis: 0.0
ci_capital_cost_hydrogen_fuel_cell: 0.0
ci_capital_cost_hydrogen_storage: 0.0
ci_capital_cost_onwind: 0.0
ci_capital_cost_solar: 0.0
ci_clean_excess_total: 0.0
ci_clean_total: 0.0
ci_clean_used_grid_total: 3906042.2721697884
ci_clean_used_local_total: 0.0
ci_clean_used_total: 3906042.2721697884
ci_cost_battery_inverter: 0.0
ci_cost_battery_storage: 0.0
ci_cost_grid: 533261774.1780353
ci_cost_hydrogen_electrolysis: 0.0
ci_cost_hydrogen_fuel_cell: 0.0
ci_cost_hydrogen_storage: 0.0
ci_cost_onwind: 0.0
ci_cost_solar: 0.0
ci_demand_total: 4905600.0
ci_emission_rate_local: 0.4048974144246691
ci_emission_rate_myopic: 0.15651823603385492
ci_emission_rate_true: 0.22968285390567075
ci_emissions: 1126732.2081196583
ci_fraction_clean: 0.0
ci_fraction_clean_excess: 0.0
ci_fraction_clean_used: 0.7962414938376118
ci_fraction_clean_used_grid: 0.7962414938376118
ci_fraction_clean_used_local: 0.0
ci_generation_H2_Fuel_Cell: -0.0
ci_generation_battery_discharger: -0.0
ci_generation_onwind: 0.0
ci_generation_solar: 0.0
ci_marginal_cost_grid: 533261774.1780353
ci_marginal_cost_onwind: 0.0
ci_marginal_cost_solar: 0.0
ci_revenue_grid: 0.0
ci_total_cost: 533261774.1780353
co2_price: 80.0
emissions: 515031196.4146599
emissions_zone: 5.442535011015806
objective: 142269935732.89447
system_emission_rate: 0.16046500066212835
system_emissions: 171677065.4715534
system_grid_cfe_wavg: 0.7895404730962725
system_inv_H2_Electrolysis-2025: 108.45547494925925
system_inv_H2_Fuel_Cell-2025: 22.61739291084728
system_inv_OCGT-2025: 17056.506765328617
system_inv_battery_charger-2025: 1715.9995619625925
system_inv_battery_discharger-2025: 1751.3845351099537
system_inv_offwind-ac-2025: 542.44756550224
system_inv_offwind-dc-2025: 34703.94575940085
system_inv_onwind-2025: 113415.14441708669
system_inv_solar-2025: 188901.5609636489
system_inv_solar_rooftop-2025: 0.0
zone_average_marginal_price: 108.70469956336336
