ci_average cost: 74.35015368638054
ci_average_revenue: 22.950833200074428
ci_cap_H2_Electrolysis: 0.0
ci_cap_H2_Fuel_Cell: 0.0
ci_cap_battery_charger: 0.0
ci_cap_battery_discharger: 0.0
ci_cap_onwind: 1759.6289636369538
ci_cap_solar: 899.6015871842504
ci_capital_cost_battery_inverter: 0.0
ci_capital_cost_battery_storage: 0.0
ci_capital_cost_grid: 0.0
ci_capital_cost_hydrogen_electrolysis: 0.0
ci_capital_cost_hydrogen_fuel_cell: 0.0
ci_capital_cost_hydrogen_storage: 0.0
ci_capital_cost_onwind: 201972030.29913852
ci_capital_cost_solar: 49749045.73118093
ci_clean_excess_total: 981119.4571712781
ci_clean_total: 4905600.000005718
ci_clean_used_grid_total: 614850.5943362671
ci_clean_used_local_total: 3924480.5428344407
ci_clean_used_total: 4539331.137170708
ci_cost_battery_inverter: 0.0
ci_cost_battery_storage: 0.0
ci_cost_grid: 112941708.61970963
ci_cost_hydrogen_electrolysis: 0.0
ci_cost_hydrogen_fuel_cell: 0.0
ci_cost_hydrogen_storage: 0.0
ci_cost_onwind: 202032850.1207762
ci_cost_solar: 49757555.18342252
ci_demand_total: 4905600.0
ci_emission_rate_local: 0.12417596685758465
ci_emission_rate_myopic: 0.040030832881700146
ci_emission_rate_true: 0.07400203738743891
ci_emissions: 363024.3946078202
ci_fraction_clean: 1.0000000000011657
ci_fraction_clean_excess: 0.19999988934509094
ci_fraction_clean_used: 0.9253365821042702
ci_fraction_clean_used_grid: 0.12533647144819535
ci_fraction_clean_used_local: 0.8000001106560748
ci_generation_H2_Fuel_Cell: -0.0
ci_generation_battery_discharger: -0.0
ci_generation_onwind: 4054654.775846634
ci_generation_solar: 850945.2241590843
ci_marginal_cost_grid: 112941708.61970963
ci_marginal_cost_onwind: 60819.82163769953
ci_marginal_cost_solar: 8509.452241590841
ci_revenue_grid: 112587607.34628512
ci_total_cost: 364732113.92390835
co2_price: 80.0
emissions: 510935893.29226595
emissions_zone: 5.192419536421195
objective: 141989840618.86438
system_emission_rate: 0.15918905306357253
system_emissions: 170311964.4307553
system_grid_cfe_wavg: 0.7980914227920154
system_inv_H2_Electrolysis-2025: 107.7193394043748
system_inv_H2_Fuel_Cell-2025: 22.432142926394494
system_inv_OCGT-2025: 17044.371970118184
system_inv_battery_charger-2025: 1715.0769803723601
system_inv_battery_discharger-2025: 1750.4429293162657
system_inv_offwind-ac-2025: 542.0649558833869
system_inv_offwind-dc-2025: 34773.13130233829
system_inv_onwind-2025: 113353.03948806335
system_inv_solar-2025: 188994.17157793447
system_inv_solar_rooftop-2025: 0.0
zone_average_marginal_price: 108.08046600178967
