ci_average cost: 248.18657183302915
ci_average_revenue: 18.76355767984647
ci_cap_battery_charger: 538.887939848541
ci_cap_battery_discharger: 550.0001427323044
ci_cap_onwind: 5270.478959802728
ci_cap_solar: 4653.790428245393
ci_capital_cost_battery_inverter: 17131770.942409765
ci_capital_cost_battery_storage: 316252418.2032473
ci_capital_cost_grid: 0.0
ci_capital_cost_hydrogen_electrolysis: 0.0
ci_capital_cost_hydrogen_fuel_cell: 0.0
ci_capital_cost_hydrogen_storage: 0.0
ci_capital_cost_onwind: 604951019.8786849
ci_capital_cost_solar: 257360187.1499293
ci_clean_excess_total: 963599.869579746
ci_clean_total: 5781599.866576381
ci_clean_used_grid_total: 5.3155395754291556e-05
ci_clean_used_local_total: 4817999.996996636
ci_clean_used_total: 4817999.997049791
ci_cost_battery_inverter: 17131770.942409765
ci_cost_battery_storage: 316252418.2032473
ci_cost_grid: 0.006159362944421766
ci_cost_hydrogen_electrolysis: 0.0
ci_cost_hydrogen_fuel_cell: 0.0
ci_cost_hydrogen_storage: 0.0
ci_cost_onwind: 604978510.2401382
ci_cost_solar: 257400203.69957978
ci_demand_total: 4818000.0
ci_emission_rate_local: 7.500704567750629e-13
ci_emission_rate_myopic: 1.6592856355069624e-12
ci_emission_rate_true: 1.2538801589060347e-12
ci_emissions: 6.041194605609276e-06
ci_fraction_clean: 1.1999999723072605
ci_fraction_clean_excess: 0.1999999729306239
ci_fraction_clean_used: 0.9999999993876694
ci_fraction_clean_used_grid: 1.1032668276108667e-11
ci_fraction_clean_used_local: 0.9999999993766366
ci_generation_battery_discharger: 1265904.011837759
ci_generation_onwind: 1832690.7635518382
ci_generation_solar: 4001654.9650469613
ci_marginal_cost_grid: 0.006159362944421766
ci_marginal_cost_onwind: 27490.36145327759
ci_marginal_cost_solar: 40016.54965046963
ci_revenue_grid: 90402820.9015003
ci_total_cost: 1195762903.0915344
co2_price: 80.0
emissions: 510904643.7589453
emissions_zone: 3.1125191197486273
objective: 142841199261.99005
system_emission_rate: 0.1591749724861388
system_emissions: 170301547.9196484
system_grid_cfe_wavg: 0.5519975262340534
system_inv_H2_Electrolysis-2025: 107.72786130787543
system_inv_H2_Fuel_Cell-2025: 22.43629656823944
system_inv_OCGT-2025: 16997.570763849457
system_inv_battery_charger-2025: 1715.174054345063
system_inv_battery_discharger-2025: 1750.5420050143728
system_inv_offwind-ac-2025: 542.062699859047
system_inv_offwind-dc-2025: 34722.68700335641
system_inv_onwind-2025: 114365.9890057979
system_inv_solar-2025: 189016.5256112051
system_inv_solar_rooftop-2025: 0.0
zone_average_marginal_price: 93.87846335062977
