ci_average cost: 70.57490965525051
ci_average_revenue: 18.75472131452071
ci_cap_battery_charger: 141.78100091311845
ci_cap_battery_discharger: 144.7046129124006
ci_cap_onwind: 1100.6773207321262
ci_cap_solar: 1212.0413907096688
ci_capital_cost_battery_inverter: 4507355.707963727
ci_capital_cost_battery_storage: 14836162.721422719
ci_capital_cost_grid: 0.0
ci_capital_cost_hydrogen_electrolysis: 0.0
ci_capital_cost_hydrogen_fuel_cell: 0.0
ci_capital_cost_hydrogen_storage: 0.0
ci_capital_cost_onwind: 126336879.9709924
ci_capital_cost_solar: 67027341.251399584
ci_clean_excess_total: 963599.1596354143
ci_clean_total: 4435390.741661506
ci_clean_used_grid_total: 382609.2937322239
ci_clean_used_local_total: 3471791.582026091
ci_clean_used_total: 3854400.875758315
ci_cost_battery_inverter: 4507355.707963727
ci_cost_battery_storage: 14836162.721422719
ci_cost_grid: 127260990.44506767
ci_cost_hydrogen_electrolysis: 0.0
ci_cost_hydrogen_fuel_cell: 0.0
ci_cost_hydrogen_storage: 0.0
ci_cost_onwind: 126387051.66260183
ci_cost_solar: 67038354.18194099
ci_demand_total: 4818000.0
ci_emission_rate_local: 0.08433139006494342
ci_emission_rate_myopic: 0.05056888914078784
ci_emission_rate_true: 0.07498007758935249
ci_emissions: 361254.0138255004
ci_fraction_clean: 0.9205875345914292
ci_fraction_clean_excess: 0.19999982557812665
ci_fraction_clean_used: 0.8000001817680189
ci_fraction_clean_used_grid: 0.07941247275471647
ci_fraction_clean_used_local: 0.7205877090133024
ci_generation_battery_discharger: 256362.74760810292
ci_generation_onwind: 3344779.440628511
ci_generation_solar: 1101293.0541406428
ci_marginal_cost_grid: 127260990.44506767
ci_marginal_cost_onwind: 50171.6916094277
ci_marginal_cost_solar: 11012.930541406431
ci_revenue_grid: 90360247.29336078
ci_total_cost: 340029914.71899694
co2_price: 80.0
emissions: 511413434.04284155
emissions_zone: 3.5603566037178704
objective: 141985419142.09247
system_emission_rate: 0.1593334887189224
system_emissions: 170471144.68094698
system_grid_cfe_wavg: 0.5579649192634447
system_inv_H2_Electrolysis-2025: 107.70955643196962
system_inv_H2_Fuel_Cell-2025: 22.427468280003854
system_inv_OCGT-2025: 16995.149324276965
system_inv_battery_charger-2025: 1715.0450835301115
system_inv_battery_discharger-2025: 1750.410374741386
system_inv_offwind-ac-2025: 542.0539785650665
system_inv_offwind-dc-2025: 34722.67612336183
system_inv_onwind-2025: 114399.17337393471
system_inv_solar-2025: 189016.71520643492
system_inv_solar_rooftop-2025: 0.0
zone_average_marginal_price: 94.13338486909068
