ci_average cost: 75.42883566281574
ci_average_revenue: 18.75472611386274
ci_cap_battery_charger: 311.5226589441468
ci_cap_battery_discharger: 317.9464489997375
ci_cap_onwind: 1099.1713178705115
ci_cap_solar: 1657.0625230527892
ci_capital_cost_battery_inverter: 9903607.859366
ci_capital_cost_battery_storage: 38788930.939976394
ci_capital_cost_grid: 0.0
ci_capital_cost_hydrogen_electrolysis: 0.0
ci_capital_cost_hydrogen_fuel_cell: 0.0
ci_capital_cost_hydrogen_storage: 0.0
ci_capital_cost_onwind: 126164019.40670165
ci_capital_cost_solar: 91637543.1226257
ci_clean_excess_total: 963599.0360362704
ci_clean_total: 4753744.112426548
ci_clean_used_grid_total: 305156.0317737903
ci_clean_used_local_total: 3790145.0763902785
ci_clean_used_total: 4095301.108164069
ci_cost_battery_inverter: 9903607.859366
ci_cost_battery_storage: 38788930.939976394
ci_cost_grid: 96857927.37649082
ci_cost_hydrogen_electrolysis: 0.0
ci_cost_hydrogen_fuel_cell: 0.0
ci_cost_hydrogen_storage: 0.0
ci_cost_onwind: 126213058.95042205
ci_cost_solar: 91652605.09719099
ci_demand_total: 4818000.0
ci_emission_rate_local: 0.06406543379387618
ci_emission_rate_myopic: 0.03927304164464728
ci_emission_rate_true: 0.05695891114051347
ci_emissions: 274428.0338749939
ci_fraction_clean: 0.9866633691213259
ci_fraction_clean_excess: 0.19999979992450612
ci_fraction_clean_used: 0.8500002300049956
ci_fraction_clean_used_grid: 0.06333666080817565
ci_fraction_clean_used_local: 0.7866635691968199
ci_generation_battery_discharger: 522151.5818557295
ci_generation_onwind: 3269302.9146932694
ci_generation_solar: 1506197.4565290513
ci_marginal_cost_grid: 96857927.37649082
ci_marginal_cost_onwind: 49039.54372039907
ci_marginal_cost_solar: 15061.974565290519
ci_revenue_grid: 90360270.41659069
ci_total_cost: 363416130.22344625
co2_price: 80.0
emissions: 511287037.6365891
emissions_zone: 3.4471216090338253
objective: 142008943243.60623
system_emission_rate: 0.15929410926772117
system_emissions: 170429012.5455299
system_grid_cfe_wavg: 0.5576036977071405
system_inv_H2_Electrolysis-2025: 107.5864270371388
system_inv_H2_Fuel_Cell-2025: 22.403838467668965
system_inv_OCGT-2025: 16997.519731922323
system_inv_battery_charger-2025: 1715.074072351529
system_inv_battery_discharger-2025: 1750.439961330245
system_inv_offwind-ac-2025: 542.067623063675
system_inv_offwind-dc-2025: 34722.58814943141
system_inv_onwind-2025: 114365.72028917223
system_inv_solar-2025: 189017.1672700401
system_inv_solar_rooftop-2025: 0.0
zone_average_marginal_price: 94.06239262971881
