ci_average cost: 151.16676717065442
ci_average_revenue: 18.754738674293357
ci_cap_battery_charger: 1076.241301554306
ci_cap_battery_discharger: 1098.4340633706465
ci_cap_onwind: 2196.8396537629974
ci_cap_solar: 4980.495190376655
ci_capital_cost_battery_inverter: 34214756.15537334
ci_capital_cost_battery_storage: 160312201.71271482
ci_capital_cost_grid: 0.0
ci_capital_cost_hydrogen_electrolysis: 0.0
ci_capital_cost_hydrogen_fuel_cell: 0.0
ci_capital_cost_hydrogen_storage: 0.0
ci_capital_cost_onwind: 252155524.98925173
ci_capital_cost_solar: 275427351.9742327
ci_clean_excess_total: 963599.7397976918
ci_clean_total: 5716307.816265301
ci_clean_used_grid_total: 17112.004977969726
ci_clean_used_local_total: 4752708.076467609
ci_clean_used_total: 4769820.0814455785
ci_cost_battery_inverter: 34214756.15537334
ci_cost_battery_storage: 160312201.71271482
ci_cost_grid: 6147238.94589394
ci_cost_hydrogen_electrolysis: 0.0
ci_cost_hydrogen_fuel_cell: 0.0
ci_cost_hydrogen_storage: 0.0
ci_cost_onwind: 252175160.51562846
ci_cost_solar: 275472126.89860255
ci_demand_total: 4818000.0
ci_emission_rate_local: 0.004920276974642192
ci_emission_rate_myopic: 0.0027586668552050846
ci_emission_rate_true: 0.003974373242408278
ci_emissions: 19148.530281923086
ci_fraction_clean: 1.1864482806694274
ci_fraction_clean_excess: 0.19999994599370938
ci_fraction_clean_used: 0.9900000169044372
ci_fraction_clean_used_grid: 0.0035516822287193286
ci_fraction_clean_used_local: 0.9864483346757179
ci_generation_battery_discharger: 1685277.524316397
ci_generation_onwind: 1309035.09178202
ci_generation_solar: 4477492.436987374
ci_marginal_cost_grid: 6147238.94589394
ci_marginal_cost_onwind: 19635.52637673031
ci_marginal_cost_solar: 44774.924369873755
ci_revenue_grid: 90360330.9327454
ci_total_cost: 728321484.2282131
co2_price: 80.0
emissions: 510933894.38612545
emissions_zone: 3.139231799787225
objective: 142373844637.1032
system_emission_rate: 0.15918408566965245
system_emissions: 170311298.12870836
system_grid_cfe_wavg: 0.5506744715627303
system_inv_H2_Electrolysis-2025: 107.61182017286077
system_inv_H2_Fuel_Cell-2025: 22.404896578131925
system_inv_OCGT-2025: 16997.5399675211
system_inv_battery_charger-2025: 1714.8907337985129
system_inv_battery_discharger-2025: 1750.2528422227822
system_inv_offwind-ac-2025: 542.0401323242509
system_inv_offwind-dc-2025: 34722.555781518444
system_inv_onwind-2025: 114365.57296865546
system_inv_solar-2025: 189017.3721157414
system_inv_solar_rooftop-2025: 0.0
zone_average_marginal_price: 93.95265193334856
