ci_average cost: 95.64220635698328
ci_average_revenue: 18.754734065199415
ci_cap_battery_charger: 707.4424666762746
ci_cap_battery_discharger: 722.0303682361172
ci_cap_onwind: 1121.5405292565702
ci_cap_solar: 3106.9288949387137
ci_capital_cost_battery_inverter: 22490283.039990924
ci_capital_cost_battery_storage: 102901066.54693432
ci_capital_cost_grid: 0.0
ci_capital_cost_hydrogen_electrolysis: 0.0
ci_capital_cost_hydrogen_fuel_cell: 0.0
ci_capital_cost_hydrogen_storage: 0.0
ci_capital_cost_onwind: 128731580.59897412
ci_capital_cost_solar: 171816890.810105
ci_clean_excess_total: 963599.4522407573
ci_clean_total: 5411530.916189604
ci_clean_used_grid_total: 129169.0096238571
ci_clean_used_local_total: 4447931.463948847
ci_clean_used_total: 4577100.473572704
ci_cost_battery_inverter: 22490283.039990924
ci_cost_battery_storage: 102901066.54693432
ci_cost_grid: 34796618.461727016
ci_cost_hydrogen_electrolysis: 0.0
ci_cost_hydrogen_fuel_cell: 0.0
ci_cost_hydrogen_storage: 0.0
ci_cost_onwind: 128771049.27055295
ci_cost_solar: 171845132.90874028
ci_demand_total: 4818000.0
ci_emission_rate_local: 0.023701776846984293
ci_emission_rate_myopic: 0.015550520729839637
ci_emission_rate_true: 0.020305834368734087
ci_emissions: 97833.50998856084
ci_fraction_clean: 1.1231903105416365
ci_fraction_clean_excess: 0.19999988630982923
ci_fraction_clean_used: 0.9500000982923835
ci_fraction_clean_used_grid: 0.0268096740605764
ci_fraction_clean_used_local: 0.9231904242318072
ci_generation_battery_discharger: 1054172.029719641
ci_generation_onwind: 2631244.771921999
ci_generation_solar: 2824209.863530045
ci_marginal_cost_grid: 34796618.461727016
ci_marginal_cost_onwind: 39468.671578830006
ci_marginal_cost_solar: 28242.09863530046
ci_revenue_grid: 90360308.72613078
ci_total_cost: 460804150.22794545
co2_price: 80.0
emissions: 511045324.81129736
emissions_zone: 3.239415397520721
objective: 142106416412.19254
system_emission_rate: 0.15921880239238617
system_emissions: 170348441.60376546
system_grid_cfe_wavg: 0.5557094375220034
system_inv_H2_Electrolysis-2025: 107.63907012986009
system_inv_H2_Fuel_Cell-2025: 22.41386500342083
system_inv_OCGT-2025: 16997.542795429614
system_inv_battery_charger-2025: 1715.0204501289475
system_inv_battery_discharger-2025: 1750.3852333842428
system_inv_offwind-ac-2025: 542.0573490926843
system_inv_offwind-dc-2025: 34722.56451181367
system_inv_onwind-2025: 114365.76272964675
system_inv_solar-2025: 189017.01925471908
system_inv_solar_rooftop-2025: 0.0
zone_average_marginal_price: 94.01012665230968
