ci_average cost: 82.60177778231973
ci_average_revenue: 18.75472794100371
ci_cap_battery_charger: 480.4979147196406
ci_cap_battery_discharger: 490.4060791426385
ci_cap_onwind: 1109.1897658619337
ci_cap_solar: 2206.8133220968107
ci_capital_cost_battery_inverter: 15275495.338782376
ci_capital_cost_battery_storage: 67123351.83265561
ci_capital_cost_grid: 0.0
ci_capital_cost_hydrogen_electrolysis: 0.0
ci_capital_cost_hydrogen_fuel_cell: 0.0
ci_capital_cost_hydrogen_storage: 0.0
ci_capital_cost_onwind: 127313947.217103
ci_capital_cost_solar: 122039421.05616553
ci_clean_excess_total: 963599.3800609779
ci_clean_total: 5077889.995217447
ci_clean_used_grid_total: 221909.95215785445
ci_clean_used_local_total: 4114290.61515647
ci_clean_used_total: 4336200.567314324
ci_cost_battery_inverter: 15275495.338782376
ci_cost_battery_storage: 67123351.83265561
ci_cost_grid: 66156518.824964
ci_cost_hydrogen_electrolysis: 0.0
ci_cost_hydrogen_fuel_cell: 0.0
ci_cost_hydrogen_storage: 0.0
ci_cost_onwind: 127360519.1483372
ci_cost_solar: 122059480.21047728
ci_demand_total: 4818000.0
ci_emission_rate_local: 0.04424065023085287
ci_emission_rate_myopic: 0.027678344022696297
ci_emission_rate_true: 0.03877077163779529
ci_emissions: 186797.57775089773
ci_fraction_clean: 1.0539414684967718
ci_fraction_clean_excess: 0.19999987132855498
ci_fraction_clean_used: 0.9000001177489257
ci_fraction_clean_used_grid: 0.04605852058070869
ci_fraction_clean_used_local: 0.853941597168217
ci_generation_battery_discharger: 787702.5055829806
ci_generation_onwind: 3104795.415613308
ci_generation_solar: 2005915.4311749702
ci_marginal_cost_grid: 66156518.824964
ci_marginal_cost_onwind: 46571.93123419965
ci_marginal_cost_solar: 20059.15431174971
ci_revenue_grid: 90360279.21975589
ci_total_cost: 397975365.35521644
co2_price: 80.0
emissions: 511163395.1239805
emissions_zone: 3.3374014734004134
objective: 142043511789.87085
system_emission_rate: 0.15925558780626423
system_emissions: 170387798.37466007
system_grid_cfe_wavg: 0.5576660932022379
system_inv_H2_Electrolysis-2025: 107.69837569205534
system_inv_H2_Fuel_Cell-2025: 22.423348228571584
system_inv_OCGT-2025: 16997.5126504697
system_inv_battery_charger-2025: 1714.950262017709
system_inv_battery_discharger-2025: 1750.3135979507053
system_inv_offwind-ac-2025: 542.0475264783414
system_inv_offwind-dc-2025: 34722.504525496726
system_inv_onwind-2025: 114365.68466835437
system_inv_solar-2025: 189017.1891171977
system_inv_solar_rooftop-2025: 0.0
zone_average_marginal_price: 94.03405416082616
