ci_average cost: 125.87549956607509
ci_average_revenue: 18.756871064123157
ci_cap_battery_charger: 783.2764838033168
ci_cap_battery_discharger: 799.4281297365133
ci_cap_onwind: 1912.4402937302211
ci_cap_solar: 3707.8433744449567
ci_capital_cost_battery_inverter: 24901120.089764964
ci_capital_cost_battery_storage: 144531062.0109987
ci_capital_cost_grid: 0.0
ci_capital_cost_hydrogen_electrolysis: 0.0
ci_capital_cost_hydrogen_fuel_cell: 0.0
ci_capital_cost_hydrogen_storage: 0.0
ci_capital_cost_onwind: 219511872.63490993
ci_capital_cost_solar: 205048181.58078477
ci_clean_excess_total: 963599.7304612028
ci_clean_total: 5650021.997038156
ci_clean_used_grid_total: 35217.91642776621
ci_clean_used_local_total: 4686422.266576953
ci_clean_used_total: 4721640.183004719
ci_cost_battery_inverter: 24901120.089764964
ci_cost_battery_storage: 144531062.0109987
ci_cost_grid: 12407474.223844197
ci_cost_hydrogen_electrolysis: 0.0
ci_cost_hydrogen_fuel_cell: 0.0
ci_cost_hydrogen_storage: 0.0
ci_cost_onwind: 219546623.0579349
ci_cost_solar: 205081877.52680704
ci_demand_total: 4818000.0
ci_emission_rate_local: 0.009379009188301547
ci_emission_rate_myopic: 0.005718956427801115
ci_emission_rate_true: 0.007881429503772902
ci_emissions: 37972.72734917785
ci_fraction_clean: 1.1726903273221576
ci_fraction_clean_excess: 0.19999994405587437
ci_fraction_clean_used: 0.9800000379835448
ci_fraction_clean_used_grid: 0.007309654717261563
ci_fraction_clean_used_local: 0.9726903832662833
ci_generation_battery_discharger: 870421.6495330377
ci_generation_onwind: 2316694.8683327716
ci_generation_solar: 3369594.6022259714
ci_marginal_cost_grid: 12407474.223844197
ci_marginal_cost_onwind: 34750.4230249916
ci_marginal_cost_solar: 33695.946022259726
ci_revenue_grid: 90370604.78694537
ci_total_cost: 606468156.9093498
co2_price: 80.0
emissions: 510961327.45829964
emissions_zone: 3.154928272339237
objective: 142252085617.33752
system_emission_rate: 0.1591926325845456
system_emissions: 170320442.48610017
system_grid_cfe_wavg: 0.5528491435527519
system_inv_H2_Electrolysis-2025: 107.55610126243799
system_inv_H2_Fuel_Cell-2025: 22.396066535260257
system_inv_OCGT-2025: 16997.573996163985
system_inv_battery_charger-2025: 1715.0177856264593
system_inv_battery_discharger-2025: 1750.382513938064
system_inv_offwind-ac-2025: 542.0521618965029
system_inv_offwind-dc-2025: 34722.49846186513
system_inv_onwind-2025: 114365.64385822287
system_inv_solar-2025: 189017.27194895817
system_inv_solar_rooftop-2025: 0.0
zone_average_marginal_price: 93.99193475547092
