ci_average cost: 94.3082234278637
ci_average_revenue: 0.0
ci_cap_battery_charger: 0.0
ci_cap_battery_discharger: 0.0
ci_cap_onwind: 0.0
ci_cap_solar: 0.0
ci_capital_cost_battery_inverter: 0.0
ci_capital_cost_battery_storage: 0.0
ci_capital_cost_grid: 0.0
ci_capital_cost_hydrogen_electrolysis: 0.0
ci_capital_cost_hydrogen_fuel_cell: 0.0
ci_capital_cost_hydrogen_storage: 0.0
ci_capital_cost_onwind: 0.0
ci_capital_cost_solar: 0.0
ci_clean_excess_total: 0.0
ci_clean_total: 0.0
ci_clean_used_grid_total: 2111288.1157530327
ci_clean_used_local_total: 0.0
ci_clean_used_total: 2111288.1157530327
ci_cost_battery_inverter: 0.0
ci_cost_battery_storage: 0.0
ci_cost_grid: 454377020.4754473
ci_cost_hydrogen_electrolysis: 0.0
ci_cost_hydrogen_fuel_cell: 0.0
ci_cost_hydrogen_storage: 0.0
ci_cost_onwind: 0.0
ci_cost_solar: 0.0
ci_demand_total: 4818000.0
ci_emission_rate_local: 0.23515294918155707
ci_emission_rate_myopic: 0.15588218619258945
ci_emission_rate_true: 0.21383390396549506
ci_emissions: 1030251.7493057551
ci_fraction_clean: 0.0
ci_fraction_clean_excess: 0.0
ci_fraction_clean_used: 0.4382084092472048
ci_fraction_clean_used_grid: 0.4382084092472048
ci_fraction_clean_used_local: 0.0
ci_generation_battery_discharger: -0.0
ci_generation_onwind: 0.0
ci_generation_solar: 0.0
ci_marginal_cost_grid: 454377020.4754473
ci_marginal_cost_onwind: 0.0
ci_marginal_cost_solar: 0.0
ci_revenue_grid: 0.0
ci_total_cost: 454377020.4754473
co2_price: 80.0
emissions: 513003627.51744324
emissions_zone: 5.066647983229436
objective: 142189467049.1127
system_emission_rate: 0.15982892168407417
system_emissions: 171001209.17248076
system_grid_cfe_wavg: 0.4371097012217886
system_inv_H2_Electrolysis-2025: 107.71491007253633
system_inv_H2_Fuel_Cell-2025: 22.426344221454066
system_inv_OCGT-2025: 16995.099270480598
system_inv_battery_charger-2025: 1715.0214366357109
system_inv_battery_discharger-2025: 1750.3862402333864
system_inv_offwind-ac-2025: 542.070323618538
system_inv_offwind-dc-2025: 34723.073157137645
system_inv_onwind-2025: 114405.37547783543
system_inv_solar-2025: 189007.25884774857
system_inv_solar_rooftop-2025: 0.0
zone_average_marginal_price: 94.30822342786368
