ci_average cost: 80.59329021926366
ci_average_revenue: 18.754655682338402
ci_cap_battery_charger: 0.0
ci_cap_battery_discharger: 0.0
ci_cap_onwind: 2019.5489216434921
ci_cap_solar: 1173.4550250233856
ci_capital_cost_battery_inverter: 0.0
ci_capital_cost_battery_storage: 0.0
ci_capital_cost_grid: 0.0
ci_capital_cost_hydrogen_electrolysis: 0.0
ci_capital_cost_hydrogen_fuel_cell: 0.0
ci_capital_cost_hydrogen_storage: 0.0
ci_capital_cost_onwind: 231805911.59951386
ci_capital_cost_solar: 64893468.99230828
ci_clean_excess_total: 963597.5301434407
ci_clean_total: 4818000.000072533
ci_clean_used_grid_total: 161390.3750250276
ci_clean_used_local_total: 3854402.4699290926
ci_clean_used_total: 4015792.84495412
ci_cost_battery_inverter: 0.0
ci_cost_battery_storage: 0.0
ci_cost_grid: 91532097.26724835
ci_cost_hydrogen_electrolysis: 0.0
ci_cost_hydrogen_fuel_cell: 0.0
ci_cost_hydrogen_storage: 0.0
ci_cost_onwind: 231862354.85153723
ci_cost_solar: 64904020.15762677
ci_demand_total: 4818000.0
ci_emission_rate_local: 0.07071433724898286
ci_emission_rate_myopic: 0.03707325654447016
ci_emission_rate_true: 0.06087407586636086
ci_emissions: 293291.29752412665
ci_fraction_clean: 1.0000000000150546
ci_fraction_clean_excess: 0.1999994873689167
ci_fraction_clean_used: 0.8334978922694313
ci_fraction_clean_used_grid: 0.033497379623293404
ci_fraction_clean_used_local: 0.8000005126461379
ci_generation_battery_discharger: -0.0
ci_generation_onwind: 3762883.4682239396
ci_generation_solar: 1055116.5318485936
ci_marginal_cost_grid: 91532097.26724835
ci_marginal_cost_onwind: 56443.252023359135
ci_marginal_cost_solar: 10551.16531848594
ci_revenue_grid: 90359931.07750642
ci_total_cost: 388298472.2764123
co2_price: 80.0
emissions: 511284106.0401097
emissions_zone: 3.4394700522078026
objective: 142034225548.13467
system_emission_rate: 0.1592931959137426
system_emissions: 170428035.34670326
system_grid_cfe_wavg: 0.5547039463196811
system_inv_H2_Electrolysis-2025: 108.29600197487628
system_inv_H2_Fuel_Cell-2025: 22.603713426415904
system_inv_OCGT-2025: 16995.011409283485
system_inv_battery_charger-2025: 1716.1898329862756
system_inv_battery_discharger-2025: 1751.5787296399203
system_inv_offwind-ac-2025: 542.3911934678663
system_inv_offwind-dc-2025: 34723.436209619
system_inv_onwind-2025: 114401.13136536063
system_inv_solar-2025: 189014.13117005004
system_inv_solar_rooftop-2025: 0.0
zone_average_marginal_price: 94.11508976160896
