ci_average cost: 91.69545920434618
ci_average_revenue: 18.75145284929213
ci_cap_H2_Electrolysis: 3.6073356701138004
ci_cap_H2_Fuel_Cell: 27.47604930649144
ci_cap_adv_geothermal: 0.0015706703202089999
ci_cap_allam_ccs: 487.364860071022
ci_cap_battery_charger: 34.44725040002502
ci_cap_battery_discharger: 35.15757402563903
ci_cap_onwind: 1187.5933905776956
ci_cap_solar: 508.35965633153455
ci_capital_cost_adv_geothermal: 1265.7467220728868
ci_capital_cost_allam_ccs: 124481988.68980588
ci_capital_cost_battery_inverter: 1095111.5432550344
ci_capital_cost_battery_storage: 7179441.658809196
ci_capital_cost_grid: 0.0
ci_capital_cost_hydrogen_electrolysis: 304702.9058851169
ci_capital_cost_hydrogen_fuel_cell: 6342928.500476115
ci_capital_cost_hydrogen_storage: 339635.4447246808
ci_capital_cost_onwind: 136313196.25988093
ci_capital_cost_solar: 28112898.14403709
ci_clean_excess_total: 963599.9950069641
ci_clean_total: 5781599.994976684
ci_clean_used_grid_total: 5.402160630598209e-05
ci_clean_used_local_total: 4817999.999969721
ci_clean_used_total: 4818000.000023742
ci_cost_adv_geothermal: 1265.7467220728868
ci_cost_allam_ccs: 262039845.7374891
ci_cost_battery_inverter: 1095111.5432550344
ci_cost_battery_storage: 7179441.658809196
ci_cost_grid: 0.0054898607264390106
ci_cost_hydrogen_electrolysis: 304702.9058851169
ci_cost_hydrogen_fuel_cell: 6342928.500476115
ci_cost_hydrogen_storage: 339635.4447246808
ci_cost_onwind: 136368268.41596362
ci_cost_solar: 28117522.487725053
ci_demand_total: 4818000.0
ci_emission_rate_local: 2.2145101949003237e-13
ci_emission_rate_myopic: 1.1157380094332656e-12
ci_emission_rate_true: 5.974218814746379e-13
ci_emissions: 2.8783786249448053e-06
ci_fraction_clean: 1.1999999989573857
ci_fraction_clean_excess: 0.1999999989636704
ci_fraction_clean_used: 1.0000000000049278
ci_fraction_clean_used_grid: 1.1212454608962658e-11
ci_fraction_clean_used_local: 0.9999999999937154
ci_generation_H2_Fuel_Cell: 5656.1075116749
ci_generation_adv_geothermal: 12.463105288711679
ci_generation_allam_ccs: 1660732.4898441457
ci_generation_battery_discharger: 43886.59783098932
ci_generation_onwind: 3671477.072179806
ci_generation_solar: 462434.3687963821
ci_marginal_cost_adv_geothermal: 0.0
ci_marginal_cost_allam_ccs: 137557857.04768324
ci_marginal_cost_grid: 0.0054898607264390106
ci_marginal_cost_onwind: 55072.156082697125
ci_marginal_cost_solar: 4624.343687963823
ci_revenue_grid: 90344499.82788947
ci_total_cost: 441788722.4465399
co2_price: 80.0
emissions: 510912840.8328637
emissions_zone: 3.124618383676367
objective: 142087410155.54907
system_emission_rate: 0.15917752632672583
system_emissions: 170304280.27762103
system_grid_cfe_wavg: 0.5668340886904203
system_inv_H2_Electrolysis-2025: 107.70585335590835
system_inv_H2_Fuel_Cell-2025: 22.4269756684081
system_inv_OCGT-2025: 16997.533283918772
system_inv_battery_charger-2025: 1714.9857049045804
system_inv_battery_discharger-2025: 1750.3497716918419
system_inv_offwind-ac-2025: 542.0439108690265
system_inv_offwind-dc-2025: 34722.496505519644
system_inv_onwind-2025: 114365.56540646986
system_inv_solar-2025: 189017.41300261574
system_inv_solar_rooftop-2025: 0.0
zone_average_marginal_price: 93.98877970146158
