ci_average cost: 70.06787058793722
ci_average_revenue: 18.754200206758437
ci_cap_H2_Electrolysis: 0.03275512736076763
ci_cap_H2_Fuel_Cell: 0.010410376190592516
ci_cap_adv_geothermal: 0.0011673043741942503
ci_cap_allam_ccs: 51.0946574829873
ci_cap_battery_charger: 17.38935694826822
ci_cap_battery_discharger: 17.747936252309888
ci_cap_onwind: 1091.856117004383
ci_cap_solar: 906.3491183256674
ci_capital_cost_adv_geothermal: 940.6886131910297
ci_capital_cost_allam_ccs: 13050519.428052027
ci_capital_cost_battery_inverter: 552824.5448529858
ci_capital_cost_battery_storage: 1746901.2197030606
ci_capital_cost_grid: 0.0
ci_capital_cost_hydrogen_electrolysis: 2766.7462643275835
ci_capital_cost_hydrogen_fuel_cell: 2403.266608798325
ci_capital_cost_hydrogen_storage: 1003.5642299233381
ci_capital_cost_onwind: 125324373.09403567
ci_capital_cost_solar: 50122192.28862266
ci_clean_excess_total: 963598.6744897289
ci_clean_total: 4469362.955709865
ci_clean_used_grid_total: 348637.1735411567
ci_clean_used_local_total: 3505764.281220136
ci_clean_used_total: 3854401.454761293
ci_cost_adv_geothermal: 940.6886131910297
ci_cost_allam_ccs: 35477312.31046079
ci_cost_battery_inverter: 552824.5448529858
ci_cost_battery_storage: 1746901.2197030606
ci_cost_grid: 124297407.37727267
ci_cost_hydrogen_electrolysis: 2766.7462643275835
ci_cost_hydrogen_fuel_cell: 2403.266608798325
ci_cost_hydrogen_storage: 1003.5642299233381
ci_cost_onwind: 125375003.8871933
ci_cost_solar: 50130436.88748251
ci_demand_total: 4818000.0
ci_emission_rate_local: 0.08345389456195879
ci_emission_rate_myopic: 0.0491842871965424
ci_emission_rate_true: 0.07448136084904626
ci_emissions: 358851.1965707049
ci_fraction_clean: 0.9276386375487474
ci_fraction_clean_excess: 0.19999972488371293
ci_fraction_clean_used: 0.8000003019429831
ci_fraction_clean_used_grid: 0.07236138927794868
ci_fraction_clean_used_local: 0.7276389126650344
ci_generation_H2_Fuel_Cell: 46.368179731085135
ci_generation_adv_geothermal: 7.9710096227724705
ci_generation_allam_ccs: 270758.0968632788
ci_generation_battery_discharger: 27772.017565691916
ci_generation_onwind: 3375386.210508749
ci_generation_solar: 824459.8859847931
ci_marginal_cost_adv_geothermal: 0.0
ci_marginal_cost_allam_ccs: 22426792.882408768
ci_marginal_cost_grid: 124297407.37727267
ci_marginal_cost_onwind: 50630.79315763127
ci_marginal_cost_solar: 8244.598859847934
ci_revenue_grid: 90357736.59616216
ci_total_cost: 337587000.4926815
co2_price: 80.0
emissions: 511407918.42196816
emissions_zone: 3.542808610440553
objective: 141982972704.0567
system_emission_rate: 0.1593317702988386
system_emissions: 170469306.1406559
system_grid_cfe_wavg: 0.5584827401018164
system_inv_H2_Electrolysis-2025: 107.63763851403856
system_inv_H2_Fuel_Cell-2025: 22.41867976227399
system_inv_OCGT-2025: 16995.136963977795
system_inv_battery_charger-2025: 1715.1426812449224
system_inv_battery_discharger-2025: 1750.5099849814883
system_inv_offwind-ac-2025: 542.0782147621999
system_inv_offwind-dc-2025: 34722.84916424462
system_inv_onwind-2025: 114399.49761393631
system_inv_solar-2025: 189016.23635242702
system_inv_solar_rooftop-2025: 0.0
zone_average_marginal_price: 94.1536393392765
