ci_average cost: 73.15646273716875
ci_average_revenue: 18.75415045552295
ci_cap_H2_Electrolysis: 0.021474726670257197
ci_cap_H2_Fuel_Cell: 0.007245489460380358
ci_cap_adv_geothermal: 0.0013785337450893656
ci_cap_allam_ccs: 122.8282095101545
ci_cap_battery_charger: 31.5695244533405
ci_cap_battery_discharger: 32.220507588661825
ci_cap_onwind: 1102.433265504291
ci_cap_solar: 886.3061481382994
ci_capital_cost_adv_geothermal: 1110.910766354549
ci_capital_cost_allam_ccs: 31372593.799241114
ci_capital_cost_battery_inverter: 1003625.840740547
ci_capital_cost_battery_storage: 3171483.091127625
ci_capital_cost_grid: 0.0
ci_capital_cost_hydrogen_electrolysis: 1813.9181428906402
ci_capital_cost_hydrogen_fuel_cell: 1672.643002110497
ci_capital_cost_hydrogen_storage: 713.291757893534
ci_capital_cost_onwind: 126538429.12598827
ci_capital_cost_solar: 49013792.02049836
ci_clean_excess_total: 963598.7599367913
ci_clean_total: 4829686.684856888
ci_clean_used_grid_total: 229213.4458265492
ci_clean_used_local_total: 3866087.924920097
ci_clean_used_total: 4095301.370746646
ci_cost_adv_geothermal: 1110.910766354549
ci_cost_allam_ccs: 82508941.924234
ci_cost_battery_inverter: 1003625.840740547
ci_cost_battery_storage: 3171483.091127625
ci_cost_grid: 90167069.47088382
ci_cost_hydrogen_electrolysis: 1813.9181428906402
ci_cost_hydrogen_fuel_cell: 1672.643002110497
ci_cost_hydrogen_storage: 713.291757893534
ci_cost_onwind: 126589552.02282207
ci_cost_solar: 49021854.35420165
ci_demand_total: 4818000.0
ci_emission_rate_local: 0.061490139500460186
ci_emission_rate_myopic: 0.03618006171850844
ci_emission_rate_true: 0.05553774172237521
ci_emissions: 267580.8396184037
ci_fraction_clean: 1.0024256298997276
ci_fraction_clean_excess: 0.19999974261867814
ci_fraction_clean_used: 0.850000284505323
ci_fraction_clean_used_grid: 0.04757439722427339
ci_fraction_clean_used_local: 0.8024258872810496
ci_generation_H2_Fuel_Cell: 30.62268766557935
ci_generation_adv_geothermal: 9.69864865463116
ci_generation_allam_ccs: 617367.8230078735
ci_generation_battery_discharger: 49357.11514952268
ci_generation_onwind: 3408193.1222531125
ci_generation_solar: 806233.3703296385
ci_marginal_cost_adv_geothermal: 0.0
ci_marginal_cost_allam_ccs: 51136348.12499289
ci_marginal_cost_grid: 90167069.47088382
ci_marginal_cost_onwind: 51122.89683379672
ci_marginal_cost_solar: 8062.333703296388
ci_revenue_grid: 90357496.89470957
ci_total_cost: 352467837.467679
co2_price: 80.0
emissions: 511272267.9594462
emissions_zone: 3.4300479488829607
objective: 141997936257.4773
system_emission_rate: 0.15928950769875574
system_emissions: 170424089.31981528
system_grid_cfe_wavg: 0.5619992843272772
system_inv_H2_Electrolysis-2025: 107.7795608241672
system_inv_H2_Fuel_Cell-2025: 22.44669813612057
system_inv_OCGT-2025: 16995.112694520696
system_inv_battery_charger-2025: 1715.0587254364575
system_inv_battery_discharger-2025: 1750.4242979522853
system_inv_offwind-ac-2025: 542.0725528868663
system_inv_offwind-dc-2025: 34722.71416773526
system_inv_onwind-2025: 114399.19085374389
system_inv_solar-2025: 189016.70077653095
system_inv_solar_rooftop-2025: 0.0
zone_average_marginal_price: 94.11720027773859
