ci_average cost: 86.81807713169617
ci_average_revenue: 18.75189114585654
ci_cap_H2_Electrolysis: 0.003718767061439088
ci_cap_H2_Fuel_Cell: 0.0023645234989170412
ci_cap_adv_geothermal: 0.0007427259352810504
ci_cap_allam_ccs: 399.7939066343227
ci_cap_battery_charger: 81.98571133191919
ci_cap_battery_discharger: 83.67630744759032
ci_cap_onwind: 1150.4795146135268
ci_cap_solar: 774.2383412163448
ci_capital_cost_adv_geothermal: 598.5361191872618
ci_capital_cost_allam_ccs: 102114749.42336768
ci_capital_cost_battery_inverter: 2606405.382691867
ci_capital_cost_battery_storage: 11674790.556795605
ci_capital_cost_grid: 0.0
ci_capital_cost_hydrogen_electrolysis: 314.11524558639167
ci_capital_cost_hydrogen_fuel_cell: 545.8573510341971
ci_capital_cost_hydrogen_storage: 182.05620629853843
ci_capital_cost_onwind: 132053227.23478585
ci_capital_cost_solar: 42816308.0109336
ci_clean_excess_total: 963599.4511466154
ci_clean_total: 5727872.650805088
ci_clean_used_grid_total: 5547.337502249782
ci_clean_used_local_total: 4764273.199658472
ci_clean_used_total: 4769820.537160722
ci_cost_adv_geothermal: 598.5361191872618
ci_cost_allam_ccs: 224005474.74870214
ci_cost_battery_inverter: 2606405.382691867
ci_cost_battery_storage: 11674790.556795605
ci_cost_grid: 5071255.096965356
ci_cost_hydrogen_electrolysis: 314.11524558639167
ci_cost_hydrogen_fuel_cell: 545.8573510341971
ci_cost_hydrogen_storage: 182.05620629853843
ci_cost_onwind: 132106578.3179103
ci_cost_solar: 42823350.9525248
ci_demand_total: 4818000.0
ci_emission_rate_local: 0.003814600065411743
ci_emission_rate_myopic: 0.0021299870695888246
ci_emission_rate_true: 0.003596110802808381
ci_emissions: 17326.061847930778
ci_fraction_clean: 1.1888486199263362
ci_fraction_clean_excess: 0.19999988608273464
ci_fraction_clean_used: 0.9900001114903947
ci_fraction_clean_used_grid: 0.00115137764679323
ci_fraction_clean_used_local: 0.9888487338436015
ci_generation_H2_Fuel_Cell: 5.704497224482654
ci_generation_adv_geothermal: 5.673268178245285
ci_generation_allam_ccs: 1471583.6092756353
ci_generation_battery_discharger: 113720.50581615097
ci_generation_onwind: 3556738.874963102
ci_generation_solar: 704294.1591202677
ci_marginal_cost_adv_geothermal: 0.0
ci_marginal_cost_allam_ccs: 121890725.32533446
ci_marginal_cost_grid: 5071255.096965356
ci_marginal_cost_onwind: 53351.083124446566
ci_marginal_cost_solar: 7042.94159120268
ci_revenue_grid: 90346611.54073681
ci_total_cost: 418289495.6205121
co2_price: 80.0
emissions: 510932906.6448667
emissions_zone: 3.1339404900872054
objective: 142063890278.69888
system_emission_rate: 0.15918377793377755
system_emissions: 170310968.88162243
system_grid_cfe_wavg: 0.5665365188065917
system_inv_H2_Electrolysis-2025: 107.69424757419395
system_inv_H2_Fuel_Cell-2025: 22.416830694332265
system_inv_OCGT-2025: 16997.53603276702
system_inv_battery_charger-2025: 1714.8827321874978
system_inv_battery_discharger-2025: 1750.2446756135946
system_inv_offwind-ac-2025: 542.0371576904195
system_inv_offwind-dc-2025: 34722.51665209022
system_inv_onwind-2025: 114365.47022868105
system_inv_solar-2025: 189017.5497390354
system_inv_solar_rooftop-2025: 0.0
zone_average_marginal_price: 93.9953163383993
