ci_average cost: 76.71874330000776
ci_average_revenue: 18.754154294066346
ci_cap_H2_Electrolysis: 0.00471608525268728
ci_cap_H2_Fuel_Cell: 0.001700717462925378
ci_cap_adv_geothermal: 0.0005024991045885676
ci_cap_allam_ccs: 202.74379675219586
ci_cap_battery_charger: 47.28446797364693
ci_cap_battery_discharger: 48.2595029716869
ci_cap_onwind: 1116.92569810117
ci_cap_solar: 846.9192964500716
ci_capital_cost_adv_geothermal: 404.9459560634637
ci_capital_cost_allam_ccs: 51784511.11669665
ci_capital_cost_battery_inverter: 1503219.1566319072
ci_capital_cost_battery_storage: 4750267.727734707
ci_capital_cost_grid: 0.0
ci_capital_cost_hydrogen_electrolysis: 398.35629736403956
ci_capital_cost_hydrogen_fuel_cell: 392.6157340348843
ci_capital_cost_hydrogen_storage: 177.81945429893543
ci_capital_cost_onwind: 128201885.51142712
ci_capital_cost_solar: 46835651.92630624
ci_clean_excess_total: 963599.5720833803
ci_clean_total: 5175946.663220117
ci_clean_used_grid_total: 123853.3313806909
ci_clean_used_local_total: 4212347.091136737
ci_clean_used_total: 4336200.422517427
ci_cost_adv_geothermal: 404.9459560634637
ci_cost_allam_ccs: 130930536.47551122
ci_cost_battery_inverter: 1503219.1566319072
ci_cost_battery_storage: 4750267.727734707
ci_cost_grid: 57348471.514518335
ci_cost_hydrogen_electrolysis: 398.35629736403956
ci_cost_hydrogen_fuel_cell: 392.6157340348843
ci_cost_hydrogen_storage: 177.81945429893543
ci_cost_onwind: 128253680.59419054
ci_cost_solar: 46843356.01340893
ci_demand_total: 4818000.0
ci_emission_rate_local: 0.03996829116061905
ci_emission_rate_myopic: 0.02338305461880233
ci_emission_rate_true: 0.036648184966187894
ci_emissions: 176570.9551670933
ci_fraction_clean: 1.0742936204275875
ci_fraction_clean_excess: 0.19999991118376512
ci_fraction_clean_used: 0.9000000876956055
ci_fraction_clean_used_grid: 0.025706378451783085
ci_fraction_clean_used_local: 0.8742937092438225
ci_generation_H2_Fuel_Cell: 6.790978905506753
ci_generation_adv_geothermal: 3.589691079748932
ci_generation_allam_ccs: 955527.939853333
ci_generation_battery_discharger: 71654.91343448393
ci_generation_onwind: 3453005.517561242
ci_generation_solar: 770408.710268629
ci_marginal_cost_adv_geothermal: 0.0
ci_marginal_cost_allam_ccs: 79146025.35881458
ci_marginal_cost_grid: 57348471.514518335
ci_marginal_cost_onwind: 51795.082763418664
ci_marginal_cost_solar: 7704.087102686293
ci_revenue_grid: 90357515.38881165
ci_total_cost: 369630905.21943736
co2_price: 80.0
emissions: 511142403.30572665
emissions_zone: 3.303987141973499
objective: 142015132928.65448
system_emission_rate: 0.15924904769719747
system_emissions: 170380801.101909
system_grid_cfe_wavg: 0.5639995669595238
system_inv_H2_Electrolysis-2025: 107.684940937112
system_inv_H2_Fuel_Cell-2025: 22.4199593978849
system_inv_OCGT-2025: 16997.49526073221
system_inv_battery_charger-2025: 1714.8765929067772
system_inv_battery_discharger-2025: 1750.2384097371062
system_inv_offwind-ac-2025: 542.0243187366716
system_inv_offwind-dc-2025: 34722.55648091446
system_inv_onwind-2025: 114365.47864650998
system_inv_solar-2025: 189017.59618881423
system_inv_solar_rooftop-2025: 0.0
zone_average_marginal_price: 94.066084800591
