ci_average cost: 81.16052030963282
ci_average_revenue: 18.75228819136627
ci_cap_H2_Electrolysis: 0.009007637454228508
ci_cap_H2_Fuel_Cell: 0.0035524901258325954
ci_cap_adv_geothermal: 0.0013101434683691223
ci_cap_allam_ccs: 293.96816035931494
ci_cap_battery_charger: 68.80800182763221
ci_cap_battery_discharger: 70.22686541650732
ci_cap_onwind: 1131.0779343597603
ci_cap_solar: 819.9829933472213
ci_capital_cost_adv_geothermal: 1055.797501994408
ci_capital_cost_allam_ccs: 75084898.83262943
ci_capital_cost_battery_inverter: 2187473.200174456
ci_capital_cost_battery_storage: 7334446.496638092
ci_capital_cost_grid: 0.0
ci_capital_cost_hydrogen_electrolysis: 760.8533162583279
ci_capital_cost_hydrogen_fuel_cell: 820.1030146455553
ci_capital_cost_hydrogen_storage: 378.4772149678057
ci_capital_cost_onwind: 129826293.80970421
ci_capital_cost_solar: 45346042.087925434
ci_clean_excess_total: 963598.7066425306
ci_clean_total: 5494757.226696776
ci_clean_used_grid_total: 45942.76368806415
ci_clean_used_local_total: 4531158.520054245
ci_clean_used_total: 4577101.28374231
ci_cost_adv_geothermal: 1055.797501994408
ci_cost_allam_ccs: 179140650.4409048
ci_cost_battery_inverter: 2187473.200174456
ci_cost_battery_storage: 7334446.496638092
ci_cost_grid: 27133556.0932553
ci_cost_hydrogen_electrolysis: 760.8533162583279
ci_cost_hydrogen_fuel_cell: 820.1030146455553
ci_cost_hydrogen_storage: 378.4772149678057
ci_cost_onwind: 129878744.26928656
ci_cost_solar: 45353501.1205038
ci_demand_total: 4818000.0
ci_emission_rate_local: 0.019623238695748568
ci_emission_rate_myopic: 0.011236208360671403
ci_emission_rate_true: 0.01815590812550797
ci_emissions: 87475.1653486974
ci_fraction_clean: 1.140464347591693
ci_fraction_clean_excess: 0.19999973155718775
ci_fraction_clean_used: 0.9500002664471378
ci_fraction_clean_used_grid: 0.009535650412632659
ci_fraction_clean_used_local: 0.940464616034505
ci_generation_H2_Fuel_Cell: 13.162112438832343
ci_generation_adv_geothermal: 9.47419006211221
ci_generation_allam_ccs: 1256262.427751491
ci_generation_battery_discharger: 98138.91672674219
ci_generation_onwind: 3496697.3054897552
ci_generation_solar: 745903.2578360962
ci_marginal_cost_adv_geothermal: 0.0
ci_marginal_cost_allam_ccs: 104055751.60827535
ci_marginal_cost_grid: 27133556.0932553
ci_marginal_cost_onwind: 52450.45958234636
ci_marginal_cost_solar: 7459.032578360965
ci_revenue_grid: 90348524.50600268
ci_total_cost: 391031386.8518109
co2_price: 80.0
emissions: 511021883.1497796
emissions_zone: 3.2077258796476786
objective: 142036675242.64377
system_emission_rate: 0.15921149902203593
system_emissions: 170340627.71659306
system_grid_cfe_wavg: 0.5658279724949365
system_inv_H2_Electrolysis-2025: 107.70800456413485
system_inv_H2_Fuel_Cell-2025: 22.4305958864555
system_inv_OCGT-2025: 16997.487591837384
system_inv_battery_charger-2025: 1715.1083636237195
system_inv_battery_discharger-2025: 1750.4749597096945
system_inv_offwind-ac-2025: 542.071227290861
system_inv_offwind-dc-2025: 34722.57512359937
system_inv_onwind-2025: 114365.54694088006
system_inv_solar-2025: 189017.3870620324
system_inv_solar_rooftop-2025: 0.0
zone_average_marginal_price: 94.00813662767874
