ci_average cost: 84.97002973655368
ci_average_revenue: 18.75186337225061
ci_cap_H2_Electrolysis: 0.007231011659264698
ci_cap_H2_Fuel_Cell: 0.0035756962304420324
ci_cap_adv_geothermal: 0.001286659521705935
ci_cap_allam_ccs: 367.68419394978315
ci_cap_battery_charger: 74.59165132771648
ci_cap_battery_discharger: 76.12977734928137
ci_cap_onwind: 1143.9604605618874
ci_cap_solar: 784.7473036525674
ci_capital_cost_adv_geothermal: 1036.872633976078
ci_capital_cost_allam_ccs: 93913335.61883675
ci_capital_cost_battery_inverter: 2371341.0345046786
ci_capital_cost_battery_storage: 9860173.459393397
ci_capital_cost_grid: 0.0
ci_capital_cost_hydrogen_electrolysis: 610.7860389375982
ci_capital_cost_hydrogen_fuel_cell: 825.4602135889075
ci_capital_cost_hydrogen_storage: 313.18255401336904
ci_capital_cost_onwind: 131304963.47597727
ci_capital_cost_solar: 43397466.22616452
ci_clean_excess_total: 963599.0427116002
ci_clean_total: 5672472.017045323
ci_clean_used_grid_total: 12767.971287305178
ci_clean_used_local_total: 4708872.974333722
ci_clean_used_total: 4721640.945621028
ci_cost_adv_geothermal: 1036.872633976078
ci_cost_allam_ccs: 212074712.4934358
ci_cost_battery_inverter: 2371341.0345046786
ci_cost_battery_storage: 9860173.459393397
ci_cost_grid: 10313972.997397553
ci_cost_hydrogen_electrolysis: 610.7860389375982
ci_cost_hydrogen_fuel_cell: 825.4602135889075
ci_cost_hydrogen_storage: 313.18255401336904
ci_cost_onwind: 131358012.22822142
ci_cost_solar: 43404604.75632233
ci_demand_total: 4818000.0
ci_emission_rate_local: 0.007674465267892052
ci_emission_rate_myopic: 0.004326586719398465
ci_emission_rate_true: 0.007201422326003559
ci_emissions: 34696.45276668514
ci_fraction_clean: 1.1773499412713413
ci_fraction_clean_excess: 0.1999998013100042
ci_fraction_clean_used: 0.9800001962683743
ci_fraction_clean_used_grid: 0.002650056307037189
ci_fraction_clean_used_local: 0.9773501399613371
ci_generation_H2_Fuel_Cell: 10.827426329050068
ci_generation_adv_geothermal: 9.55923688319208
ci_generation_allam_ccs: 1426559.2808147802
ci_generation_battery_discharger: 108284.16784025189
ci_generation_onwind: 3536583.4829434077
ci_generation_solar: 713853.0157811684
ci_marginal_cost_adv_geothermal: 0.0
ci_marginal_cost_allam_ccs: 118161376.87459904
ci_marginal_cost_grid: 10313972.997397553
ci_marginal_cost_onwind: 53048.752244151154
ci_marginal_cost_solar: 7138.530157811686
ci_revenue_grid: 90346477.72750345
ci_total_cost: 409385603.27071565
co2_price: 80.0
emissions: 510953755.169488
emissions_zone: 3.1536318376325028
objective: 142055022248.77856
system_emission_rate: 0.15919027339897518
system_emissions: 170317918.38982925
system_grid_cfe_wavg: 0.5660398003078551
system_inv_H2_Electrolysis-2025: 107.6913455996372
system_inv_H2_Fuel_Cell-2025: 22.425869624216947
system_inv_OCGT-2025: 16997.53992024776
system_inv_battery_charger-2025: 1715.038669442185
system_inv_battery_discharger-2025: 1750.4038283909965
system_inv_offwind-ac-2025: 542.0618946470383
system_inv_offwind-dc-2025: 34722.51739475086
system_inv_onwind-2025: 114365.63180770197
system_inv_solar-2025: 189017.29457707854
system_inv_solar_rooftop-2025: 0.0
zone_average_marginal_price: 94.00136010164884
