ci_average cost: 94.30824011919569
ci_average_revenue: 0.0
ci_cap_H2_Electrolysis: 0.0
ci_cap_H2_Fuel_Cell: 0.0
ci_cap_adv_geothermal: 0.0
ci_cap_allam_ccs: 0.0
ci_cap_battery_charger: 0.0
ci_cap_battery_discharger: 0.0
ci_cap_onwind: 0.0
ci_cap_solar: 0.0
ci_capital_cost_adv_geothermal: 0.0
ci_capital_cost_allam_ccs: 0.0
ci_capital_cost_battery_inverter: 0.0
ci_capital_cost_battery_storage: 0.0
ci_capital_cost_grid: 0.0
ci_capital_cost_hydrogen_electrolysis: 0.0
ci_capital_cost_hydrogen_fuel_cell: 0.0
ci_capital_cost_hydrogen_storage: 0.0
ci_capital_cost_onwind: 0.0
ci_capital_cost_solar: 0.0
ci_clean_excess_total: 0.0
ci_clean_total: 0.0
ci_clean_used_grid_total: 2115218.0048358263
ci_clean_used_local_total: 0.0
ci_clean_used_total: 2115218.0048358263
ci_cost_adv_geothermal: 0.0
ci_cost_allam_ccs: 0.0
ci_cost_battery_inverter: 0.0
ci_cost_battery_storage: 0.0
ci_cost_grid: 454377100.89428484
ci_cost_hydrogen_electrolysis: 0.0
ci_cost_hydrogen_fuel_cell: 0.0
ci_cost_hydrogen_storage: 0.0
ci_cost_onwind: 0.0
ci_cost_solar: 0.0
ci_demand_total: 4818000.0
ci_emission_rate_local: 0.23577858155154094
ci_emission_rate_myopic: 0.1558843394270688
ci_emission_rate_true: 0.21414642666738434
ci_emissions: 1031757.4836834578
ci_fraction_clean: 0.0
ci_fraction_clean_excess: 0.0
ci_fraction_clean_used: 0.4390240773839407
ci_fraction_clean_used_grid: 0.4390240773839407
ci_fraction_clean_used_local: 0.0
ci_generation_H2_Fuel_Cell: -0.0
ci_generation_adv_geothermal: 0.0
ci_generation_allam_ccs: 0.0
ci_generation_battery_discharger: -0.0
ci_generation_onwind: 0.0
ci_generation_solar: 0.0
ci_marginal_cost_adv_geothermal: 0.0
ci_marginal_cost_allam_ccs: 0.0
ci_marginal_cost_grid: 454377100.89428484
ci_marginal_cost_onwind: 0.0
ci_marginal_cost_solar: 0.0
ci_revenue_grid: 0.0
ci_total_cost: 454377100.89428484
co2_price: 80.0
emissions: 513003646.11081415
emissions_zone: 5.074287085101466
objective: 142189472762.7168
system_emission_rate: 0.15982892747693492
system_emissions: 171001215.37027138
system_grid_cfe_wavg: 0.4379108671878846
system_inv_H2_Electrolysis-2025: 107.66855134558402
system_inv_H2_Fuel_Cell-2025: 22.42424279599127
system_inv_OCGT-2025: 16995.10661621132
system_inv_battery_charger-2025: 1715.0596799929763
system_inv_battery_discharger-2025: 1750.4252721923503
system_inv_offwind-ac-2025: 542.0658531277691
system_inv_offwind-dc-2025: 34723.024613890564
system_inv_onwind-2025: 114405.42575283548
system_inv_solar-2025: 189007.20842301846
system_inv_solar_rooftop-2025: 0.0
zone_average_marginal_price: 94.30824011919569
