ci_average cost: 80.59436370837322
ci_average_revenue: 18.75472411413547
ci_cap_H2_Electrolysis: 0.0
ci_cap_H2_Fuel_Cell: 0.0
ci_cap_adv_geothermal: 0.0
ci_cap_allam_ccs: 0.0
ci_cap_battery_charger: 0.0
ci_cap_battery_discharger: 0.0
ci_cap_onwind: 2019.5459854736355
ci_cap_solar: 1173.444305159694
ci_capital_cost_adv_geothermal: 0.0
ci_capital_cost_allam_ccs: 0.0
ci_capital_cost_battery_inverter: 0.0
ci_capital_cost_battery_storage: 0.0
ci_capital_cost_grid: 0.0
ci_capital_cost_hydrogen_electrolysis: 0.0
ci_capital_cost_hydrogen_fuel_cell: 0.0
ci_capital_cost_hydrogen_storage: 0.0
ci_capital_cost_onwind: 231805574.58290437
ci_capital_cost_solar: 64892876.17100092
ci_clean_excess_total: 963599.6228148781
ci_clean_total: 4818000.00000879
ci_clean_used_grid_total: 160377.32036771224
ci_clean_used_local_total: 3854400.377193911
ci_clean_used_total: 4014777.697561623
ci_cost_adv_geothermal: 0.0
ci_cost_allam_ccs: 0.0
ci_cost_battery_inverter: 0.0
ci_cost_battery_storage: 0.0
ci_cost_grid: 91538244.8678256
ci_cost_hydrogen_electrolysis: 0.0
ci_cost_hydrogen_fuel_cell: 0.0
ci_cost_hydrogen_storage: 0.0
ci_cost_onwind: 231861880.7585381
ci_cost_solar: 64903518.720578514
ci_demand_total: 4818000.0
ci_emission_rate_local: 0.07055770185015903
ci_emission_rate_myopic: 0.037074139004063277
ci_emission_rate_true: 0.060819086340876766
ci_emissions: 293026.3579903443
ci_fraction_clean: 1.0000000000018243
ci_fraction_clean_excess: 0.19999992171334124
ci_fraction_clean_used: 0.8332871933502746
ci_fraction_clean_used_grid: 0.03328711506179166
ci_fraction_clean_used_local: 0.800000078288483
ci_generation_H2_Fuel_Cell: -0.0
ci_generation_adv_geothermal: 0.0
ci_generation_allam_ccs: 0.0
ci_generation_battery_discharger: -0.0
ci_generation_onwind: 3753745.042249196
ci_generation_solar: 1064254.9577595931
ci_marginal_cost_adv_geothermal: 0.0
ci_marginal_cost_allam_ccs: 0.0
ci_marginal_cost_grid: 91538244.8678256
ci_marginal_cost_onwind: 56306.17563373798
ci_marginal_cost_solar: 10642.549577595935
ci_revenue_grid: 90360260.7819047
ci_total_cost: 388303644.3469422
co2_price: 80.0
emissions: 511286333.14959097
emissions_zone: 3.437297064888983
objective: 142033737316.72165
system_emission_rate: 0.15929388978116915
system_emissions: 170428777.71653026
system_grid_cfe_wavg: 0.5545884473516975
system_inv_H2_Electrolysis-2025: 107.06282459296476
system_inv_H2_Fuel_Cell-2025: 22.297725998880086
system_inv_OCGT-2025: 16995.26985943165
system_inv_battery_charger-2025: 1715.0449460663044
system_inv_battery_discharger-2025: 1750.4102344429905
system_inv_offwind-ac-2025: 542.064964928065
system_inv_offwind-dc-2025: 34722.88120108107
system_inv_onwind-2025: 114399.38196018862
system_inv_solar-2025: 189016.359456471
system_inv_solar_rooftop-2025: 0.0
zone_average_marginal_price: 94.11668395368243
