ci_average cost: 114.19360604920175
ci_average_revenue: 17.898571831673916
ci_cap_H2_Electrolysis: 180.6116791837061
ci_cap_H2_Fuel_Cell: 174.21445624777868
ci_cap_battery_charger: 90.85549366483215
ci_cap_battery_discharger: 92.72899018247895
ci_cap_onwind: 790.8226392870092
ci_cap_solar: 849.1335822433018
ci_capital_cost_battery_inverter: 2888384.376838973
ci_capital_cost_battery_storage: 13691032.096419059
ci_capital_cost_grid: 0.0
ci_capital_cost_hydrogen_electrolysis: 15255831.0389589
ci_capital_cost_hydrogen_fuel_cell: 40217930.43834407
ci_capital_cost_hydrogen_storage: 10220032.376200868
ci_capital_cost_onwind: 90771439.52733591
ci_capital_cost_solar: 46958104.58397008
ci_clean_excess_total: 385439.90625072503
ci_clean_total: 2311679.434544079
ci_clean_used_grid_total: 960.548932859157
ci_clean_used_local_total: 1926239.528293354
ci_clean_used_total: 1927200.0772262132
ci_cost_battery_inverter: 2888384.376838973
ci_cost_battery_storage: 13691032.096419059
ci_cost_grid: 32253.50303772109
ci_cost_hydrogen_electrolysis: 15255831.0389589
ci_cost_hydrogen_fuel_cell: 40217930.43834407
ci_cost_hydrogen_storage: 10220032.376200868
ci_cost_onwind: 90802629.09117158
ci_cost_solar: 46965824.657050446
ci_demand_total: 1927200.0
ci_emission_rate_local: 9.47253712194829e-11
ci_emission_rate_myopic: 6.806305067485723e-05
ci_emission_rate_true: 3.0655071162407586e-06
ci_emissions: 5.907845314419191
ci_fraction_clean: 1.1995015745870066
ci_fraction_clean_excess: 0.1999999513546726
ci_fraction_clean_used: 1.000000040071717
ci_fraction_clean_used_grid: 0.0004984168393831242
ci_fraction_clean_used_local: 0.9995016232323339
ci_generation_H2_Fuel_Cell: 268726.12998696516
ci_generation_battery_discharger: 148577.35784289218
ci_generation_onwind: 2079304.2557111941
ci_generation_solar: 772007.3080367707
ci_marginal_cost_grid: 32253.50303772109
ci_marginal_cost_onwind: 31189.563835667934
ci_marginal_cost_solar: 7720.07308036771
ci_revenue_grid: 34494127.63400197
ci_total_cost: 220073917.57802162
co2_price: 80.0
emissions: 511155610.7752951
emissions_zone: 3.5561897824364195
objective: 141973420425.36423
system_emission_rate: 0.15910986127009696
system_emissions: 170385203.5917654
system_grid_cfe_wavg: 0.566184494536293
system_inv_H2_Electrolysis-2025: 107.6581685764604
system_inv_H2_Fuel_Cell-2025: 22.41541929788979
system_inv_OCGT-2025: 16997.527344224098
system_inv_battery_charger-2025: 1714.9348185176082
system_inv_battery_discharger-2025: 1750.297835996072
system_inv_offwind-ac-2025: 542.0406152774854
system_inv_offwind-dc-2025: 34722.5688752119
system_inv_onwind-2025: 114366.83135729893
system_inv_solar-2025: 189015.04975504376
system_inv_solar_rooftop-2025: 0.0
zone_average_marginal_price: 77.14317614057278
