ci_average cost: 72.8389031385113
ci_average_revenue: 13.168828900312976
ci_cap_H2_Electrolysis: 0.0038666718526228403
ci_cap_H2_Fuel_Cell: 0.0010977299229026245
ci_cap_battery_charger: 0.012911579462858957
ci_cap_battery_discharger: 0.013177824223469943
ci_cap_onwind: 522.4368141038381
ci_cap_solar: 580.42724911153
ci_capital_cost_battery_inverter: 410.47165005138436
ci_capital_cost_battery_storage: 955.3722517505184
ci_capital_cost_grid: 0.0
ci_capital_cost_hydrogen_electrolysis: 326.60840502297907
ci_capital_cost_hydrogen_fuel_cell: 253.41424948453133
ci_capital_cost_hydrogen_storage: 232.58183744826476
ci_capital_cost_onwind: 59965837.246434495
ci_capital_cost_solar: 32098322.38074845
ci_clean_excess_total: 385437.81676444673
ci_clean_total: 1800992.7941395405
ci_clean_used_grid_total: 126207.20584499303
ci_clean_used_local_total: 1415554.9773750938
ci_clean_used_total: 1541762.1832200869
ci_cost_battery_inverter: 410.47165005138436
ci_cost_battery_storage: 955.3722517505184
ci_cost_grid: 48284419.37649597
ci_cost_hydrogen_electrolysis: 326.60840502297907
ci_cost_hydrogen_fuel_cell: 253.41424948453133
ci_cost_hydrogen_storage: 232.58183744826476
ci_cost_onwind: 59984937.16736748
ci_cost_solar: 32103599.13628173
ci_demand_total: 1927200.0
ci_emission_rate_local: 0.07533614515255947
ci_emission_rate_myopic: 0.04883337397633215
ci_emission_rate_true: 0.07391184740795934
ci_emissions: 142442.91232461925
ci_fraction_clean: 0.9345126578142074
ci_fraction_clean_excess: 0.1999988671463505
ci_fraction_clean_used: 0.8000011328456241
ci_fraction_clean_used_grid: 0.06548734217776725
ci_fraction_clean_used_local: 0.7345137906678569
ci_generation_H2_Fuel_Cell: 4.520327267638944
ci_generation_battery_discharger: 44.35699710826485
ci_generation_onwind: 1273328.0621991123
ci_generation_solar: 527675.5533278575
ci_marginal_cost_grid: 48284419.37649597
ci_marginal_cost_onwind: 19099.920932986697
ci_marginal_cost_solar: 5276.755533278577
ci_revenue_grid: 25378967.056683168
ci_total_cost: 140375134.12853897
co2_price: 80.0
emissions: 511357004.9989133
emissions_zone: 3.7774017797452704
objective: 141902955484.5524
system_emission_rate: 0.15917255021707308
system_emissions: 170452334.99963802
system_grid_cfe_wavg: 0.5632833341686937
system_inv_H2_Electrolysis-2025: 107.6728270942561
system_inv_H2_Fuel_Cell-2025: 22.42128055584945
system_inv_OCGT-2025: 16997.470301913618
system_inv_battery_charger-2025: 1715.0116956004717
system_inv_battery_discharger-2025: 1750.376298331971
system_inv_offwind-ac-2025: 542.0535630452056
system_inv_offwind-dc-2025: 34722.95566452684
system_inv_onwind-2025: 114365.70550034307
system_inv_solar-2025: 189017.23607247404
system_inv_solar_rooftop-2025: 0.0
zone_average_marginal_price: 77.16839533336484
