ci_average cost: 79.97652642664414
ci_average_revenue: 16.759495535975912
ci_cap_H2_Electrolysis: 0.007205698089023031
ci_cap_H2_Fuel_Cell: 0.002177826776852196
ci_cap_battery_charger: 53.066627919545894
ci_cap_battery_discharger: 54.160894634746306
ci_cap_onwind: 593.7939548806187
ci_cap_solar: 786.256331741387
ci_capital_cost_battery_inverter: 1687039.6365880158
ci_capital_cost_battery_storage: 5553262.212284133
ci_capital_cost_grid: 0.0
ci_capital_cost_hydrogen_electrolysis: 608.6478629771892
ci_capital_cost_hydrogen_fuel_cell: 502.7578520443334
ci_capital_cost_hydrogen_storage: 316.19909407134736
ci_capital_cost_onwind: 68156283.58305284
ci_capital_cost_solar: 43480917.28768977
ci_clean_excess_total: 385438.21406164306
ci_clean_total: 1939569.6081492428
ci_clean_used_grid_total: 83990.37978908629
ci_clean_used_local_total: 1554131.3940875996
ci_clean_used_total: 1638121.7738766859
ci_cost_battery_inverter: 1687039.6365880158
ci_cost_battery_storage: 5553262.212284133
ci_cost_grid: 35226184.412062556
ci_cost_hydrogen_electrolysis: 608.6478629771892
ci_cost_hydrogen_fuel_cell: 502.7578520443334
ci_cost_hydrogen_storage: 316.19909407134736
ci_cost_onwind: 68174892.99224892
ci_cost_solar: 43487954.87143588
ci_demand_total: 1927200.0
ci_emission_rate_local: 0.05632399485896886
ci_emission_rate_myopic: 0.036384608485603695
ci_emission_rate_true: 0.05525689515078486
ci_emissions: 106491.08833459258
ci_fraction_clean: 1.0064184351127246
ci_fraction_clean_excess: 0.19999907329890154
ci_fraction_clean_used: 0.850000920442448
ci_fraction_clean_used_grid: 0.0435815586286251
ci_fraction_clean_used_local: 0.8064193618138229
ci_generation_H2_Fuel_Cell: 8.78325923607552
ci_generation_battery_discharger: 115166.96099292024
ci_generation_onwind: 1240627.2797384884
ci_generation_solar: 703758.3746112185
ci_marginal_cost_grid: 35226184.412062556
ci_marginal_cost_onwind: 18609.409196077337
ci_marginal_cost_solar: 7037.583746112187
ci_revenue_grid: 32298899.79693278
ci_total_cost: 154130761.7294286
co2_price: 80.0
emissions: 511301797.33503574
emissions_zone: 3.690125343679221
objective: 141909111591.2711
system_emission_rate: 0.15915536546245923
system_emissions: 170433932.44501206
system_grid_cfe_wavg: 0.5645273215108134
system_inv_H2_Electrolysis-2025: 107.7157366198347
system_inv_H2_Fuel_Cell-2025: 22.426534580094323
system_inv_OCGT-2025: 16997.452735341285
system_inv_battery_charger-2025: 1715.0010261784007
system_inv_battery_discharger-2025: 1750.3654088998123
system_inv_offwind-ac-2025: 542.0564862961945
system_inv_offwind-dc-2025: 34722.866318277695
system_inv_onwind-2025: 114366.2371968328
system_inv_solar-2025: 189016.2359789578
system_inv_solar_rooftop-2025: 0.0
zone_average_marginal_price: 76.60034425552192
