ci_average cost: 93.88496830463644
ci_average_revenue: 17.98364226754606
ci_cap_H2_Electrolysis: 43.02621887917397
ci_cap_H2_Fuel_Cell: 24.14648078779964
ci_cap_battery_charger: 172.0963220816307
ci_cap_battery_discharger: 175.64505476816672
ci_cap_onwind: 596.9327203540465
ci_cap_solar: 1060.211631907393
ci_capital_cost_battery_inverter: 5471109.208274955
ci_capital_cost_battery_storage: 24977491.874411877
ci_capital_cost_grid: 0.0
ci_capital_cost_hydrogen_electrolysis: 3634320.4848801326
ci_capital_cost_hydrogen_fuel_cell: 5574287.60833342
ci_capital_cost_hydrogen_storage: 2012681.0970035216
ci_capital_cost_onwind: 68516554.32671618
ci_capital_cost_solar: 58630973.657551
ci_clean_excess_total: 385438.53165389167
ci_clean_total: 2178080.998452257
ci_clean_used_grid_total: 38198.96875713066
ci_clean_used_local_total: 1792642.466798365
ci_clean_used_total: 1830841.4355554958
ci_cost_battery_inverter: 5471109.208274955
ci_cost_battery_storage: 24977491.874411877
ci_cost_grid: 12087446.341168333
ci_cost_hydrogen_electrolysis: 3634320.4848801326
ci_cost_hydrogen_fuel_cell: 5574287.60833342
ci_cost_hydrogen_storage: 2012681.0970035216
ci_cost_onwind: 68537212.3263506
ci_cost_solar: 58640561.97627253
ci_demand_total: 1927200.0
ci_emission_rate_local: 0.01848406758160391
ci_emission_rate_myopic: 0.013738933391306314
ci_emission_rate_true: 0.01866839524368164
ci_emissions: 35977.73131362326
ci_fraction_clean: 1.1301790153861857
ci_fraction_clean_excess: 0.19999923809355108
ci_fraction_clean_used: 0.9500007448918097
ci_fraction_clean_used_grid: 0.01982096759917531
ci_fraction_clean_used_local: 0.9301797772926345
ci_generation_H2_Fuel_Cell: 73236.17859982834
ci_generation_battery_discharger: 301718.45824933355
ci_generation_onwind: 1377199.9756274766
ci_generation_solar: 958831.8721532964
ci_marginal_cost_grid: 12087446.341168333
ci_marginal_cost_onwind: 20657.99963441216
ci_marginal_cost_solar: 9588.318721532967
ci_revenue_grid: 34658075.378014766
ci_total_cost: 180935110.91669536
co2_price: 80.0
emissions: 511208295.53555495
emissions_zone: 3.5915361623297035
objective: 141934260020.37674
system_emission_rate: 0.1591262607083875
system_emissions: 170402765.17851824
system_grid_cfe_wavg: 0.5656896633380701
system_inv_H2_Electrolysis-2025: 107.72500107990238
system_inv_H2_Fuel_Cell-2025: 22.4332799891871
system_inv_OCGT-2025: 16997.49097461844
system_inv_battery_charger-2025: 1715.0673137505485
system_inv_battery_discharger-2025: 1750.433063362729
system_inv_offwind-ac-2025: 542.0620714414562
system_inv_offwind-dc-2025: 34722.723993843116
system_inv_onwind-2025: 114366.28382442282
system_inv_solar-2025: 189015.83463779872
system_inv_solar_rooftop-2025: 0.0
zone_average_marginal_price: 77.26186325669363
