ci_average cost: 100.78331341297205
ci_average_revenue: 18.157031371672623
ci_cap_H2_Electrolysis: 113.92925245837603
ci_cap_H2_Fuel_Cell: 66.77343591442894
ci_cap_battery_charger: 149.4685458171962
ci_cap_battery_discharger: 152.55067975088303
ci_cap_onwind: 657.6889164149122
ci_cap_solar: 1010.9493721939426
ci_capital_cost_battery_inverter: 4751750.226132319
ci_capital_cost_battery_storage: 22523063.584386986
ci_capital_cost_grid: 0.0
ci_capital_cost_hydrogen_electrolysis: 9623327.980534492
ci_capital_cost_hydrogen_fuel_cell: 15414848.219692275
ci_capital_cost_hydrogen_storage: 5555329.532298966
ci_capital_cost_onwind: 75490213.27712509
ci_capital_cost_solar: 55906711.66622149
ci_clean_excess_total: 385438.48680397635
ci_clean_total: 2250121.1041177646
ci_clean_used_grid_total: 23974.86575103033
ci_clean_used_local_total: 1864682.6173137883
ci_clean_used_total: 1888657.4830648187
ci_cost_battery_inverter: 4751750.226132319
ci_cost_battery_storage: 22523063.584386986
ci_cost_grid: 4930005.241689552
ci_cost_hydrogen_electrolysis: 9623327.980534492
ci_cost_hydrogen_fuel_cell: 15414848.219692275
ci_cost_hydrogen_storage: 5555329.532298966
ci_cost_onwind: 75515385.41064619
ci_cost_solar: 55915891.41409893
ci_demand_total: 1927200.0
ci_emission_rate_local: 0.0071898528896827425
ci_emission_rate_myopic: 0.006061420399830872
ci_emission_rate_true: 0.007484958847633215
ci_emissions: 14425.012691158736
ci_fraction_clean: 1.1675597260885038
ci_fraction_clean_excess: 0.19999921482149044
ci_fraction_clean_used: 0.9800007695438038
ci_fraction_clean_used_grid: 0.012440258276790333
ci_fraction_clean_used_local: 0.9675605112670135
ci_generation_H2_Fuel_Cell: 168599.33216937404
ci_generation_battery_discharger: 271528.60032133764
ci_generation_onwind: 1678142.2347392398
ci_generation_solar: 917974.787744099
ci_marginal_cost_grid: 4930005.241689552
ci_marginal_cost_onwind: 25172.133521088614
ci_marginal_cost_solar: 9179.747877440994
ci_revenue_grid: 34992230.85948748
ci_total_cost: 194229601.60947973
co2_price: 80.0
emissions: 511182240.81918633
emissions_zone: 3.5686804932231917
objective: 141947441951.15344
system_emission_rate: 0.15911815053172212
system_emissions: 170394080.27306193
system_grid_cfe_wavg: 0.5657977700186615
system_inv_H2_Electrolysis-2025: 107.6816832080034
system_inv_H2_Fuel_Cell-2025: 22.423400953097417
system_inv_OCGT-2025: 16997.517433471763
system_inv_battery_charger-2025: 1715.1095425789633
system_inv_battery_discharger-2025: 1750.4761629757252
system_inv_offwind-ac-2025: 542.07532516125
system_inv_offwind-dc-2025: 34722.58968057818
system_inv_onwind-2025: 114366.99737322451
system_inv_solar-2025: 189014.75827106755
system_inv_solar_rooftop-2025: 0.0
zone_average_marginal_price: 77.43381983473084
