ci_average cost: 85.69782050852164
ci_average_revenue: 17.751022798543605
ci_cap_H2_Electrolysis: 0.017493475226327555
ci_cap_H2_Fuel_Cell: 0.006228040182307315
ci_cap_battery_charger: 137.0855469710103
ci_cap_battery_discharger: 139.91233580358596
ci_cap_onwind: 570.2047296174727
ci_cap_solar: 955.6258194634097
ci_capital_cost_battery_inverter: 4358082.667209762
ci_capital_cost_battery_storage: 18467285.606414873
ci_capital_cost_grid: 0.0
ci_capital_cost_hydrogen_electrolysis: 1477.6314773399379
ci_capital_cost_hydrogen_fuel_cell: 1437.7617805895545
ci_capital_cost_hydrogen_storage: 683.0340304277003
ci_capital_cost_onwind: 65448687.937585674
ci_capital_cost_solar: 52847252.908020146
ci_clean_excess_total: 385438.62248351256
ci_clean_total: 2054725.688514526
ci_clean_used_grid_total: 65194.283619333946
ci_clean_used_local_total: 1669287.0660310131
ci_clean_used_total: 1734481.3496503471
ci_cost_battery_inverter: 4358082.667209762
ci_cost_battery_storage: 18467285.606414873
ci_cost_grid: 24005244.501252457
ci_cost_hydrogen_electrolysis: 1477.6314773399379
ci_cost_hydrogen_fuel_cell: 1437.7617805895545
ci_cost_hydrogen_storage: 683.0340304277003
ci_cost_onwind: 65466783.98799538
ci_cost_solar: 52855844.49386204
ci_demand_total: 1927200.0
ci_emission_rate_local: 0.03726002722766966
ci_emission_rate_myopic: 0.02571960112715015
ci_emission_rate_true: 0.03712602139405971
ci_emissions: 71549.26843063187
ci_fraction_clean: 1.066171486360796
ci_fraction_clean_excess: 0.19999928522390648
ci_fraction_clean_used: 0.9000007003167015
ci_fraction_clean_used_grid: 0.033828499179812135
ci_fraction_clean_used_local: 0.8661722011368893
ci_generation_H2_Fuel_Cell: 23.617398844167674
ci_generation_battery_discharger: 258945.65636294772
ci_generation_onwind: 1206403.3606469743
ci_generation_solar: 859158.5841894253
ci_marginal_cost_grid: 24005244.501252457
ci_marginal_cost_onwind: 18096.050409704625
ci_marginal_cost_solar: 8591.585841894257
ci_revenue_grid: 34209771.137353234
ci_total_cost: 165156839.6840229
co2_price: 80.0
emissions: 511254939.2895566
emissions_zone: 3.6336538229187547
objective: 141918778937.23083
system_emission_rate: 0.1591407797336545
system_emissions: 170418313.09651858
system_grid_cfe_wavg: 0.5651391424264168
system_inv_H2_Electrolysis-2025: 107.6877647587629
system_inv_H2_Fuel_Cell-2025: 22.425420050470905
system_inv_OCGT-2025: 16997.4827563679
system_inv_battery_charger-2025: 1715.0009957962693
system_inv_battery_discharger-2025: 1750.365377891183
system_inv_offwind-ac-2025: 542.0536855168502
system_inv_offwind-dc-2025: 34722.58003005136
system_inv_onwind-2025: 114365.6511860138
system_inv_solar-2025: 189017.21630366347
system_inv_solar_rooftop-2025: 0.0
zone_average_marginal_price: 77.09229543080517
