ci_average cost: 104.08636824991703
ci_average_revenue: 18.005936462499932
ci_cap_H2_Electrolysis: 129.4663257236821
ci_cap_H2_Fuel_Cell: 89.93771130065103
ci_cap_battery_charger: 142.41129968901006
ci_cap_battery_discharger: 145.3479088391972
ci_cap_onwind: 679.7651905435735
ci_cap_solar: 999.4655533646572
ci_capital_cost_battery_inverter: 4527393.518156495
ci_capital_cost_battery_storage: 21187539.077909894
ci_capital_cost_grid: 0.0
ci_capital_cost_hydrogen_electrolysis: 10935706.923284603
ci_capital_cost_hydrogen_fuel_cell: 20762390.761240713
ci_capital_cost_hydrogen_storage: 7271924.3994623935
ci_capital_cost_onwind: 78024150.8283633
ci_capital_cost_solar: 55271642.724319205
ci_clean_excess_total: 385438.6027937509
ci_clean_total: 2277016.9901463427
ci_clean_used_grid_total: 16350.98352672005
ci_clean_used_local_total: 1891578.3873525918
ci_clean_used_total: 1907929.3708793118
ci_cost_battery_inverter: 4527393.518156495
ci_cost_battery_storage: 21187539.077909894
ci_cost_grid: 2578986.6012839973
ci_cost_hydrogen_electrolysis: 10935706.923284603
ci_cost_hydrogen_fuel_cell: 20762390.761240713
ci_cost_hydrogen_storage: 7271924.3994623935
ci_cost_onwind: 78050583.89387211
ci_cost_solar: 55280723.71602989
ci_demand_total: 1927200.0
ci_emission_rate_local: 0.0035600974418190114
ci_emission_rate_myopic: 0.0032857059818303383
ci_emission_rate_true: 0.0037777866908430195
ci_emissions: 7280.550510592668
ci_fraction_clean: 1.181515665289717
ci_fraction_clean_excess: 0.19999927500713516
ci_fraction_clean_used: 0.9900007113321461
ci_fraction_clean_used_grid: 0.008484321049564161
ci_fraction_clean_used_local: 0.9815163902825819
ci_generation_H2_Fuel_Cell: 193001.70046964628
ci_generation_battery_discharger: 243931.1115787936
ci_generation_onwind: 1762204.3672546567
ci_generation_solar: 908099.1710685489
ci_marginal_cost_grid: 2578986.6012839973
ci_marginal_cost_onwind: 26433.06550881987
ci_marginal_cost_solar: 9080.991710685492
ci_revenue_grid: 34701040.75052987
ci_total_cost: 200595248.8912401
co2_price: 80.0
emissions: 511171973.4666971
emissions_zone: 3.557409171877368
objective: 141954137642.8996
system_emission_rate: 0.15911495456361438
system_emissions: 170390657.82223228
system_grid_cfe_wavg: 0.565683692979936
system_inv_H2_Electrolysis-2025: 107.71567601963609
system_inv_H2_Fuel_Cell-2025: 22.428464120899424
system_inv_OCGT-2025: 16997.517601172774
system_inv_battery_charger-2025: 1715.102928581182
system_inv_battery_discharger-2025: 1750.4694125932156
system_inv_offwind-ac-2025: 542.0745982624823
system_inv_offwind-dc-2025: 34722.58232672002
system_inv_onwind-2025: 114367.29563296733
system_inv_solar-2025: 189014.2421703885
system_inv_solar_rooftop-2025: 0.0
zone_average_marginal_price: 77.46761818525555
