ci_average cost: 81.04681351011158
ci_average_revenue: 0.0
ci_cap_H2_Electrolysis: 0.0
ci_cap_H2_Fuel_Cell: 0.0
ci_cap_battery_charger: 0.0
ci_cap_battery_discharger: 0.0
ci_cap_onwind: 0.0
ci_cap_solar: 0.0
ci_capital_cost_battery_inverter: 0.0
ci_capital_cost_battery_storage: 0.0
ci_capital_cost_grid: 0.0
ci_capital_cost_hydrogen_electrolysis: 0.0
ci_capital_cost_hydrogen_fuel_cell: 0.0
ci_capital_cost_hydrogen_storage: 0.0
ci_capital_cost_onwind: 0.0
ci_capital_cost_solar: 0.0
ci_clean_excess_total: 0.0
ci_clean_total: 0.0
ci_clean_used_grid_total: 1034035.3293373282
ci_clean_used_local_total: 0.0
ci_clean_used_total: 1034035.3293373282
ci_cost_battery_inverter: 0.0
ci_cost_battery_storage: 0.0
ci_cost_grid: 156193418.99668702
ci_cost_hydrogen_electrolysis: 0.0
ci_cost_hydrogen_fuel_cell: 0.0
ci_cost_hydrogen_storage: 0.0
ci_cost_onwind: 0.0
ci_cost_solar: 0.0
ci_demand_total: 1927200.0
ci_emission_rate_local: 0.16848009721610244
ci_emission_rate_myopic: 0.15541955337239244
ci_emission_rate_true: 0.1779724201986011
ci_emissions: 342988.44820674404
ci_fraction_clean: 0.0
ci_fraction_clean_excess: 0.0
ci_fraction_clean_used: 0.536548012317003
ci_fraction_clean_used_grid: 0.536548012317003
ci_fraction_clean_used_local: 0.0
ci_generation_H2_Fuel_Cell: -0.0
ci_generation_battery_discharger: -0.0
ci_generation_onwind: 0.0
ci_generation_solar: 0.0
ci_marginal_cost_grid: 156193418.99668702
ci_marginal_cost_onwind: 0.0
ci_marginal_cost_solar: 0.0
ci_revenue_grid: 0.0
ci_total_cost: 156193418.99668702
co2_price: 80.0
emissions: 511996711.7552284
emissions_zone: 4.172140250052954
objective: 141942213616.71048
system_emission_rate: 0.15937167481065095
system_emissions: 170665570.58507606
system_grid_cfe_wavg: 0.533464618436005
system_inv_H2_Electrolysis-2025: 107.67598647247024
system_inv_H2_Fuel_Cell-2025: 22.4255138305789
system_inv_OCGT-2025: 16995.14615784863
system_inv_battery_charger-2025: 1715.091093840207
system_inv_battery_discharger-2025: 1750.4573338125558
system_inv_offwind-ac-2025: 542.08394231915
system_inv_offwind-dc-2025: 34723.01109591772
system_inv_onwind-2025: 114399.16606801162
system_inv_solar-2025: 189016.8912675529
system_inv_solar_rooftop-2025: 0.0
zone_average_marginal_price: 81.04681351011156
