ci_average cost: 80.62108159844001
ci_average_revenue: 17.985113874984684
ci_cap_H2_Electrolysis: 0.0
ci_cap_H2_Fuel_Cell: 0.0
ci_cap_battery_charger: 0.0
ci_cap_battery_discharger: 0.0
ci_cap_onwind: 798.2748779239747
ci_cap_solar: 490.03329174687246
ci_capital_cost_battery_inverter: 0.0
ci_capital_cost_battery_storage: 0.0
ci_capital_cost_grid: 0.0
ci_capital_cost_hydrogen_electrolysis: 0.0
ci_capital_cost_hydrogen_fuel_cell: 0.0
ci_capital_cost_hydrogen_storage: 0.0
ci_capital_cost_onwind: 91626815.17691071
ci_capital_cost_solar: 27099428.222688545
ci_clean_excess_total: 385439.38253887184
ci_clean_total: 1927200.000005722
ci_clean_used_grid_total: 68475.70018708704
ci_clean_used_local_total: 1541760.61746685
ci_clean_used_total: 1610236.317653937
ci_cost_battery_inverter: 0.0
ci_cost_battery_storage: 0.0
ci_cost_grid: 36620011.92903184
ci_cost_hydrogen_electrolysis: 0.0
ci_cost_hydrogen_fuel_cell: 0.0
ci_cost_hydrogen_storage: 0.0
ci_cost_onwind: 91649078.56055796
ci_cost_solar: 27103857.96692377
ci_demand_total: 1927200.0
ci_emission_rate_local: 0.06213631597313752
ci_emission_rate_myopic: 0.03708272061329031
ci_emission_rate_true: 0.0600464964780805
ci_emissions: 115721.60801255674
ci_fraction_clean: 1.0000000000029692
ci_fraction_clean_excess: 0.19999967960713566
ci_fraction_clean_used: 0.8355315056319723
ci_fraction_clean_used_grid: 0.03553118523613898
ci_fraction_clean_used_local: 0.8000003203958334
ci_generation_H2_Fuel_Cell: -0.0
ci_generation_battery_discharger: -0.0
ci_generation_onwind: 1484225.5764830566
ci_generation_solar: 442974.42352266534
ci_marginal_cost_grid: 36620011.92903184
ci_marginal_cost_onwind: 22263.383647245864
ci_marginal_cost_solar: 4429.744235226655
ci_revenue_grid: 34660911.45987048
ci_total_cost: 155372948.45651358
co2_price: 80.0
emissions: 511313142.2449984
emissions_zone: 3.6824629476804285
objective: 141908849736.36658
system_emission_rate: 0.15915889684705603
system_emissions: 170437714.08166665
system_grid_cfe_wavg: 0.5643950280168137
system_inv_H2_Electrolysis-2025: 107.72683105656881
system_inv_H2_Fuel_Cell-2025: 22.436461129153095
system_inv_OCGT-2025: 16997.47484443223
system_inv_battery_charger-2025: 1715.034881229865
system_inv_battery_discharger-2025: 1750.399962063394
system_inv_offwind-ac-2025: 542.0767930849274
system_inv_offwind-dc-2025: 34722.9974366705
system_inv_onwind-2025: 114365.7643068336
system_inv_solar-2025: 189017.160118588
system_inv_solar_rooftop-2025: 0.0
zone_average_marginal_price: 77.52259675955052
