ci_average cost: 116.21130270997853
ci_average_revenue: 24.685847842179086
ci_cap_H2_Electrolysis: 6696.467627616215
ci_cap_H2_Fuel_Cell: 6739.543109786669
ci_cap_battery_charger: 7032.578468202472
ci_cap_battery_discharger: 7177.594589284375
ci_cap_onwind: 39232.59685220337
ci_cap_solar: 48208.048871435356
ci_capital_cost_battery_inverter: 167413107.95022
ci_capital_cost_battery_storage: 572096311.8834323
ci_capital_cost_grid: 0.0
ci_capital_cost_hydrogen_electrolysis: 445747231.9128295
ci_capital_cost_hydrogen_fuel_cell: 1426190120.2825942
ci_capital_cost_hydrogen_storage: 554777838.2949438
ci_capital_cost_onwind: 4291542641.8517656
ci_capital_cost_solar: 2313549761.6485796
ci_clean_excess_total: 16823578.674213454
ci_clean_total: 100919686.1313419
ci_clean_used_grid_total: 21792.590260704037
ci_clean_used_local_total: 84096107.45712847
ci_clean_used_total: 84117900.04738916
ci_cost_battery_inverter: 167413107.95022
ci_cost_battery_storage: 572096311.8834323
ci_cost_grid: 2580077.9750984274
ci_cost_hydrogen_electrolysis: 445747231.9128295
ci_cost_hydrogen_fuel_cell: 1426190120.2825942
ci_cost_hydrogen_storage: 554777838.2949438
ci_cost_onwind: 4292642855.6362624
ci_cost_solar: 2314003196.2923217
ci_demand_total: 84117900.0
ci_emission_rate_local: 3.448635269522298e-05
ci_emission_rate_myopic: 1.4566600355414315e-05
ci_emission_rate_true: 2.1902744824203468e-05
ci_emissions: 1842.4128988478647
ci_fraction_clean: 1.199740912829991
ci_fraction_clean_excess: 0.1999999842389486
ci_fraction_clean_used: 1.000000000563366
ci_fraction_clean_used_grid: 0.00025907197232341795
ci_fraction_clean_used_local: 0.9997409285910427
ci_generation_H2_Fuel_Cell: 8895465.230090389
ci_generation_battery_discharger: 12088737.569275443
ci_generation_onwind: 73347585.63310817
ci_generation_solar: 45343464.37419078
ci_marginal_cost_grid: 2580077.9750984274
ci_marginal_cost_onwind: 1100213.7844966257
ci_marginal_cost_solar: 453434.6437419056
ci_revenue_grid: 2076521680.2036362
ci_total_cost: 9775450740.227703
co2_price: 130.0
emissions: 290588357.60132295
emissions_zone: 43.13113255048645
objective: 167035185783.27112
system_emission_rate: 0.09282772806401658
system_emissions: 96862785.86710772
system_grid_cfe_wavg: 0.8458220122613512
system_inv_H2_Electrolysis-2030: 8214.927082605791
system_inv_H2_Fuel_Cell-2030: 1807.2167383243218
system_inv_OCGT-2030: 60780.21805619235
system_inv_battery_charger-2030: 21842.142384765066
system_inv_battery_discharger-2030: 22292.540880719112
system_inv_offwind-ac-2030: 1084.0912047465913
system_inv_offwind-dc-2030: 43668.26628184158
system_inv_onwind-2030: 225563.33624415554
system_inv_solar-2030: 384671.03345978656
system_inv_solar_rooftop-2030: 0.0
zone_average_marginal_price: 132.31567473778134
