ci_average cost: 95.07729631948501
ci_average_revenue: 23.008292396499492
ci_cap_H2_Electrolysis: 0.010194873040797947
ci_cap_H2_Fuel_Cell: 0.003133315233551467
ci_cap_battery_charger: 10042.36400607377
ci_cap_battery_discharger: 10249.443767961668
ci_cap_onwind: 25823.736917475642
ci_cap_solar: 45216.63748019729
ci_capital_cost_battery_inverter: 239062155.79759505
ci_capital_cost_battery_storage: 827216395.1841075
ci_capital_cost_grid: 0.0
ci_capital_cost_hydrogen_electrolysis: 678.6169500614898
ci_capital_cost_hydrogen_fuel_cell: 663.0572958770646
ci_capital_cost_hydrogen_storage: 369.22680758708816
ci_capital_cost_onwind: 2824785434.6935573
ci_capital_cost_solar: 2169989105.8409057
ci_clean_excess_total: 16823578.04819789
ci_clean_total: 88708121.19289882
ci_clean_used_grid_total: 8304662.149499691
ci_clean_used_local_total: 71884543.14470093
ci_clean_used_total: 80189205.29420061
ci_cost_battery_inverter: 239062155.79759505
ci_cost_battery_storage: 827216395.1841075
ci_cost_grid: 1935517087.7177176
ci_cost_hydrogen_electrolysis: 678.6169500614898
ci_cost_hydrogen_fuel_cell: 663.0572958770646
ci_cost_hydrogen_storage: 369.22680758708816
ci_cost_onwind: 2825494330.8840866
ci_cost_solar: 2170410823.5882483
ci_demand_total: 84117900.0
ci_emission_rate_local: 0.023812625961185465
ci_emission_rate_myopic: 0.02117127358030101
ci_emission_rate_true: 0.02373348451183436
ci_emissions: 1996410.8768180313
ci_fraction_clean: 1.0545688990440658
ci_fraction_clean_excess: 0.19999997679682793
ci_fraction_clean_used: 0.9532953782036953
ci_fraction_clean_used_grid: 0.09872645595645743
ci_fraction_clean_used_local: 0.8545689222472379
ci_generation_H2_Fuel_Cell: 13.361195605443086
ci_generation_battery_discharger: 17361012.94171583
ci_generation_onwind: 47259746.035301246
ci_generation_solar: 42171774.73423595
ci_marginal_cost_grid: 1935517087.7177176
ci_marginal_cost_onwind: 708896.1905295206
ci_marginal_cost_solar: 421717.74734235747
ci_revenue_grid: 1935409238.9795046
ci_total_cost: 7997702504.072808
co2_price: 130.0
emissions: 296461020.84659946
emissions_zone: 44.74856290149304
objective: 165382203268.31598
system_emission_rate: 0.09470373573082032
system_emissions: 98820340.28219958
system_grid_cfe_wavg: 0.8421487509139307
system_inv_H2_Electrolysis-2030: 8201.176122258252
system_inv_H2_Fuel_Cell-2030: 1807.044656908085
system_inv_OCGT-2030: 65017.967808668735
system_inv_battery_charger-2030: 21933.286613431566
system_inv_battery_discharger-2030: 22385.564559797724
system_inv_offwind-ac-2030: 1084.0677312688185
system_inv_offwind-dc-2030: 43365.435742138194
system_inv_onwind-2030: 225601.92448551237
system_inv_solar-2030: 384305.54236197466
system_inv_solar_rooftop-2030: 0.0
zone_average_marginal_price: 133.91672831155302
