ci_average cost: 95.07732031358354
ci_average_revenue: 23.008265741492455
ci_cap_H2_Electrolysis: 0.016039094398121637
ci_cap_H2_Fuel_Cell: 0.004939468869925918
ci_cap_battery_charger: 10042.583987634811
ci_cap_battery_discharger: 10249.668285678663
ci_cap_onwind: 25823.94620136365
ci_cap_solar: 45216.1260032317
ci_capital_cost_battery_inverter: 239067392.53928122
ci_capital_cost_battery_storage: 827213710.2632933
ci_capital_cost_grid: 0.0
ci_capital_cost_hydrogen_electrolysis: 1067.6348080691464
ci_capital_cost_hydrogen_fuel_cell: 1045.2669545954966
ci_capital_cost_hydrogen_storage: 553.227205020297
ci_capital_cost_onwind: 2824808327.6652617
ci_capital_cost_solar: 2169964559.578621
ci_clean_excess_total: 16823577.582297985
ci_clean_total: 88708095.01923595
ci_clean_used_grid_total: 8308812.7324331105
ci_clean_used_local_total: 71884517.43693799
ci_clean_used_total: 80193330.1693711
ci_cost_battery_inverter: 239067392.53928122
ci_cost_battery_storage: 827213710.2632933
ci_cost_grid: 1935517249.1469946
ci_cost_hydrogen_electrolysis: 1067.6348080691464
ci_cost_hydrogen_fuel_cell: 1045.2669545954966
ci_cost_hydrogen_storage: 553.227205020297
ci_cost_onwind: 2825517232.6751866
ci_cost_solar: 2170386271.6522655
ci_demand_total: 84117900.0
ci_emission_rate_local: 0.023812635222750133
ci_emission_rate_myopic: 0.021169718875463782
ci_emission_rate_true: 0.02373309602164894
ci_emissions: 1996378.1978394636
ci_fraction_clean: 1.0545685878895688
ci_fraction_clean_excess: 0.19999997125817434
ci_fraction_clean_used: 0.9533444150337931
ci_fraction_clean_used_grid: 0.09877579840239842
ci_fraction_clean_used_local: 0.8545686166313946
ci_generation_H2_Fuel_Cell: 20.90835219151342
ci_generation_battery_discharger: 17361783.661883496
ci_generation_onwind: 47260333.99498691
ci_generation_solar: 42171207.3644656
ci_marginal_cost_grid: 1935517249.1469946
ci_marginal_cost_onwind: 708905.0099248055
ci_marginal_cost_solar: 421712.07364465395
ci_revenue_grid: 1935406996.8162882
ci_total_cost: 7997704522.405989
co2_price: 130.0
emissions: 296461073.3965013
emissions_zone: 44.75178621937598
objective: 165382246403.26395
system_emission_rate: 0.09470375251775606
system_emissions: 98820357.79883385
system_grid_cfe_wavg: 0.8413293794365372
system_inv_H2_Electrolysis-2030: 8201.187696200815
system_inv_H2_Fuel_Cell-2030: 1807.0399975764515
system_inv_OCGT-2030: 65017.969816019904
system_inv_battery_charger-2030: 21933.792622600373
system_inv_battery_discharger-2030: 22386.081003188803
system_inv_offwind-ac-2030: 1084.0953151601138
system_inv_offwind-dc-2030: 43365.42632425515
system_inv_onwind-2030: 225601.0330476249
system_inv_solar-2030: 384307.88874823047
system_inv_solar_rooftop-2030: 0.0
zone_average_marginal_price: 133.91665645217657
