ci_average cost: 95.07721237420432
ci_average_revenue: 23.00826427363193
ci_cap_H2_Electrolysis: 0.005298740206707045
ci_cap_H2_Fuel_Cell: 0.0016207152590790605
ci_cap_battery_charger: 10041.932218552995
ci_cap_battery_discharger: 10249.003076714944
ci_cap_onwind: 25823.32041155949
ci_cap_solar: 45217.6349993567
ci_capital_cost_battery_inverter: 239051876.9374083
ci_capital_cost_battery_storage: 827221464.243623
ci_capital_cost_grid: 0.0
ci_capital_cost_hydrogen_electrolysis: 352.7081606464302
ci_capital_cost_hydrogen_fuel_cell: 342.9680695911398
ci_capital_cost_hydrogen_storage: 191.31640449359494
ci_capital_cost_onwind: 2824739874.2911577
ci_capital_cost_solar: 2170036977.7267733
ci_clean_excess_total: 16823578.62767876
ci_clean_total: 88708144.08138508
ci_clean_used_grid_total: 8339126.888998618
ci_clean_used_local_total: 71884565.4537063
ci_clean_used_total: 80223692.3427049
ci_cost_battery_inverter: 239051876.9374083
ci_cost_battery_storage: 827221464.243623
ci_cost_grid: 1935513754.5751557
ci_cost_hydrogen_electrolysis: 352.7081606464302
ci_cost_hydrogen_fuel_cell: 342.9680695911398
ci_cost_hydrogen_storage: 191.31640449359494
ci_cost_onwind: 2825448754.5138774
ci_cost_solar: 2170458705.5093822
ci_demand_total: 84117900.0
ci_emission_rate_local: 0.023814401450659432
ci_emission_rate_myopic: 0.021170918950398337
ci_emission_rate_true: 0.023733394421316365
ci_emissions: 1996403.2985928482
ci_fraction_clean: 1.0545691711441332
ci_fraction_clean_excess: 0.1999999836857406
ci_fraction_clean_used: 0.953705362862184
ci_fraction_clean_used_grid: 0.0991361754037918
ci_fraction_clean_used_local: 0.8545691874583923
ci_generation_H2_Fuel_Cell: 6.849443647245867
ci_generation_battery_discharger: 17359303.128953997
ci_generation_onwind: 47258681.51464866
ci_generation_solar: 42172778.26091276
ci_marginal_cost_grid: 1935513754.5751557
ci_marginal_cost_onwind: 708880.2227197319
ci_marginal_cost_solar: 421727.7826091256
ci_revenue_grid: 1935406873.3429432
ci_total_cost: 7997695442.772081
co2_price: 130.0
emissions: 296461154.1278283
emissions_zone: 44.75062102836304
objective: 165382170388.85175
system_emission_rate: 0.09470377830717769
system_emissions: 98820384.7092762
system_grid_cfe_wavg: 0.8446064473330434
system_inv_H2_Electrolysis-2030: 8201.195612225369
system_inv_H2_Fuel_Cell-2030: 1807.046916279999
system_inv_OCGT-2030: 65017.866686979585
system_inv_battery_charger-2030: 21933.34878350418
system_inv_battery_discharger-2030: 22385.62801185572
system_inv_offwind-ac-2030: 1084.0394849648508
system_inv_offwind-dc-2030: 43365.37261754889
system_inv_onwind-2030: 225601.9879657309
system_inv_solar-2030: 384305.49434522894
system_inv_solar_rooftop-2030: 0.0
zone_average_marginal_price: 133.9167644226803
