ci_average cost: 99.41236263942939
ci_average_revenue: 23.512936537367743
ci_cap_H2_Electrolysis: 2583.737512611469
ci_cap_H2_Fuel_Cell: 1303.204190271733
ci_cap_battery_charger: 10338.231419016602
ci_cap_battery_discharger: 10551.412150097165
ci_cap_onwind: 32315.30934548244
ci_cap_solar: 46295.84856572372
ci_capital_cost_battery_inverter: 246105388.00124666
ci_capital_cost_battery_storage: 913494542.3236151
ci_capital_cost_grid: 0.0
ci_capital_cost_hydrogen_electrolysis: 171985277.65389612
ci_capital_cost_hydrogen_fuel_cell: 275777884.43514466
ci_capital_cost_hydrogen_storage: 116005075.05465257
ci_capital_cost_onwind: 3534880154.969403
ci_capital_cost_solar: 2221781464.3399363
ci_clean_excess_total: 16823577.47971271
ci_clean_total: 95783025.208271
ci_clean_used_grid_total: 3476094.734772354
ci_clean_used_local_total: 78959447.72855827
ci_clean_used_total: 82435542.46333063
ci_cost_battery_inverter: 246105388.00124666
ci_cost_battery_storage: 913494542.3236151
ci_cost_grid: 880998216.0954382
ci_cost_hydrogen_electrolysis: 171985277.65389612
ci_cost_hydrogen_fuel_cell: 275777884.43514466
ci_cost_hydrogen_storage: 116005075.05465257
ci_cost_onwind: 3535776645.568691
ci_cost_solar: 2222216150.1345744
ci_demand_total: 84117900.0
ci_emission_rate_local: 0.008692848059666133
ci_emission_rate_myopic: 0.008675487145818388
ci_emission_rate_true: 0.009452507439975244
ci_emissions: 795125.0755850936
ci_fraction_clean: 1.1386758966673085
ci_fraction_clean_excess: 0.1999999700386328
ci_fraction_clean_used: 0.9800000055081097
ci_fraction_clean_used_grid: 0.04132407887943415
ci_fraction_clean_used_local: 0.9386759266286756
ci_generation_H2_Fuel_Cell: 3421344.207486961
ci_generation_battery_discharger: 19443923.078907117
ci_generation_onwind: 59766039.95252848
ci_generation_solar: 43468579.46383212
ci_marginal_cost_grid: 880998216.0954382
ci_marginal_cost_onwind: 896490.5992879296
ci_marginal_cost_solar: 434685.79463831906
ci_revenue_grid: 1977858844.356646
ci_total_cost: 8362359179.267258
co2_price: 130.0
emissions: 293386318.2511529
emissions_zone: 43.16478701707648
objective: 165683732530.35156
system_emission_rate: 0.0937215296343209
system_emissions: 97795439.41705096
system_grid_cfe_wavg: 0.8474134621580107
system_inv_H2_Electrolysis-2030: 8156.176610944803
system_inv_H2_Fuel_Cell-2030: 1799.416071808434
system_inv_OCGT-2030: 63063.285806719636
system_inv_battery_charger-2030: 22114.270445984712
system_inv_battery_discharger-2030: 22570.280391004566
system_inv_offwind-ac-2030: 1084.0901912923227
system_inv_offwind-dc-2030: 43547.949658909194
system_inv_onwind-2030: 224692.12642632608
system_inv_solar-2030: 386243.83394786745
system_inv_solar_rooftop-2030: 0.0
zone_average_marginal_price: 133.0649936427853
