ci_average cost: 95.07725961522361
ci_average_revenue: 23.008154587780584
ci_cap_H2_Electrolysis: 0.008756161940494899
ci_cap_H2_Fuel_Cell: 0.002695515819527635
ci_cap_battery_charger: 10042.454574328847
ci_cap_battery_discharger: 10249.536203790227
ci_cap_onwind: 25823.762301948627
ci_cap_solar: 45216.501455916536
ci_capital_cost_battery_inverter: 239064311.8081014
ci_capital_cost_battery_storage: 827216640.2023456
ci_capital_cost_grid: 0.0
ci_capital_cost_hydrogen_electrolysis: 582.8498193674476
ci_capital_cost_hydrogen_fuel_cell: 570.4122621151154
ci_capital_cost_hydrogen_storage: 319.17404873751383
ci_capital_cost_onwind: 2824788211.4291544
ci_capital_cost_solar: 2169982577.907299
ci_clean_excess_total: 16823578.082141504
ci_clean_total: 88708096.97681333
ci_clean_used_grid_total: 8367946.010751809
ci_clean_used_local_total: 71884518.89467183
ci_clean_used_total: 80252464.90542364
ci_cost_battery_inverter: 239064311.8081014
ci_cost_battery_storage: 827216640.2023456
ci_cost_grid: 1935515587.192738
ci_cost_hydrogen_electrolysis: 582.8498193674476
ci_cost_hydrogen_fuel_cell: 570.4122621151154
ci_cost_hydrogen_storage: 319.17404873751383
ci_cost_onwind: 2825497111.155198
ci_cost_solar: 2170404293.792905
ci_demand_total: 84117900.0
ci_emission_rate_local: 0.023803033807658868
ci_emission_rate_myopic: 0.02116262113967664
ci_emission_rate_true: 0.023725761199784874
ci_emissions: 1995761.2080273842
ci_fraction_clean: 1.0545686111613977
ci_fraction_clean_excess: 0.19999997720035217
ci_fraction_clean_used: 0.9540474132785488
ci_fraction_clean_used_grid: 0.09947877931750328
ci_fraction_clean_used_local: 0.8545686339610454
ci_generation_H2_Fuel_Cell: 11.490013559678868
ci_generation_battery_discharger: 17362869.96276415
ci_generation_onwind: 47259981.736245774
ci_generation_solar: 42171588.560599804
ci_marginal_cost_grid: 1935515587.192738
ci_marginal_cost_onwind: 708899.7260436886
ci_marginal_cost_solar: 421715.885605996
ci_revenue_grid: 1935397646.7994685
ci_total_cost: 7997699416.587418
co2_price: 130.0
emissions: 296461085.44441897
emissions_zone: 44.731705400416466
objective: 165382185739.24426
system_emission_rate: 0.09470375636643359
system_emissions: 98820361.81480661
system_grid_cfe_wavg: 0.8469249474432525
system_inv_H2_Electrolysis-2030: 8201.150623642678
system_inv_H2_Fuel_Cell-2030: 1807.037244891283
system_inv_OCGT-2030: 65017.940716018544
system_inv_battery_charger-2030: 21933.266074254465
system_inv_battery_discharger-2030: 22385.54359709008
system_inv_offwind-ac-2030: 1084.054698598583
system_inv_offwind-dc-2030: 43365.345291104524
system_inv_onwind-2030: 225601.7987935872
system_inv_solar-2030: 384306.0616691061
system_inv_solar_rooftop-2030: 0.0
zone_average_marginal_price: 133.91646586688108
