ci_average cost: 103.71281585240557
ci_average_revenue: 24.00109995016844
ci_cap_H2_Electrolysis: 4675.861085971005
ci_cap_H2_Fuel_Cell: 2656.191276814354
ci_cap_battery_charger: 9587.485079899394
ci_cap_battery_discharger: 9785.184956765892
ci_cap_onwind: 36099.512314965636
ci_cap_solar: 45050.6561321568
ci_capital_cost_battery_inverter: 228233596.242059
ci_capital_cost_battery_storage: 848110619.0128086
ci_capital_cost_grid: 0.0
ci_capital_cost_hydrogen_electrolysis: 311246503.646944
ci_capital_cost_hydrogen_fuel_cell: 562090589.0597311
ci_capital_cost_hydrogen_storage: 233965936.55116782
ci_capital_cost_onwind: 3948823398.9034867
ci_capital_cost_solar: 2162023504.303675
ci_clean_excess_total: 16823577.578994885
ci_clean_total: 98481085.02233438
ci_clean_used_grid_total: 1619214.1584908324
ci_clean_used_local_total: 81657507.4433395
ci_clean_used_total: 83276721.60183033
ci_cost_battery_inverter: 228233596.242059
ci_cost_battery_storage: 848110619.0128086
ci_cost_grid: 428171766.34174585
ci_cost_hydrogen_electrolysis: 311246503.646944
ci_cost_hydrogen_fuel_cell: 562090589.0597311
ci_cost_hydrogen_storage: 233965936.55116782
ci_cost_onwind: 3949837531.0990005
ci_cost_solar: 2162447730.6376104
ci_demand_total: 84117900.0
ci_emission_rate_local: 0.00407997629736337
ci_emission_rate_myopic: 0.004265288731217601
ci_emission_rate_true: 0.004614472759759918
ci_emissions: 388159.75815820886
ci_fraction_clean: 1.170750637169192
ci_fraction_clean_excess: 0.19999997121890686
ci_fraction_clean_used: 0.9900000071546048
ci_fraction_clean_used_grid: 0.01924934120431956
ci_fraction_clean_used_local: 0.9707506659502853
ci_generation_H2_Fuel_Cell: 5576110.768583849
ci_generation_battery_discharger: 17427558.969276886
ci_generation_onwind: 67608813.03424536
ci_generation_solar: 42422633.393532716
ci_marginal_cost_grid: 428171766.34174585
ci_marginal_cost_onwind: 1014132.1955136831
ci_marginal_cost_solar: 424226.3339353251
ci_revenue_grid: 2018922125.4982738
ci_total_cost: 8724104272.591066
co2_price: 130.0
emissions: 292048587.87260735
emissions_zone: 43.12156192041564
objective: 166022799786.76596
system_emission_rate: 0.09329419499219135
system_emissions: 97349529.2908692
system_grid_cfe_wavg: 0.8472268649967267
system_inv_H2_Electrolysis-2030: 8124.731845772054
system_inv_H2_Fuel_Cell-2030: 1795.222403933261
system_inv_OCGT-2030: 61810.996482959046
system_inv_battery_charger-2030: 22212.151315176496
system_inv_battery_discharger-2030: 22670.179624305976
system_inv_offwind-ac-2030: 1084.08373771473
system_inv_offwind-dc-2030: 43555.95603064474
system_inv_onwind-2030: 225101.2773575231
system_inv_solar-2030: 385593.7632574034
system_inv_solar_rooftop-2030: 0.0
zone_average_marginal_price: 132.83358146761873
