ci_average cost: 142.983887750935
ci_average_revenue: 0.0
ci_cap_H2_Electrolysis: 0.0
ci_cap_H2_Fuel_Cell: 0.0
ci_cap_battery_charger: 0.0
ci_cap_battery_discharger: 0.0
ci_cap_onwind: 0.0
ci_cap_solar: 0.0
ci_capital_cost_battery_inverter: 0.0
ci_capital_cost_battery_storage: 0.0
ci_capital_cost_grid: 0.0
ci_capital_cost_hydrogen_electrolysis: 0.0
ci_capital_cost_hydrogen_fuel_cell: 0.0
ci_capital_cost_hydrogen_storage: 0.0
ci_capital_cost_onwind: 0.0
ci_capital_cost_solar: 0.0
ci_clean_excess_total: 0.0
ci_clean_total: 0.0
ci_clean_used_grid_total: 67304885.15304667
ci_clean_used_local_total: 0.0
ci_clean_used_total: 67304885.15304667
ci_cost_battery_inverter: 0.0
ci_cost_battery_storage: 0.0
ci_cost_grid: 12027504371.444374
ci_cost_hydrogen_electrolysis: 0.0
ci_cost_hydrogen_fuel_cell: 0.0
ci_cost_hydrogen_storage: 0.0
ci_cost_onwind: 0.0
ci_cost_solar: 0.0
ci_demand_total: 84117900.0
ci_emission_rate_local: 0.1374249330977152
ci_emission_rate_myopic: 0.10480197678927564
ci_emission_rate_true: 0.12162705698535968
ci_emissions: 10231012.616788788
ci_fraction_clean: 0.0
ci_fraction_clean_excess: 0.0
ci_fraction_clean_used: 0.8001255993438574
ci_fraction_clean_used_grid: 0.8001255993438574
ci_fraction_clean_used_local: 0.0
ci_generation_H2_Fuel_Cell: -0.0
ci_generation_battery_discharger: -0.0
ci_generation_onwind: 0.0
ci_generation_solar: 0.0
ci_marginal_cost_grid: 12027504371.444374
ci_marginal_cost_onwind: 0.0
ci_marginal_cost_solar: 0.0
ci_revenue_grid: 0.0
ci_total_cost: 12027504371.444374
co2_price: 130.0
emissions: 331150896.4180721
emissions_zone: 57.39229928858327
objective: 171210667664.4121
system_emission_rate: 0.10578533019903796
system_emissions: 110383632.13935727
system_grid_cfe_wavg: 0.796041273713814
system_inv_H2_Electrolysis-2030: 7906.587323575651
system_inv_H2_Fuel_Cell-2030: 1732.146041071912
system_inv_OCGT-2030: 72514.44962047157
system_inv_battery_charger-2030: 27472.21119815309
system_inv_battery_discharger-2030: 28038.70519797293
system_inv_offwind-ac-2030: 1084.104926736245
system_inv_offwind-dc-2030: 42200.7165341959
system_inv_onwind-2030: 220461.1614568997
system_inv_solar-2030: 393092.6351130722
system_inv_solar_rooftop-2030: 0.0
zone_average_marginal_price: 142.983887750935
