ci_average cost: 105.75076364646576
ci_average_revenue: 24.36347484099545
ci_cap_H2_Electrolysis: 0.0
ci_cap_H2_Fuel_Cell: 0.0
ci_cap_battery_charger: 0.0
ci_cap_battery_discharger: 0.0
ci_cap_onwind: 44877.3520393842
ci_cap_solar: 25860.210190630718
ci_capital_cost_battery_inverter: 0.0
ci_capital_cost_battery_storage: 0.0
ci_capital_cost_grid: 0.0
ci_capital_cost_hydrogen_electrolysis: 0.0
ci_capital_cost_hydrogen_fuel_cell: 0.0
ci_capital_cost_hydrogen_storage: 0.0
ci_capital_cost_onwind: 4909006422.795442
ci_capital_cost_solar: 1241055892.6014986
ci_clean_excess_total: 16823579.236186758
ci_clean_total: 84117900.00009136
ci_clean_used_grid_total: 11521852.184128668
ci_clean_used_local_total: 67294320.7639046
ci_clean_used_total: 78816172.94803327
ci_cost_battery_inverter: 0.0
ci_cost_battery_storage: 0.0
ci_cost_grid: 2744325692.8671837
ci_cost_hydrogen_electrolysis: 0.0
ci_cost_hydrogen_fuel_cell: 0.0
ci_cost_hydrogen_storage: 0.0
ci_cost_onwind: 4909915345.014191
ci_cost_solar: 1241291123.455667
ci_demand_total: 84117900.0
ci_emission_rate_local: 0.03269200297756417
ci_emission_rate_myopic: 0.027358828183471573
ci_emission_rate_true: 0.03476485257025314
ci_emissions: 2924346.392019296
ci_fraction_clean: 1.000000000001086
ci_fraction_clean_excess: 0.19999999091973003
ci_fraction_clean_used: 0.9369726651287452
ci_fraction_clean_used_grid: 0.13697265604738906
ci_fraction_clean_used_local: 0.800000009081356
ci_generation_H2_Fuel_Cell: -0.0
ci_generation_battery_discharger: -0.0
ci_generation_onwind: 60594814.58324742
ci_generation_solar: 23523085.416843943
ci_marginal_cost_grid: 2744325692.8671837
ci_marginal_cost_onwind: 908922.2187487138
ci_marginal_cost_solar: 235230.8541684383
ci_revenue_grid: 2049404340.3273714
ci_total_cost: 8895532161.337042
co2_price: 130.0
emissions: 296502242.9981188
emissions_zone: 47.50766112816809
objective: 166265872900.9557
system_emission_rate: 0.09471690404459272
system_emissions: 98834080.99937287
system_grid_cfe_wavg: 0.8433568389982106
system_inv_H2_Electrolysis-2030: 7824.824852721716
system_inv_H2_Fuel_Cell-2030: 1721.95452557575
system_inv_OCGT-2030: 67633.68111144552
system_inv_battery_charger-2030: 27788.18775491198
system_inv_battery_discharger-2030: 28361.197386917258
system_inv_offwind-ac-2030: 1084.1073584793019
system_inv_offwind-dc-2030: 44427.29259157732
system_inv_onwind-2030: 222566.03074132785
system_inv_solar-2030: 386790.64202465257
system_inv_solar_rooftop-2030: 0.0
zone_average_marginal_price: 134.30093558919253
