ci_average cost: 245.97464656498613
ci_average_revenue: 24.20153337218198
ci_cap_battery_charger: 2692.609193510081
ci_cap_battery_discharger: 2748.1324617676337
ci_cap_onwind: 16241.144525540565
ci_cap_solar: 26873.47799148463
ci_capital_cost_battery_inverter: 85600661.1571348
ci_capital_cost_battery_storage: 2564672398.021002
ci_capital_cost_grid: 0.0
ci_capital_cost_hydrogen_electrolysis: 0.0
ci_capital_cost_hydrogen_fuel_cell: 0.0
ci_capital_cost_hydrogen_storage: 0.0
ci_capital_cost_onwind: 1864175347.185265
ci_capital_cost_solar: 1486135534.441239
ci_clean_excess_total: 4879319.242727738
ci_clean_total: 29275919.215847023
ci_clean_used_grid_total: 1.909479227962016e-06
ci_clean_used_local_total: 24396599.973119285
ci_clean_used_total: 24396599.973121196
ci_cost_battery_inverter: 85600661.1571348
ci_cost_battery_storage: 2564672398.021002
ci_cost_grid: 0.0002662976430636442
ci_cost_hydrogen_electrolysis: 0.0
ci_cost_hydrogen_fuel_cell: 0.0
ci_cost_hydrogen_storage: 0.0
ci_cost_onwind: 1864371103.3221767
ci_cost_solar: 1486300899.8867612
ci_demand_total: 24396600.0
ci_emission_rate_local: 3.8511489505312825e-14
ci_emission_rate_myopic: 9.852824005780307e-15
ci_emission_rate_true: 3.8315417215814035e-14
ci_emissions: 9.347659076473289e-07
ci_fraction_clean: 1.1999999678581041
ci_fraction_clean_excess: 0.1999999689599263
ci_fraction_clean_used: 0.9999999988982562
ci_fraction_clean_used_grid: 7.826825164006525e-14
ci_fraction_clean_used_local: 0.9999999988981778
ci_generation_battery_discharger: 7464846.727598179
ci_generation_onwind: 13050409.127435371
ci_generation_solar: 16536544.55219588
ci_marginal_cost_grid: 0.0002662976430636442
ci_marginal_cost_onwind: 195756.13691153025
ci_marginal_cost_solar: 165365.44552195893
ci_revenue_grid: 590435129.0677749
ci_total_cost: 6000945062.387341
co2_price: 80.0
emissions: 505076466.2475218
emissions_zone: 77.9600545784656
objective: 146034736525.70508
system_emission_rate: 0.15832492631790743
system_emissions: 168358822.0825071
system_grid_cfe_wavg: 0.5804987564704365
system_inv_H2_Electrolysis-2025: 108.4856489215812
system_inv_H2_Fuel_Cell-2025: 22.584757463379432
system_inv_OCGT-2025: 16984.78405810799
system_inv_battery_charger-2025: 1713.881921708196
system_inv_battery_discharger-2025: 1749.2232278027222
system_inv_offwind-ac-2025: 542.0500585452385
system_inv_offwind-dc-2025: 34829.12565110347
system_inv_onwind-2025: 104244.32625192734
system_inv_solar-2025: 188843.52355314596
system_inv_solar_rooftop-2025: 0.0
zone_average_marginal_price: 115.49940375518356
