ci_average cost: 86.7621496252064
ci_average_revenue: 22.71734896358416
ci_cap_battery_charger: 0.012710615491114036
ci_cap_battery_discharger: 0.012972716250233761
ci_cap_onwind: 7825.107944221389
ci_cap_solar: 5296.080036678532
ci_capital_cost_battery_inverter: 404.0828102258382
ci_capital_cost_battery_storage: 736.3714316575883
ci_capital_cost_grid: 0.0
ci_capital_cost_hydrogen_electrolysis: 0.0
ci_capital_cost_hydrogen_fuel_cell: 0.0
ci_capital_cost_hydrogen_storage: 0.0
ci_capital_cost_onwind: 898173973.8687265
ci_capital_cost_solar: 292879572.12858
ci_clean_excess_total: 4879318.919891242
ci_clean_total: 21386687.084783465
ci_clean_used_grid_total: 4245428.829393548
ci_clean_used_local_total: 16507368.164892225
ci_clean_used_total: 20752796.994285773
ci_cost_battery_inverter: 404.0828102258382
ci_cost_battery_storage: 736.3714316575883
ci_cost_grid: 925350876.233331
ci_cost_hydrogen_electrolysis: 0.0
ci_cost_hydrogen_fuel_cell: 0.0
ci_cost_hydrogen_storage: 0.0
ci_cost_onwind: 898420063.7937698
ci_cost_solar: 292929379.0649679
ci_demand_total: 24396600.0
ci_emission_rate_local: 0.24910011927075795
ci_emission_rate_myopic: 0.05969325817967421
ci_emission_rate_true: 0.216634354365444
ci_emissions: 5285141.68971199
ci_fraction_clean: 0.8766257218130176
ci_fraction_clean_excess: 0.19999995572707843
ci_fraction_clean_used: 0.8506429992001252
ci_fraction_clean_used_grid: 0.1740172331141859
ci_fraction_clean_used_local: 0.6766257660859392
ci_generation_battery_discharger: 37.36545834820624
ci_generation_onwind: 16405995.002886206
ci_generation_solar: 4980693.638787197
ci_marginal_cost_grid: 925350876.233331
ci_marginal_cost_onwind: 246089.9250432927
ci_marginal_cost_solar: 49806.936387872
ci_revenue_grid: 554226075.7249774
ci_total_cost: 2116701459.5463104
co2_price: 80.0
emissions: 513576886.830465
emissions_zone: 79.88814916488093
objective: 142186975758.02048
system_emission_rate: 0.16098952970452854
system_emissions: 171192295.610155
system_grid_cfe_wavg: 0.5865157404659584
system_inv_H2_Electrolysis-2025: 108.47082489780797
system_inv_H2_Fuel_Cell-2025: 22.585953314633542
system_inv_OCGT-2025: 17000.117460713762
system_inv_battery_charger-2025: 1713.9252845325207
system_inv_battery_discharger-2025: 1749.267484795325
system_inv_offwind-ac-2025: 542.0501914430356
system_inv_offwind-dc-2025: 34698.88583888313
system_inv_onwind-2025: 104331.69271638319
system_inv_solar-2025: 188734.22248029718
system_inv_solar_rooftop-2025: 0.0
zone_average_marginal_price: 115.86603306016613
