ci_average cost: 86.76216835017838
ci_average_revenue: 22.717349397240678
ci_cap_battery_charger: 0.013841722953129423
ci_cap_battery_discharger: 0.01412714784825558
ci_cap_onwind: 7825.097730579391
ci_cap_solar: 5296.1091632263515
ci_capital_cost_battery_inverter: 440.04181490488963
ci_capital_cost_battery_storage: 826.3159127961993
ci_capital_cost_grid: 0.0
ci_capital_cost_hydrogen_electrolysis: 0.0
ci_capital_cost_hydrogen_fuel_cell: 0.0
ci_capital_cost_hydrogen_storage: 0.0
ci_capital_cost_onwind: 898172801.5363464
ci_capital_cost_solar: 292881182.86157566
ci_clean_excess_total: 4879318.578718569
ci_clean_total: 21386691.035172142
ci_clean_used_grid_total: 4296988.746198022
ci_clean_used_local_total: 16507372.456453577
ci_clean_used_total: 20804361.202651598
ci_cost_battery_inverter: 440.04181490488963
ci_cost_battery_storage: 826.3159127961993
ci_cost_grid: 925350768.8171556
ci_cost_hydrogen_electrolysis: 0.0
ci_cost_hydrogen_fuel_cell: 0.0
ci_cost_hydrogen_storage: 0.0
ci_cost_onwind: 898418891.1518325
ci_cost_solar: 292930990.04524654
ci_demand_total: 24396600.0
ci_emission_rate_local: 0.2492994410664477
ci_emission_rate_myopic: 0.05969323745066475
ci_emission_rate_true: 0.2167428523502787
ci_emissions: 5287788.67164881
ci_fraction_clean: 0.876625883736756
ci_fraction_clean_excess: 0.1999999417426432
ci_fraction_clean_used: 0.8527565809437215
ci_fraction_clean_used_grid: 0.17613063894960862
ci_fraction_clean_used_local: 0.676625941994113
ci_generation_battery_discharger: 40.7437097220856
ci_generation_onwind: 16405974.365735352
ci_generation_solar: 4980718.3670868585
ci_marginal_cost_grid: 925350768.8171556
ci_marginal_cost_onwind: 246089.61548602988
ci_marginal_cost_solar: 49807.18367086862
ci_revenue_grid: 554226086.304722
ci_total_cost: 2116701916.371962
co2_price: 80.0
emissions: 513576989.7011703
emissions_zone: 79.94640451564146
objective: 142186987913.0064
system_emission_rate: 0.1609895619511245
system_emissions: 171192329.90038985
system_grid_cfe_wavg: 0.5921392331390791
system_inv_H2_Electrolysis-2025: 108.45107803388753
system_inv_H2_Fuel_Cell-2025: 22.58326750568549
system_inv_OCGT-2025: 17000.095351069293
system_inv_battery_charger-2025: 1713.9652866277338
system_inv_battery_discharger-2025: 1749.3083117585027
system_inv_offwind-ac-2025: 542.0663965073607
system_inv_offwind-dc-2025: 34698.89520946337
system_inv_onwind-2025: 104331.5972492323
system_inv_solar-2025: 188734.3662910797
system_inv_solar_rooftop-2025: 0.0
zone_average_marginal_price: 115.86605513674726
