ci_average cost: 90.7177149147207
ci_average_revenue: 22.940140517724693
ci_cap_battery_charger: 1348.8923284169814
ci_cap_battery_discharger: 1376.7073231743968
ci_cap_onwind: 7717.44705192261
ci_cap_solar: 8218.420311841863
ci_capital_cost_battery_inverter: 42882597.08114538
ci_capital_cost_battery_storage: 168910910.330376
ci_capital_cost_grid: 0.0
ci_capital_cost_hydrogen_electrolysis: 0.0
ci_capital_cost_hydrogen_fuel_cell: 0.0
ci_capital_cost_hydrogen_storage: 0.0
ci_capital_cost_onwind: 885816545.4274158
ci_capital_cost_solar: 454488491.07927084
ci_clean_excess_total: 4879319.339836884
ci_clean_total: 23640554.55229441
ci_clean_used_grid_total: 3195705.1878754077
ci_clean_used_local_total: 18761235.21245753
ci_clean_used_total: 21956940.40033294
ci_cost_battery_inverter: 42882597.08114538
ci_cost_battery_storage: 168910910.330376
ci_cost_grid: 660787513.1605775
ci_cost_hydrogen_electrolysis: 0.0
ci_cost_hydrogen_fuel_cell: 0.0
ci_cost_hydrogen_storage: 0.0
ci_cost_onwind: 886057002.1316028
ci_cost_solar: 454565780.98477376
ci_demand_total: 24396600.0
ci_emission_rate_local: 0.18529487385124488
ci_emission_rate_myopic: 0.04316620860642246
ci_emission_rate_true: 0.15526738757800945
ci_emissions: 3787996.3477856647
ci_fraction_clean: 0.9690102125826718
ci_fraction_clean_excess: 0.199999972940364
ci_fraction_clean_used: 0.9000000164093742
ci_fraction_clean_used_grid: 0.13098977676706622
ci_fraction_clean_used_local: 0.769010239642308
ci_generation_battery_discharger: 2853198.1413327083
ci_generation_onwind: 16030446.945796132
ci_generation_solar: 7728990.550293805
ci_marginal_cost_grid: 660787513.1605775
ci_marginal_cost_onwind: 240456.70418694158
ci_marginal_cost_solar: 77289.90550293811
ci_revenue_grid: 559661432.1547222
ci_total_cost: 2213203803.688475
co2_price: 80.0
emissions: 511242331.30589336
emissions_zone: 79.06111376779529
objective: 142280121153.56567
system_emission_rate: 0.16025772302551441
system_emissions: 170414110.43529794
system_grid_cfe_wavg: 0.5929589398536904
system_inv_H2_Electrolysis-2025: 108.45488878180737
system_inv_H2_Fuel_Cell-2025: 22.572532883876637
system_inv_OCGT-2025: 17001.13335873826
system_inv_battery_charger-2025: 1713.8577386376367
system_inv_battery_discharger-2025: 1749.1985460622786
system_inv_offwind-ac-2025: 542.0464150817735
system_inv_offwind-dc-2025: 34736.41104147385
system_inv_onwind-2025: 104288.81081324806
system_inv_solar-2025: 188755.1387527932
system_inv_solar_rooftop-2025: 0.0
zone_average_marginal_price: 115.86121801188577
