ci_average cost: 134.7320153753545
ci_average_revenue: 23.729196754852396
ci_cap_battery_charger: 2561.79547438305
ci_cap_battery_discharger: 2614.621282780344
ci_cap_onwind: 14293.57708453008
ci_cap_solar: 14168.250474588618
ci_capital_cost_battery_inverter: 81441965.9878963
ci_capital_cost_battery_storage: 675568817.3536367
ci_capital_cost_grid: 0.0
ci_capital_cost_hydrogen_electrolysis: 0.0
ci_capital_cost_hydrogen_fuel_cell: 0.0
ci_capital_cost_hydrogen_storage: 0.0
ci_capital_cost_onwind: 1640631544.2960656
ci_capital_cost_solar: 783521228.5444434
ci_clean_excess_total: 4879319.312054671
ci_clean_total: 28396431.513395593
ci_clean_used_grid_total: 391555.9354991033
ci_clean_used_local_total: 23517112.20134092
ci_clean_used_total: 23908668.136840023
ci_cost_battery_inverter: 81441965.9878963
ci_cost_battery_storage: 675568817.3536367
ci_cost_grid: 105470051.8066608
ci_cost_hydrogen_electrolysis: 0.0
ci_cost_hydrogen_fuel_cell: 0.0
ci_cost_hydrogen_storage: 0.0
ci_cost_onwind: 1640881327.0216055
ci_cost_solar: 783640924.136575
ci_demand_total: 24396600.0
ci_emission_rate_local: 0.034015378677957085
ci_emission_rate_myopic: 0.007767184385626669
ci_emission_rate_true: 0.02670031333137499
ci_emissions: 651396.8642202229
ci_fraction_clean: 1.1639503665836877
ci_fraction_clean_excess: 0.19999997180159004
ci_fraction_clean_used: 0.9800000056089793
ci_fraction_clean_used_grid: 0.01604961082688175
ci_fraction_clean_used_local: 0.9639503947820975
ci_generation_battery_discharger: 5407439.853694003
ci_generation_onwind: 16652181.702657934
ci_generation_solar: 11969559.21315734
ci_marginal_cost_grid: 105470051.8066608
ci_marginal_cost_onwind: 249782.7255398686
ci_marginal_cost_solar: 119695.59213157349
ci_revenue_grid: 578911721.5494319
ci_total_cost: 3287003086.306374
co2_price: 80.0
emissions: 506336424.6761927
emissions_zone: 78.64350045059935
objective: 143332035364.86087
system_emission_rate: 0.15871988201019124
system_emissions: 168778808.22539765
system_grid_cfe_wavg: 0.5870156402450826
system_inv_H2_Electrolysis-2025: 108.47086806088087
system_inv_H2_Fuel_Cell-2025: 22.57615219471737
system_inv_OCGT-2025: 16987.252144048944
system_inv_battery_charger-2025: 1713.9417213276317
system_inv_battery_discharger-2025: 1749.2842605273263
system_inv_offwind-ac-2025: 542.0696926917965
system_inv_offwind-dc-2025: 34990.738029075226
system_inv_onwind-2025: 104255.8145689596
system_inv_solar-2025: 188832.43733234276
system_inv_solar_rooftop-2025: 0.0
zone_average_marginal_price: 115.54087112518403
