ci_average cost: 104.85672632451998
ci_average_revenue: 23.240770415060833
ci_cap_battery_charger: 2618.7347140518964
ci_cap_battery_discharger: 2672.734644815754
ci_cap_onwind: 9178.54032288339
ci_cap_solar: 13166.884727280449
ci_capital_cost_battery_inverter: 83252119.71283549
ci_capital_cost_battery_storage: 394621669.095943
ci_capital_cost_grid: 0.0
ci_capital_cost_hydrogen_electrolysis: 0.0
ci_capital_cost_hydrogen_fuel_cell: 0.0
ci_capital_cost_hydrogen_storage: 0.0
ci_capital_cost_onwind: 1053522340.5073172
ci_capital_cost_solar: 728144502.8181146
ci_clean_excess_total: 4879319.280051624
ci_clean_total: 26761522.034882583
ci_clean_used_grid_total: 1294567.4944458676
ci_clean_used_local_total: 21882202.75483096
ci_clean_used_total: 23176770.249276828
ci_cost_battery_inverter: 83252119.71283549
ci_cost_battery_storage: 394621669.095943
ci_cost_grid: 298262745.65625566
ci_cost_hydrogen_electrolysis: 0.0
ci_cost_hydrogen_fuel_cell: 0.0
ci_cost_hydrogen_storage: 0.0
ci_cost_onwind: 1053745131.2941283
ci_cost_solar: 728265943.6896222
ci_demand_total: 24396600.0
ci_emission_rate_local: 0.09246628551266212
ci_emission_rate_myopic: 0.020824411998022038
ci_emission_rate_true: 0.07255117125301354
ci_emissions: 1770001.90459127
ci_fraction_clean: 1.0969365417674013
ci_fraction_clean_excess: 0.19999997048980694
ci_fraction_clean_used: 0.9500000102176872
ci_fraction_clean_used_grid: 0.053063438940092786
ci_fraction_clean_used_local: 0.8969365712775944
ci_generation_battery_discharger: 5646836.502757203
ci_generation_onwind: 14852719.120743621
ci_generation_solar: 12144087.15074879
ci_marginal_cost_grid: 298262745.65625566
ci_marginal_cost_onwind: 222790.78681115396
ci_marginal_cost_solar: 121440.87150748797
ci_revenue_grid: 566995779.5080731
ci_total_cost: 2558147609.4487844
co2_price: 80.0
emissions: 508046289.5837533
emissions_zone: 79.25317206104174
objective: 142616609721.3589
system_emission_rate: 0.1592558686450754
system_emissions: 169348763.19458467
system_grid_cfe_wavg: 0.5909308965789822
system_inv_H2_Electrolysis-2025: 108.35828206347625
system_inv_H2_Fuel_Cell-2025: 22.561221842056945
system_inv_OCGT-2025: 16995.270603593
system_inv_battery_charger-2025: 1714.0435460038357
system_inv_battery_discharger-2025: 1749.3881848913816
system_inv_offwind-ac-2025: 542.0545068778326
system_inv_offwind-dc-2025: 34831.24637452436
system_inv_onwind-2025: 104287.440486132
system_inv_solar-2025: 188762.44430980826
system_inv_solar_rooftop-2025: 0.0
zone_average_marginal_price: 115.6753056647295
