ci_average cost: 157.44886442272053
ci_average_revenue: 23.88392306522808
ci_cap_battery_charger: 2530.272741326496
ci_cap_battery_discharger: 2582.4485314560334
ci_cap_onwind: 16497.09849906044
ci_cap_solar: 14738.343552404924
ci_capital_cost_battery_inverter: 80439827.6911005
ci_capital_cost_battery_storage: 1000227961.6484348
ci_capital_cost_grid: 0.0
ci_capital_cost_hydrogen_electrolysis: 0.0
ci_capital_cost_hydrogen_fuel_cell: 0.0
ci_capital_cost_hydrogen_storage: 0.0
ci_capital_cost_onwind: 1893554008.6890473
ci_capital_cost_solar: 815048058.869504
ci_clean_excess_total: 4879319.378339585
ci_clean_total: 28846206.75583657
ci_clean_used_grid_total: 185746.66608243328
ci_clean_used_local_total: 23966887.377496988
ci_clean_used_total: 24152634.043579422
ci_cost_battery_inverter: 80439827.6911005
ci_cost_battery_storage: 1000227961.6484348
ci_cost_grid: 51571854.05923039
ci_cost_hydrogen_electrolysis: 0.0
ci_cost_hydrogen_fuel_cell: 0.0
ci_cost_hydrogen_storage: 0.0
ci_cost_onwind: 1893807533.887777
ci_cost_solar: 815169788.4888014
ci_demand_total: 24396600.0
ci_emission_rate_local: 0.01654289710853393
ci_emission_rate_myopic: 0.0037262097047608394
ci_emission_rate_true: 0.012897297957520676
ci_emissions: 314650.2193504489
ci_fraction_clean: 1.182386347107243
ci_fraction_clean_excess: 0.19999997451856344
ci_fraction_clean_used: 0.9900000017862908
ci_fraction_clean_used_grid: 0.007613629197610867
ci_fraction_clean_used_local: 0.9823863725886799
ci_generation_battery_discharger: 5482456.533766414
ci_generation_onwind: 16901679.915312126
ci_generation_solar: 12172961.929740908
ci_marginal_cost_grid: 51571854.05923039
ci_marginal_cost_onwind: 253525.19872968146
ci_marginal_cost_solar: 121729.61929740917
ci_revenue_grid: 582686517.4531434
ci_total_cost: 3841216965.775344
co2_price: 80.0
emissions: 505793616.4130154
emissions_zone: 78.32063525095181
objective: 143882160510.69458
system_emission_rate: 0.15854972940159534
system_emissions: 168597872.13767162
system_grid_cfe_wavg: 0.5839375557495862
system_inv_H2_Electrolysis-2025: 108.48059527365335
system_inv_H2_Fuel_Cell-2025: 22.58740595792972
system_inv_OCGT-2025: 16986.474124422337
system_inv_battery_charger-2025: 1713.8866088628054
system_inv_battery_discharger-2025: 1749.228011609361
system_inv_offwind-ac-2025: 542.0561263757769
system_inv_offwind-dc-2025: 34969.422556078134
system_inv_onwind-2025: 104256.2174556161
system_inv_solar-2025: 188830.2196020587
system_inv_solar_rooftop-2025: 0.0
zone_average_marginal_price: 115.51997442715259
