ci_average cost: 117.06636897430437
ci_average_revenue: 0.0
ci_cap_battery_charger: 0.0
ci_cap_battery_discharger: 0.0
ci_cap_onwind: 0.0
ci_cap_solar: 0.0
ci_capital_cost_battery_inverter: 0.0
ci_capital_cost_battery_storage: 0.0
ci_capital_cost_grid: 0.0
ci_capital_cost_hydrogen_electrolysis: 0.0
ci_capital_cost_hydrogen_fuel_cell: 0.0
ci_capital_cost_hydrogen_storage: 0.0
ci_capital_cost_onwind: 0.0
ci_capital_cost_solar: 0.0
ci_clean_excess_total: 0.0
ci_clean_total: 0.0
ci_clean_used_grid_total: 12993880.525173832
ci_clean_used_local_total: 0.0
ci_clean_used_total: 12993880.525173832
ci_cost_battery_inverter: 0.0
ci_cost_battery_storage: 0.0
ci_cost_grid: 2856021377.318514
ci_cost_hydrogen_electrolysis: 0.0
ci_cost_hydrogen_fuel_cell: 0.0
ci_cost_hydrogen_storage: 0.0
ci_cost_onwind: 0.0
ci_cost_solar: 0.0
ci_demand_total: 24396600.0
ci_emission_rate_local: 0.7462515801079986
ci_emission_rate_myopic: 0.16407521253681867
ci_emission_rate_true: 0.6167513704042894
ci_emissions: 15046636.483205285
ci_fraction_clean: 0.0
ci_fraction_clean_excess: 0.0
ci_fraction_clean_used: 0.5326103032870905
ci_fraction_clean_used_grid: 0.5326103032870905
ci_fraction_clean_used_local: 0.0
ci_generation_battery_discharger: -0.0
ci_generation_onwind: 0.0
ci_generation_solar: 0.0
ci_marginal_cost_grid: 2856021377.318514
ci_marginal_cost_onwind: 0.0
ci_marginal_cost_solar: 0.0
ci_revenue_grid: 0.0
ci_total_cost: 2856021377.318514
co2_price: 80.0
emissions: 535702133.6030397
emissions_zone: 92.43451968923989
objective: 143467952141.3756
system_emission_rate: 0.16792506976454916
system_emissions: 178567377.86767972
system_grid_cfe_wavg: 0.510844234636117
system_inv_H2_Electrolysis-2025: 108.15452128472539
system_inv_H2_Fuel_Cell-2025: 22.521710998908365
system_inv_OCGT-2025: 17043.268542905273
system_inv_battery_charger-2025: 1715.0855714015267
system_inv_battery_discharger-2025: 1750.4516974977719
system_inv_offwind-ac-2025: 542.0619763803354
system_inv_offwind-dc-2025: 34416.84445735855
system_inv_onwind-2025: 104351.35472279019
system_inv_solar-2025: 188712.73369830102
system_inv_solar_rooftop-2025: 0.0
zone_average_marginal_price: 117.06636897430435
