ci_average cost: 99.22200944562472
ci_average_revenue: 23.411361239916204
ci_cap_battery_charger: 0.0
ci_cap_battery_discharger: 0.0
ci_cap_onwind: 12829.3659994144
ci_cap_solar: 6759.124029597268
ci_capital_cost_battery_inverter: 0.0
ci_capital_cost_battery_storage: 0.0
ci_capital_cost_grid: 0.0
ci_capital_cost_hydrogen_electrolysis: 0.0
ci_capital_cost_hydrogen_fuel_cell: 0.0
ci_capital_cost_hydrogen_storage: 0.0
ci_capital_cost_onwind: 1472567883.2864861
ci_capital_cost_solar: 373787658.0494382
ci_clean_excess_total: 4879319.706027364
ci_clean_total: 24396600.000015765
ci_clean_used_grid_total: 2461334.0584431966
ci_clean_used_local_total: 19517280.2939884
ci_clean_used_total: 21978614.352431595
ci_cost_battery_inverter: 0.0
ci_cost_battery_storage: 0.0
ci_cost_grid: 573987789.890347
ci_cost_hydrogen_electrolysis: 0.0
ci_cost_hydrogen_fuel_cell: 0.0
ci_cost_hydrogen_storage: 0.0
ci_cost_onwind: 1472845018.5310564
ci_cost_solar: 373846867.2197248
ci_demand_total: 24396600.0
ci_emission_rate_local: 0.15779855498068454
ci_emission_rate_myopic: 0.03843161814133913
ci_emission_rate_true: 0.1382557977015655
ci_emissions: 3372971.3942060135
ci_fraction_clean: 1.0000000000006461
ci_fraction_clean_excess: 0.1999999879502621
ci_fraction_clean_used: 0.900888416928244
ci_fraction_clean_used_grid: 0.10088840487785988
ci_fraction_clean_used_local: 0.8000000120503841
ci_generation_battery_discharger: -0.0
ci_generation_onwind: 18475682.971354168
ci_generation_solar: 5920917.028661596
ci_marginal_cost_grid: 573987789.890347
ci_marginal_cost_onwind: 277135.24457031203
ci_marginal_cost_solar: 59209.170286616
ci_revenue_grid: 571157615.6257397
ci_total_cost: 2420679675.641128
co2_price: 80.0
emissions: 510461150.27409333
emissions_zone: 80.57017287505144
objective: 142473227281.921
system_emission_rate: 0.16001284836283278
system_emissions: 170153716.75803104
system_grid_cfe_wavg: 0.5833307809813645
system_inv_H2_Electrolysis-2025: 108.47678784539777
system_inv_H2_Fuel_Cell-2025: 22.586245669221853
system_inv_OCGT-2025: 16992.29933996695
system_inv_battery_charger-2025: 1713.8777349936904
system_inv_battery_discharger-2025: 1749.218954755572
system_inv_offwind-ac-2025: 542.0475040520967
system_inv_offwind-dc-2025: 34869.68284552613
system_inv_onwind-2025: 104294.77354020119
system_inv_solar-2025: 188749.3735826912
system_inv_solar_rooftop-2025: 0.0
zone_average_marginal_price: 115.68172703141109
