ci_average cost: 101.8239574768067
ci_average_revenue: 22.385428299659733
ci_cap_H2_Electrolysis: 0.27706942719810707
ci_cap_H2_Fuel_Cell: 18.256810407680625
ci_cap_adv_geothermal: 832.2206333025964
ci_cap_allam_ccs: 231.94677113646273
ci_cap_battery_charger: 27.316956416780737
ci_cap_battery_discharger: 27.880248966908148
ci_cap_onwind: 1628.1146952544111
ci_cap_solar: 682.9374052266836
ci_capital_cost_adv_geothermal: 670656677.6559553
ci_capital_cost_allam_ccs: 59243490.261153735
ci_capital_cost_battery_inverter: 868432.5730273536
ci_capital_cost_battery_storage: 3705474.4327553166
ci_capital_cost_grid: 0.0
ci_capital_cost_hydrogen_electrolysis: 23403.38336091821
ci_capital_cost_hydrogen_fuel_cell: 4214639.51279587
ci_capital_cost_hydrogen_storage: 175526.2937216967
ci_capital_cost_onwind: 186876686.70827895
ci_capital_cost_solar: 37767256.848111466
ci_clean_excess_total: 1951727.9394600876
ci_clean_total: 11710367.939460088
ci_clean_used_grid_total: 0.05242561592853566
ci_clean_used_local_total: 9758640.0
ci_clean_used_total: 9758640.052425615
ci_cost_adv_geothermal: 670656677.6559553
ci_cost_allam_ccs: 89317549.613095
ci_cost_battery_inverter: 868432.5730273536
ci_cost_battery_storage: 3705474.4327553166
ci_cost_grid: 5.603244430821722
ci_cost_hydrogen_electrolysis: 23403.38336091821
ci_cost_hydrogen_fuel_cell: 4214639.51279587
ci_cost_hydrogen_storage: 175526.2937216967
ci_cost_onwind: 186927955.81840888
ci_cost_solar: 37773679.50510012
ci_demand_total: 9758640.0
ci_emission_rate_local: 5.873873639619176e-10
ci_emission_rate_myopic: 1.4362833854770853e-10
ci_emission_rate_true: 6.080731634164637e-10
ci_emissions: 0.005933967095442439
ci_fraction_clean: 1.1999999937962758
ci_fraction_clean_excess: 0.19999999379627567
ci_fraction_clean_used: 1.0000000053722256
ci_fraction_clean_used_grid: 5.372225630675551e-09
ci_fraction_clean_used_local: 1.0
ci_generation_H2_Fuel_Cell: 615.6121819044615
ci_generation_adv_geothermal: 7290247.627743766
ci_generation_allam_ccs: 363083.3493571875
ci_generation_battery_discharger: 46737.1401800886
ci_generation_onwind: 3417940.6753287176
ci_generation_solar: 642265.6988659143
ci_marginal_cost_adv_geothermal: 0.0
ci_marginal_cost_allam_ccs: 30074059.35194126
ci_marginal_cost_grid: 5.603244430821722
ci_marginal_cost_onwind: 51269.110129930676
ci_marginal_cost_solar: 6422.656988659147
ci_revenue_grid: 218451336.02219146
ci_total_cost: 993663344.391465
co2_price: 80.0
emissions: 509068695.9038147
emissions_zone: 77.95253753123879
objective: 142108205048.44086
system_emission_rate: 0.15884748452530942
system_emissions: 169689565.30127168
system_grid_cfe_wavg: 0.620377851287531
system_inv_H2_Electrolysis-2025: 107.99388920252937
system_inv_H2_Fuel_Cell-2025: 22.470538645040214
system_inv_OCGT-2025: 16996.606468678812
system_inv_battery_charger-2025: 1715.889668773986
system_inv_battery_discharger-2025: 1751.272375855776
system_inv_offwind-ac-2025: 542.3286512776043
system_inv_offwind-dc-2025: 34749.61705015514
system_inv_onwind-2025: 110028.02319961786
system_inv_solar-2025: 189006.27035896882
system_inv_solar_rooftop-2025: 0.0
zone_average_marginal_price: 115.10323725884213
