ci_average cost: 86.86922614818985
ci_average_revenue: 22.259278033404456
ci_cap_H2_Electrolysis: 0.001744759845678158
ci_cap_H2_Fuel_Cell: 0.0005745456418070163
ci_cap_adv_geothermal: 0.000746746028388002
ci_cap_allam_ccs: 0.0009000291481441641
ci_cap_battery_charger: 0.01188466012806238
ci_cap_battery_discharger: 0.012129729176341178
ci_cap_onwind: 3139.006716872614
ci_cap_solar: 2194.8641622998234
ci_capital_cost_adv_geothermal: 601.7757676399522
ci_capital_cost_allam_ccs: 229.8840712960935
ci_capital_cost_battery_inverter: 377.82488711768167
ci_capital_cost_battery_storage: 672.6615070167305
ci_capital_cost_grid: 0.0
ci_capital_cost_hydrogen_electrolysis: 147.37563777452166
ci_capital_cost_hydrogen_fuel_cell: 132.6355869284697
ci_capital_cost_hydrogen_storage: 189.85299631923533
ci_capital_cost_onwind: 360298433.83516836
ci_capital_cost_solar: 121378618.20114817
ci_clean_excess_total: 1951726.8447059467
ci_clean_total: 8589456.996046953
ci_clean_used_grid_total: 1704101.644198582
ci_clean_used_local_total: 6637730.151341006
ci_clean_used_total: 8341831.795539588
ci_cost_adv_geothermal: 601.7757676399522
ci_cost_allam_ccs: 586.9143560955144
ci_cost_battery_inverter: 377.82488711768167
ci_cost_battery_storage: 672.6615070167305
ci_cost_grid: 365927222.97049356
ci_cost_hydrogen_electrolysis: 147.37563777452166
ci_cost_hydrogen_fuel_cell: 132.6355869284697
ci_cost_hydrogen_storage: 189.85299631923533
ci_cost_onwind: 360396313.28584844
ci_cost_solar: 121399259.76169033
ci_demand_total: 9758640.0
ci_emission_rate_local: 0.2172831856635727
ci_emission_rate_myopic: 0.058796765331085334
ci_emission_rate_true: 0.20568204954807326
ci_emissions: 2007177.0760018097
ci_fraction_clean: 0.8801899645900405
ci_fraction_clean_excess: 0.19999988161321114
ci_fraction_clean_used: 0.8548149942553048
ci_fraction_clean_used_grid: 0.1746249112784755
ci_fraction_clean_used_local: 0.6801900829768294
ci_generation_H2_Fuel_Cell: 2.172137315919061
ci_generation_adv_geothermal: 5.58255224848746
ci_generation_allam_ccs: 4.310417496684121
ci_generation_battery_discharger: 32.43108280997511
ci_generation_onwind: 6525296.712003519
ci_generation_solar: 2064156.054216526
ci_marginal_cost_adv_geothermal: 0.0
ci_marginal_cost_allam_ccs: 357.030284799421
ci_marginal_cost_grid: 365927222.97049356
ci_marginal_cost_onwind: 97879.45068005261
ci_marginal_cost_solar: 20641.560542165276
ci_revenue_grid: 217220280.98790208
ci_total_cost: 847725505.0587714
co2_price: 80.0
emissions: 512248140.6468246
emissions_zone: 79.32470758419508
objective: 141962472529.45776
system_emission_rate: 0.15983958402716097
system_emissions: 170749380.21560842
system_grid_cfe_wavg: 0.6179646236677466
system_inv_H2_Electrolysis-2025: 107.71931416316234
system_inv_H2_Fuel_Cell-2025: 22.426961604207065
system_inv_OCGT-2025: 17001.41886211927
system_inv_battery_charger-2025: 1714.9800264874887
system_inv_battery_discharger-2025: 1750.3439761822756
system_inv_offwind-ac-2025: 542.057310050073
system_inv_offwind-dc-2025: 34700.62151225042
system_inv_onwind-2025: 110072.33748656441
system_inv_solar-2025: 188914.6082053491
system_inv_solar_rooftop-2025: 0.0
zone_average_marginal_price: 115.2479019829777
