ci_average cost: 86.86925944832852
ci_average_revenue: 22.259278983051395
ci_cap_H2_Electrolysis: 0.0023467985465569956
ci_cap_H2_Fuel_Cell: 0.0007643406148278713
ci_cap_adv_geothermal: 0.0008988478906383048
ci_cap_allam_ccs: 0.0011387342490624397
ci_cap_battery_charger: 0.015960035451189583
ci_cap_battery_discharger: 0.016289141261231505
ci_cap_onwind: 3139.0093570531462
ci_cap_solar: 2194.865949071897
ci_capital_cost_adv_geothermal: 724.3491881008956
ci_capital_cost_allam_ccs: 290.85376383481605
ci_capital_cost_battery_inverter: 507.38502639225413
ci_capital_cost_battery_storage: 907.8856007864982
ci_capital_cost_grid: 0.0
ci_capital_cost_hydrogen_electrolysis: 198.22838849935107
ci_capital_cost_hydrogen_fuel_cell: 176.45032645642127
ci_capital_cost_hydrogen_storage: 209.3636605645351
ci_capital_cost_onwind: 360298736.8778174
ci_capital_cost_solar: 121378717.01178485
ci_clean_excess_total: 1951726.539978887
ci_clean_total: 8589464.181054331
ci_clean_used_grid_total: 1696818.9365697699
ci_clean_used_local_total: 6637737.641075444
ci_clean_used_total: 8334556.577645214
ci_cost_adv_geothermal: 724.3491881008956
ci_cost_allam_ccs: 741.9604106041397
ci_cost_battery_inverter: 507.38502639225413
ci_cost_battery_storage: 907.8856007864982
ci_cost_grid: 365926389.38512635
ci_cost_hydrogen_electrolysis: 198.22838849935107
ci_cost_hydrogen_fuel_cell: 176.45032645642127
ci_cost_hydrogen_storage: 209.3636605645351
ci_cost_onwind: 360396616.458454
ci_cost_solar: 121399358.55665486
ci_demand_total: 9758640.0
ci_emission_rate_local: 0.21723905725084466
ci_emission_rate_myopic: 0.05879387711650539
ci_emission_rate_true: 0.20564967571973472
ci_emissions: 2006861.1514656323
ci_fraction_clean: 0.8801907008614245
ci_fraction_clean_excess: 0.1999998503868251
ci_fraction_clean_used: 0.8540694787024846
ci_fraction_clean_used_grid: 0.17387862822788522
ci_fraction_clean_used_local: 0.6801908504745994
ci_generation_H2_Fuel_Cell: 2.9990435505599096
ci_generation_adv_geothermal: 6.653389268528489
ci_generation_allam_ccs: 5.446199008572591
ci_generation_battery_discharger: 43.87183282931952
ci_generation_onwind: 6525305.3757759165
ci_generation_solar: 2064154.4869997492
ci_marginal_cost_adv_geothermal: 0.0
ci_marginal_cost_allam_ccs: 451.10664676932373
ci_marginal_cost_grid: 365926389.38512635
ci_marginal_cost_onwind: 97879.58063663858
ci_marginal_cost_solar: 20641.544869997506
ci_revenue_grid: 217220290.25516468
ci_total_cost: 847725830.0228366
co2_price: 80.0
emissions: 512248203.75387686
emissions_zone: 79.31281488748675
objective: 141962479567.5466
system_emission_rate: 0.15983960371879882
system_emissions: 170749401.2512923
system_grid_cfe_wavg: 0.6168249467561664
system_inv_H2_Electrolysis-2025: 107.71287280709556
system_inv_H2_Fuel_Cell-2025: 22.431999301566094
system_inv_OCGT-2025: 17001.38512396536
system_inv_battery_charger-2025: 1715.0919883749953
system_inv_battery_discharger-2025: 1750.4582467932048
system_inv_offwind-ac-2025: 542.070432495985
system_inv_offwind-dc-2025: 34700.57913618141
system_inv_onwind-2025: 110072.15195575065
system_inv_solar-2025: 188915.04198444515
system_inv_solar_rooftop-2025: 0.0
zone_average_marginal_price: 115.24793019421007
