ci_average cost: 91.53073728447184
ci_average_revenue: 22.24623586857376
ci_cap_H2_Electrolysis: 0.002378232743746575
ci_cap_H2_Fuel_Cell: 0.0009096233519370316
ci_cap_adv_geothermal: 0.007286071432362586
ci_cap_allam_ccs: 437.488967074616
ci_cap_battery_charger: 65.3278304944109
ci_cap_battery_discharger: 66.67493079621768
ci_cap_onwind: 3212.7195893574135
ci_cap_solar: 2127.4430916295432
ci_capital_cost_adv_geothermal: 5871.582924591512
ci_capital_cost_allam_ccs: 111742764.22670484
ci_capital_cost_battery_inverter: 2076835.1737642798
ci_capital_cost_battery_storage: 6562957.585881385
ci_capital_cost_grid: 0.0
ci_capital_cost_hydrogen_electrolysis: 200.88355899185154
ci_capital_cost_hydrogen_fuel_cell: 209.98928264176905
ci_capital_cost_hydrogen_storage: 220.13462057820507
ci_capital_cost_onwind: 368759273.49091303
ci_capital_cost_solar: 117650152.20486265
ci_clean_excess_total: 1951726.7395795018
ci_clean_total: 10699503.668744888
ci_clean_used_grid_total: 522932.3207908744
ci_clean_used_local_total: 8747776.929165388
ci_clean_used_total: 9270709.249956261
ci_cost_adv_geothermal: 5871.582924591512
ci_cost_allam_ccs: 279067061.138541
ci_cost_battery_inverter: 2076835.1737642798
ci_cost_battery_storage: 6562957.585881385
ci_cost_grid: 118972461.79544276
ci_cost_hydrogen_electrolysis: 200.88355899185154
ci_cost_hydrogen_fuel_cell: 209.98928264176905
ci_cost_hydrogen_storage: 220.13462057820507
ci_cost_onwind: 368859536.14341515
ci_cost_solar: 117670159.66630718
ci_demand_total: 9758640.0
ci_emission_rate_local: 0.07299092829292331
ci_emission_rate_myopic: 0.020112431721234298
ci_emission_rate_true: 0.07006660886398412
ci_emissions: 683754.8119244301
ci_fraction_clean: 1.0964134007141249
ci_fraction_clean_excess: 0.1999998708405579
ci_fraction_clean_used: 0.9500001280871373
ci_fraction_clean_used_grid: 0.053586598213570175
ci_fraction_clean_used_local: 0.8964135298735671
ci_generation_H2_Fuel_Cell: 3.1372579461718284
ci_generation_adv_geothermal: 62.31742152149309
ci_generation_allam_ccs: 2020101.9569931931
ci_generation_battery_discharger: 133856.89315465343
ci_generation_onwind: 6684176.833472937
ci_generation_solar: 2000746.144452438
ci_marginal_cost_adv_geothermal: 0.0
ci_marginal_cost_allam_ccs: 167324296.91183618
ci_marginal_cost_grid: 118972461.79544276
ci_marginal_cost_onwind: 100262.6525020939
ci_marginal_cost_solar: 20007.461444524393
ci_revenue_grid: 217093007.19649863
ci_total_cost: 893215514.0937383
co2_price: 80.0
emissions: 510126220.55189884
emissions_zone: 78.35316695956055
objective: 142008311668.76562
system_emission_rate: 0.15917746971497693
system_emissions: 170042073.5172996
system_grid_cfe_wavg: 0.6200844157414476
system_inv_H2_Electrolysis-2025: 107.6225830552715
system_inv_H2_Fuel_Cell-2025: 22.411041862831663
system_inv_OCGT-2025: 16997.95789399303
system_inv_battery_charger-2025: 1715.0607398306624
system_inv_battery_discharger-2025: 1750.4263538845455
system_inv_offwind-ac-2025: 542.0667684032546
system_inv_offwind-dc-2025: 34735.37658720269
system_inv_onwind-2025: 110046.77324915671
system_inv_solar-2025: 188961.5817654557
system_inv_solar_rooftop-2025: 0.0
zone_average_marginal_price: 115.15746787287617
