ci_average cost: 94.8749957373441
ci_average_revenue: 22.23813373233839
ci_cap_H2_Electrolysis: 0.0027024495276473932
ci_cap_H2_Fuel_Cell: 0.0013188988154466228
ci_cap_adv_geothermal: 156.25253507146138
ci_cap_allam_ccs: 509.73678122277744
ci_cap_battery_charger: 96.68039850001736
ci_cap_battery_discharger: 98.67400816090019
ci_cap_onwind: 2934.0908239471287
ci_cap_solar: 1912.1968609400403
ci_capital_cost_adv_geothermal: 125918298.40902838
ci_capital_cost_allam_ccs: 130196190.64391519
ci_capital_cost_battery_inverter: 3073563.7583366833
ci_capital_cost_battery_storage: 9783484.560764983
ci_capital_cost_grid: 0.0
ci_capital_cost_hydrogen_electrolysis: 228.2693653668346
ci_capital_cost_hydrogen_fuel_cell: 304.4717525588408
ci_capital_cost_hydrogen_storage: 268.0056844425807
ci_capital_cost_onwind: 336777975.9488772
ci_capital_cost_solar: 105746777.7259966
ci_clean_excess_total: 1951726.5851789154
ci_clean_total: 11322595.720930971
ci_clean_used_grid_total: 192599.45685118568
ci_clean_used_local_total: 9370869.135752056
ci_clean_used_total: 9563468.592603242
ci_cost_adv_geothermal: 125918298.40902838
ci_cost_allam_ccs: 298674067.0183927
ci_cost_battery_inverter: 3073563.7583366833
ci_cost_battery_storage: 9783484.560764983
ci_cost_grid: 45766043.13419839
ci_cost_hydrogen_electrolysis: 228.2693653668346
ci_cost_hydrogen_fuel_cell: 304.4717525588408
ci_cost_hydrogen_storage: 268.0056844425807
ci_cost_onwind: 336869909.83803636
ci_cost_solar: 105764760.9367157
ci_demand_total: 9758640.0
ci_emission_rate_local: 0.028881231207677265
ci_emission_rate_myopic: 0.00800972091800228
ci_emission_rate_true: 0.027762709486961537
ci_emissions: 270926.28730784234
ci_fraction_clean: 1.1602636966760707
ci_fraction_clean_excess: 0.19999985501862097
ci_fraction_clean_used: 0.9800001427046435
ci_fraction_clean_used_grid: 0.019736301047193632
ci_fraction_clean_used_local: 0.9602638416574498
ci_generation_H2_Fuel_Cell: 3.5687661687566017
ci_generation_adv_geothermal: 1368765.08479544
ci_generation_allam_ccs: 2034029.0923407678
ci_generation_battery_discharger: 178521.77600677643
ci_generation_onwind: 6128925.943941235
ci_generation_solar: 1798321.0719112894
ci_marginal_cost_adv_geothermal: 0.0
ci_marginal_cost_allam_ccs: 168477876.3744775
ci_marginal_cost_grid: 45766043.13419839
ci_marginal_cost_onwind: 91933.88915911836
ci_marginal_cost_solar: 17983.210719112907
ci_revenue_grid: 217013941.3657467
ci_total_cost: 925850928.4022756
co2_price: 80.0
emissions: 509489676.48856413
emissions_zone: 78.08814537694909
objective: 142041252921.77917
system_emission_rate: 0.15897884539558
system_emissions: 169829892.1628548
system_grid_cfe_wavg: 0.6203974764315073
system_inv_H2_Electrolysis-2025: 104.69483557685959
system_inv_H2_Fuel_Cell-2025: 21.822582476633222
system_inv_OCGT-2025: 16998.457187856002
system_inv_battery_charger-2025: 1715.1197758389787
system_inv_battery_discharger-2025: 1750.4866072518955
system_inv_offwind-ac-2025: 542.0719722065686
system_inv_offwind-dc-2025: 34742.68202447992
system_inv_onwind-2025: 110038.59853359814
system_inv_solar-2025: 188981.15391278538
system_inv_solar_rooftop-2025: 0.0
zone_average_marginal_price: 115.1347698747042
