ci_average cost: 88.55919956739912
ci_average_revenue: 22.300708052105705
ci_cap_H2_Electrolysis: 0.0015843074753217655
ci_cap_H2_Fuel_Cell: 0.0005302739172441281
ci_cap_adv_geothermal: 0.001403149521624329
ci_cap_allam_ccs: 196.63807625196245
ci_cap_battery_charger: 2.83592281801225
ci_cap_battery_discharger: 2.894401301916164
ci_cap_onwind: 3185.7164676103953
ci_cap_solar: 2132.3425754147484
ci_capital_cost_adv_geothermal: 1130.7477353604081
ci_capital_cost_allam_ccs: 50224997.305745214
ci_capital_cost_battery_inverter: 90156.74045738365
ci_capital_cost_battery_storage: 284864.6421296839
ci_capital_cost_grid: 0.0
ci_capital_cost_hydrogen_electrolysis: 133.82261471964046
ci_capital_cost_hydrogen_fuel_cell: 122.41532635305911
ci_capital_cost_hydrogen_storage: 120.69268116975717
ci_capital_cost_onwind: 365659827.28016895
ci_capital_cost_solar: 117921099.52905788
ci_clean_excess_total: 1951727.2646073846
ci_clean_total: 9612386.878150169
ci_clean_used_grid_total: 1122117.117369096
ci_clean_used_local_total: 7660659.613542786
ci_clean_used_total: 8782776.730911883
ci_cost_adv_geothermal: 1130.7477353604081
ci_cost_allam_ccs: 133804005.8103747
ci_cost_battery_inverter: 90156.74045738365
ci_cost_battery_storage: 284864.6421296839
ci_cost_grid: 246336858.54822966
ci_cost_hydrogen_electrolysis: 133.82261471964046
ci_cost_hydrogen_fuel_cell: 122.41532635305911
ci_cost_hydrogen_storage: 120.69268116975717
ci_cost_onwind: 365758800.79460406
ci_cost_solar: 117941153.05225067
ci_demand_total: 9758640.0
ci_emission_rate_local: 0.1479228486003821
ci_emission_rate_myopic: 0.040356103582902945
ci_emission_rate_true: 0.14108246468677219
ci_emissions: 1376772.9831909223
ci_fraction_clean: 0.9850129606328514
ci_fraction_clean_excess: 0.19999992464189523
ci_fraction_clean_used: 0.9000000748989493
ci_fraction_clean_used_grid: 0.11498703890799292
ci_fraction_clean_used_local: 0.7850130359909563
ci_generation_H2_Fuel_Cell: 2.1639291185231926
ci_generation_adv_geothermal: 11.475858796548028
ci_generation_allam_ccs: 1009047.231991145
ci_generation_battery_discharger: 6099.594239968139
ci_generation_onwind: 6598234.295673863
ci_generation_solar: 2005352.3192788754
ci_marginal_cost_adv_geothermal: 0.0
ci_marginal_cost_allam_ccs: 83579008.5046295
ci_marginal_cost_grid: 246336858.54822966
ci_marginal_cost_onwind: 98973.51443510778
ci_marginal_cost_solar: 20053.52319278877
ci_revenue_grid: 217624581.6256008
ci_total_cost: 864217347.2664038
co2_price: 80.0
emissions: 511209830.48416454
emissions_zone: 78.87292713919547
objective: 141978711216.95782
system_emission_rate: 0.15951559443828456
system_emissions: 170403276.82805485
system_grid_cfe_wavg: 0.6189814116189258
system_inv_H2_Electrolysis-2025: 107.68285426723281
system_inv_H2_Fuel_Cell-2025: 22.420412778481378
system_inv_OCGT-2025: 16999.93219432764
system_inv_battery_charger-2025: 1714.9021664820864
system_inv_battery_discharger-2025: 1750.2645106553678
system_inv_offwind-ac-2025: 542.0407561938887
system_inv_offwind-dc-2025: 34715.29083148292
system_inv_onwind-2025: 110066.08404608886
system_inv_solar-2025: 188924.76714414233
system_inv_solar_rooftop-2025: 0.0
zone_average_marginal_price: 115.19563362743719
