ci_average cost: 96.64467293441194
ci_average_revenue: 22.2040069123194
ci_cap_H2_Electrolysis: 0.001915698207125982
ci_cap_H2_Fuel_Cell: 0.0011767806663363297
ci_cap_adv_geothermal: 370.684282746023
ci_cap_allam_ccs: 427.75420561630716
ci_cap_battery_charger: 84.84868788008367
ci_cap_battery_discharger: 86.59832034432033
ci_cap_onwind: 2534.754983046213
ci_cap_solar: 1552.28894311654
ci_capital_cost_adv_geothermal: 298721131.8459784
ci_capital_cost_allam_ccs: 109256326.31328085
ci_capital_cost_battery_inverter: 2697422.1875036987
ci_capital_cost_battery_storage: 8879025.323671209
ci_capital_cost_grid: 0.0
ci_capital_cost_hydrogen_electrolysis: 161.81438709633048
ci_capital_cost_hydrogen_fuel_cell: 271.6633510171527
ci_capital_cost_hydrogen_storage: 182.43276706923913
ci_capital_cost_onwind: 290941795.58090484
ci_capital_cost_solar: 85843438.60577756
ci_clean_excess_total: 1951727.080923215
ci_clean_total: 11519745.403633893
ci_clean_used_grid_total: 93036.1801103452
ci_clean_used_local_total: 9568018.322710678
ci_clean_used_total: 9661054.502821023
ci_cost_adv_geothermal: 298721131.8459784
ci_cost_allam_ccs: 233421811.88831723
ci_cost_battery_inverter: 2697422.1875036987
ci_cost_battery_storage: 8879025.323671209
ci_cost_grid: 22520929.93584255
ci_cost_hydrogen_electrolysis: 161.81438709633048
ci_cost_hydrogen_fuel_cell: 271.6633510171527
ci_cost_hydrogen_storage: 182.43276706923913
ci_cost_onwind: 291021596.8916222
ci_cost_solar: 85858037.10122928
ci_demand_total: 9758640.0
ci_emission_rate_local: 0.01441681932728791
ci_emission_rate_myopic: 0.004006007240170732
ci_emission_rate_true: 0.01387273738599207
ci_emissions: 135379.04996443767
ci_fraction_clean: 1.1804662743613754
ci_fraction_clean_excess: 0.19999990581917307
ci_fraction_clean_used: 0.9900000925150454
ci_fraction_clean_used_grid: 0.00953372397284306
ci_fraction_clean_used_local: 0.9804663685422024
ci_generation_H2_Fuel_Cell: 2.6564482154394007
ci_generation_adv_geothermal: 3247192.448260919
ci_generation_allam_ccs: 1499046.7315891534
ci_generation_battery_discharger: 154210.70818168495
ci_generation_onwind: 5320087.381157361
ci_generation_solar: 1459849.5451720818
ci_marginal_cost_adv_geothermal: 0.0
ci_marginal_cost_allam_ccs: 124165485.57503639
ci_marginal_cost_grid: 22520929.93584255
ci_marginal_cost_onwind: 79801.31071736028
ci_marginal_cost_solar: 14598.495451720828
ci_revenue_grid: 216680910.01483658
ci_total_cost: 943120571.0846697
co2_price: 80.0
emissions: 509291901.5527652
emissions_zone: 78.09896651865579
objective: 142058870500.5424
system_emission_rate: 0.15891713260257867
system_emissions: 169763967.18425527
system_grid_cfe_wavg: 0.6205166005303161
system_inv_H2_Electrolysis-2025: 105.50502267809536
system_inv_H2_Fuel_Cell-2025: 21.98238568455149
system_inv_OCGT-2025: 16997.37217089414
system_inv_battery_charger-2025: 1715.0545623253397
system_inv_battery_discharger-2025: 1750.4200489952395
system_inv_offwind-ac-2025: 542.0602181195777
system_inv_offwind-dc-2025: 34745.579606411244
system_inv_onwind-2025: 110031.26196673654
system_inv_solar-2025: 189003.7814075432
system_inv_solar_rooftop-2025: 0.0
zone_average_marginal_price: 115.1186284287474
