ci_average cost: 115.97699236037107
ci_average_revenue: 0.0
ci_cap_H2_Electrolysis: 0.0
ci_cap_H2_Fuel_Cell: 0.0
ci_cap_adv_geothermal: 0.0
ci_cap_allam_ccs: 0.0
ci_cap_battery_charger: 0.0
ci_cap_battery_discharger: 0.0
ci_cap_onwind: 0.0
ci_cap_solar: 0.0
ci_capital_cost_adv_geothermal: 0.0
ci_capital_cost_allam_ccs: 0.0
ci_capital_cost_battery_inverter: 0.0
ci_capital_cost_battery_storage: 0.0
ci_capital_cost_grid: 0.0
ci_capital_cost_hydrogen_electrolysis: 0.0
ci_capital_cost_hydrogen_fuel_cell: 0.0
ci_capital_cost_hydrogen_storage: 0.0
ci_capital_cost_onwind: 0.0
ci_capital_cost_solar: 0.0
ci_clean_excess_total: 0.0
ci_clean_total: 0.0
ci_clean_used_grid_total: 5950504.011104014
ci_clean_used_local_total: 0.0
ci_clean_used_total: 5950504.011104014
ci_cost_adv_geothermal: 0.0
ci_cost_allam_ccs: 0.0
ci_cost_battery_inverter: 0.0
ci_cost_battery_storage: 0.0
ci_cost_grid: 1131777716.7276115
ci_cost_hydrogen_electrolysis: 0.0
ci_cost_hydrogen_fuel_cell: 0.0
ci_cost_hydrogen_storage: 0.0
ci_cost_onwind: 0.0
ci_cost_solar: 0.0
ci_demand_total: 9758640.0
ci_emission_rate_local: 0.597107847875727
ci_emission_rate_myopic: 0.1585425175440338
ci_emission_rate_true: 0.549998355191911
ci_emissions: 5367235.9489099905
ci_fraction_clean: 0.0
ci_fraction_clean_excess: 0.0
ci_fraction_clean_used: 0.6097677556610361
ci_fraction_clean_used_grid: 0.6097677556610361
ci_fraction_clean_used_local: 0.0
ci_generation_H2_Fuel_Cell: -0.0
ci_generation_adv_geothermal: 0.0
ci_generation_allam_ccs: 0.0
ci_generation_battery_discharger: -0.0
ci_generation_onwind: 0.0
ci_generation_solar: 0.0
ci_marginal_cost_adv_geothermal: 0.0
ci_marginal_cost_allam_ccs: 0.0
ci_marginal_cost_grid: 1131777716.7276115
ci_marginal_cost_onwind: 0.0
ci_marginal_cost_solar: 0.0
ci_revenue_grid: 0.0
ci_total_cost: 1131777716.7276115
co2_price: 80.0
emissions: 520754559.38287085
emissions_zone: 83.8064906530748
objective: 142462365160.8412
system_emission_rate: 0.16249388830753106
system_emissions: 173584853.12762386
system_grid_cfe_wavg: 0.5887219187038667
system_inv_H2_Electrolysis-2025: 109.12509780940356
system_inv_H2_Fuel_Cell-2025: 22.73068164887595
system_inv_OCGT-2025: 17010.80920486003
system_inv_battery_charger-2025: 1716.4964487222762
system_inv_battery_discharger-2025: 1751.8916679821882
system_inv_offwind-ac-2025: 542.6603719261955
system_inv_offwind-dc-2025: 34590.561179644574
system_inv_onwind-2025: 110110.3137115451
system_inv_solar-2025: 188892.28280138568
system_inv_solar_rooftop-2025: 0.0
zone_average_marginal_price: 115.97699236037107
