ci_average cost: 99.24091324355278
ci_average_revenue: 23.538154725909944
ci_cap_H2_Electrolysis: 0.0
ci_cap_H2_Fuel_Cell: 0.0
ci_cap_adv_geothermal: 0.0
ci_cap_allam_ccs: 0.0
ci_cap_battery_charger: 0.0
ci_cap_battery_discharger: 0.0
ci_cap_onwind: 5128.92721923033
ci_cap_solar: 2709.4405232190106
ci_capital_cost_adv_geothermal: 0.0
ci_capital_cost_allam_ccs: 0.0
ci_capital_cost_battery_inverter: 0.0
ci_capital_cost_battery_storage: 0.0
ci_capital_cost_grid: 0.0
ci_capital_cost_hydrogen_electrolysis: 0.0
ci_capital_cost_hydrogen_fuel_cell: 0.0
ci_capital_cost_hydrogen_storage: 0.0
ci_capital_cost_onwind: 588703564.8602741
ci_capital_cost_solar: 149835307.55813366
ci_clean_excess_total: 1951727.7432349536
ci_clean_total: 9758640.00000488
ci_clean_used_grid_total: 998320.2420628285
ci_clean_used_local_total: 7806912.256769927
ci_clean_used_total: 8805232.498832755
ci_cost_adv_geothermal: 0.0
ci_cost_allam_ccs: 0.0
ci_cost_battery_inverter: 0.0
ci_cost_battery_storage: 0.0
ci_cost_grid: 229783010.131024
ci_cost_hydrogen_electrolysis: 0.0
ci_cost_hydrogen_fuel_cell: 0.0
ci_cost_hydrogen_storage: 0.0
ci_cost_onwind: 588814194.8571705
ci_cost_solar: 149859140.62686947
ci_demand_total: 9758640.0
ci_emission_rate_local: 0.14083170313713872
ci_emission_rate_myopic: 0.038392692130633094
ci_emission_rate_true: 0.1339614107915367
ci_emissions: 1307281.1818067215
ci_fraction_clean: 1.0000000000005
ci_fraction_clean_excess: 0.19999997368843953
ci_fraction_clean_used: 0.9023011914398681
ci_fraction_clean_used_grid: 0.10230116512780761
ci_fraction_clean_used_local: 0.8000000263120606
ci_generation_H2_Fuel_Cell: -0.0
ci_generation_adv_geothermal: 0.0
ci_generation_allam_ccs: 0.0
ci_generation_battery_discharger: -0.0
ci_generation_onwind: 7375333.126423783
ci_generation_solar: 2383306.873581097
ci_marginal_cost_adv_geothermal: 0.0
ci_marginal_cost_allam_ccs: 0.0
ci_marginal_cost_grid: 229783010.131024
ci_marginal_cost_onwind: 110629.99689635656
ci_marginal_cost_solar: 23833.068735810986
ci_revenue_grid: 229700378.23445383
ci_total_cost: 968456345.6150639
co2_price: 80.0
emissions: 510916182.23686737
emissions_zone: 79.27370605922601
objective: 142070868120.92975
system_emission_rate: 0.15942396577246057
system_emissions: 170305394.07895577
system_grid_cfe_wavg: 0.6178144067104032
system_inv_H2_Electrolysis-2025: 104.18353050223219
system_inv_H2_Fuel_Cell-2025: 21.709602301533177
system_inv_OCGT-2025: 16998.87841167496
system_inv_battery_charger-2025: 1714.92397992904
system_inv_battery_discharger-2025: 1750.2867739090998
system_inv_offwind-ac-2025: 542.040672899178
system_inv_offwind-dc-2025: 34766.454289009445
system_inv_onwind-2025: 110044.66602506595
system_inv_solar-2025: 188963.72410381335
system_inv_solar_rooftop-2025: 0.0
zone_average_marginal_price: 115.25977738526102
