ci_average cost: 127.46237804741682
ci_average_revenue: 19.147251505073672
ci_cap_H2_Electrolysis: 6775.025393779271
ci_cap_H2_Fuel_Cell: 7307.185515807904
ci_cap_battery_charger: 3060.532418786006
ci_cap_battery_discharger: 3123.642491688072
ci_cap_onwind: 45764.618394124016
ci_cap_solar: 36758.370631076185
ci_capital_cost_battery_inverter: 97297297.7929284
ci_capital_cost_battery_storage: 451106502.1152447
ci_capital_cost_grid: 0.0
ci_capital_cost_hydrogen_electrolysis: 572269983.6427691
ci_capital_cost_hydrogen_fuel_cell: 1686885721.7960334
ci_capital_cost_hydrogen_storage: 626949055.7264396
ci_capital_cost_onwind: 5252910178.190029
ci_capital_cost_solar: 2032781942.1183014
ci_clean_excess_total: 16823579.374114484
ci_clean_total: 100941479.28226048
ci_clean_used_grid_total: 0.08332659029969475
ci_clean_used_local_total: 84117899.908146
ci_clean_used_total: 84117899.99147259
ci_cost_battery_inverter: 97297297.7929284
ci_cost_battery_storage: 451106502.1152447
ci_cost_grid: 7.199208451952174
ci_cost_hydrogen_electrolysis: 572269983.6427691
ci_cost_hydrogen_fuel_cell: 1686885721.7960334
ci_cost_hydrogen_storage: 626949055.7264396
ci_cost_onwind: 5254229963.804078
ci_cost_solar: 2033129038.2781005
ci_demand_total: 84117900.0
ci_emission_rate_local: 8.95479837800956e-12
ci_emission_rate_myopic: 4.922658850561065e-11
ci_emission_rate_true: 1.0748169136135133e-11
ci_emissions: 0.0009041134165765016
ci_fraction_clean: 1.199999991467458
ci_fraction_clean_excess: 0.19999999255942533
ci_fraction_clean_used: 0.9999999998986254
ci_fraction_clean_used_grid: 9.90592850031857e-10
ci_fraction_clean_used_local: 0.9999999989080326
ci_generation_H2_Fuel_Cell: 10831978.99584927
ci_generation_battery_discharger: 6037399.1516413875
ci_generation_onwind: 87985707.60326573
ci_generation_solar: 34709615.9799164
ci_marginal_cost_grid: 7.199208451952174
ci_marginal_cost_onwind: 1319785.6140489895
ci_marginal_cost_solar: 347096.15979916236
ci_revenue_grid: 1610626587.3786366
ci_total_cost: 10721867570.354803
co2_price: 80.0
emissions: 496472010.6486287
emissions_zone: 100.39625250689105
objective: 146529270713.0709
system_emission_rate: 0.15859674894172898
system_emissions: 165490670.2162094
system_grid_cfe_wavg: 0.6811359415204188
system_inv_H2_Electrolysis-2025: 99.3058118073534
system_inv_H2_Fuel_Cell-2025: 20.76886741358979
system_inv_OCGT-2025: 16924.370964806032
system_inv_battery_charger-2025: 1715.9668796501167
system_inv_battery_discharger-2025: 1751.3511788679648
system_inv_offwind-ac-2025: 542.064061525726
system_inv_offwind-dc-2025: 15732.111623508243
system_inv_onwind-2025: 114407.51749038268
system_inv_solar-2025: 189270.89606790125
system_inv_solar_rooftop-2025: 0.0
zone_average_marginal_price: 107.39424527388348
