ci_average cost: 89.0944854286895
ci_average_revenue: 18.921614114082566
ci_cap_H2_Electrolysis: 0.002043001547305742
ci_cap_H2_Fuel_Cell: 0.0005915749796557431
ci_cap_battery_charger: 0.014342287140168549
ci_cap_battery_discharger: 0.014638033978673672
ci_cap_onwind: 29073.443093304468
ci_cap_solar: 19405.187313263494
ci_capital_cost_battery_inverter: 455.9552365278305
ci_capital_cost_battery_storage: 1247.7332242524965
ci_capital_cost_grid: 0.0
ci_capital_cost_hydrogen_electrolysis: 172.56739187019195
ci_capital_cost_hydrogen_fuel_cell: 136.5668607145961
ci_capital_cost_hydrogen_storage: 182.27922850487732
ci_capital_cost_onwind: 3337079833.6965103
ci_capital_cost_solar: 1073130110.9542761
ci_clean_excess_total: 16823578.555392995
ci_clean_total: 74308403.78368771
ci_clean_used_grid_total: 14015391.27363547
ci_clean_used_local_total: 57484825.228294715
ci_clean_used_total: 71500216.50193018
ci_cost_battery_inverter: 455.9552365278305
ci_cost_battery_storage: 1247.7332242524965
ci_cost_grid: 3083205845.400471
ci_cost_hydrogen_electrolysis: 172.56739187019195
ci_cost_hydrogen_fuel_cell: 136.5668607145961
ci_cost_hydrogen_storage: 182.27922850487732
ci_cost_onwind: 3337919673.4590907
ci_cost_solar: 1073313301.8804568
ci_demand_total: 84117900.0
ci_emission_rate_local: 0.12005651415775608
ci_emission_rate_myopic: 0.06647914189377595
ci_emission_rate_true: 0.11616098552763278
ci_emissions: 9771218.164514862
ci_fraction_clean: 0.8833839620780798
ci_fraction_clean_excess: 0.19999998282640194
ci_fraction_clean_used: 0.8500000178550603
ci_fraction_clean_used_grid: 0.1666160386033825
ci_fraction_clean_used_local: 0.6833839792516779
ci_generation_H2_Fuel_Cell: 2.310714083918218
ci_generation_battery_discharger: 42.06824909759784
ci_generation_onwind: 55989317.50537061
ci_generation_solar: 18319092.61807034
ci_marginal_cost_grid: 3083205845.400471
ci_marginal_cost_onwind: 839839.7625805615
ci_marginal_cost_solar: 183190.92618070252
ci_revenue_grid: 1591646443.8869858
ci_total_cost: 7494441015.84196
co2_price: 80.0
emissions: 522772373.1183324
emissions_zone: 112.10068014183128
objective: 143308366916.62222
system_emission_rate: 0.16699833431657135
system_emissions: 174257457.70611072
system_grid_cfe_wavg: 0.6830554344664701
system_inv_H2_Electrolysis-2025: 96.27601791851882
system_inv_H2_Fuel_Cell-2025: 19.9552043171741
system_inv_OCGT-2025: 17039.10229315788
system_inv_battery_charger-2025: 1737.1451614815064
system_inv_battery_discharger-2025: 1772.9661699797778
system_inv_offwind-ac-2025: 542.0501169241224
system_inv_offwind-dc-2025: 15207.561120656947
system_inv_onwind-2025: 114735.41331617028
system_inv_solar-2025: 188902.39421046712
system_inv_solar_rooftop-2025: 0.0
zone_average_marginal_price: 108.61455440921996
