ci_average cost: 89.01103917767422
ci_average_revenue: 18.834023473627905
ci_cap_H2_Electrolysis: 0.0016342737616154997
ci_cap_H2_Fuel_Cell: 0.0005129554136761138
ci_cap_battery_charger: 0.010383977978800134
ci_cap_battery_discharger: 0.010598102032259913
ci_cap_onwind: 28752.658143945093
ci_cap_solar: 19630.75712634588
ci_capital_cost_battery_inverter: 330.11674422298296
ci_capital_cost_battery_storage: 769.7814951373815
ci_capital_cost_grid: 0.0
ci_capital_cost_hydrogen_electrolysis: 138.0431458878719
ci_capital_cost_hydrogen_fuel_cell: 118.41729779219166
ci_capital_cost_hydrogen_storage: 144.6832848044805
ci_capital_cost_onwind: 3300259805.8097186
ci_capital_cost_solar: 1085604391.9098423
ci_clean_excess_total: 16823578.682447344
ci_clean_total: 74157869.1514763
ci_clean_used_grid_total: 14122091.75531827
ci_clean_used_local_total: 57334290.46902894
ci_clean_used_total: 71456382.2243472
ci_cost_battery_inverter: 330.11674422298296
ci_cost_battery_storage: 769.7814951373815
ci_cost_grid: 3100536282.493286
ci_cost_hydrogen_electrolysis: 138.0431458878719
ci_cost_hydrogen_fuel_cell: 118.41729779219166
ci_cost_hydrogen_storage: 144.6832848044805
ci_cost_onwind: 3301094203.156931
ci_cost_solar: 1085789705.7514977
ci_demand_total: 84117900.0
ci_emission_rate_local: 0.12067312560686744
ci_emission_rate_myopic: 0.0668344176311127
ci_emission_rate_true: 0.11671944149649442
ci_emissions: 9818194.307857968
ci_fraction_clean: 0.8815943949085306
ci_fraction_clean_excess: 0.19999998433683372
ci_fraction_clean_used: 0.8494789126255792
ci_fraction_clean_used_grid: 0.16788450205388233
ci_fraction_clean_used_local: 0.6815944105716969
ci_generation_H2_Fuel_Cell: 1.801442289074438
ci_generation_battery_discharger: 30.05429391549836
ci_generation_onwind: 55626489.814169645
ci_generation_solar: 18531384.165542755
ci_marginal_cost_grid: 3100536282.493286
ci_marginal_cost_onwind: 834397.347212547
ci_marginal_cost_solar: 185313.84165542666
ci_revenue_grid: 1584278503.1522849
ci_total_cost: 7487421692.443682
co2_price: 80.0
emissions: 522877128.6492201
emissions_zone: 112.15217054952019
objective: 143307996917.093
system_emission_rate: 0.16703179821035827
system_emissions: 174292376.21640676
system_grid_cfe_wavg: 0.6829156357314974
system_inv_H2_Electrolysis-2025: 96.20823264852747
system_inv_H2_Fuel_Cell-2025: 19.941936065894918
system_inv_OCGT-2025: 17040.10196372544
system_inv_battery_charger-2025: 1737.2056493089653
system_inv_battery_discharger-2025: 1773.0279051036798
system_inv_offwind-ac-2025: 542.0441299364247
system_inv_offwind-dc-2025: 15202.197385295662
system_inv_onwind-2025: 114751.22433891958
system_inv_solar-2025: 188933.06292028364
system_inv_solar_rooftop-2025: 0.0
zone_average_marginal_price: 108.61491660547698
