ci_average cost: 93.01837382020388
ci_average_revenue: 19.612165141905912
ci_cap_H2_Electrolysis: 0.02904112914877144
ci_cap_H2_Fuel_Cell: 0.009202798901319895
ci_cap_battery_charger: 4988.90876928679
ci_cap_battery_discharger: 5091.783156174131
ci_cap_onwind: 30248.849631580317
ci_cap_solar: 27409.984858989505
ci_capital_cost_battery_inverter: 158602254.69514576
ci_capital_cost_battery_storage: 524832180.3193865
ci_capital_cost_grid: 0.0
ci_capital_cost_hydrogen_electrolysis: 2453.03383190189
ci_capital_cost_hydrogen_fuel_cell: 2124.493764885668
ci_capital_cost_hydrogen_storage: 1070.9149613751008
ci_capital_cost_onwind: 3471994210.4590855
ci_capital_cost_solar: 1515805007.0909424
ci_clean_excess_total: 16823578.292979293
ci_clean_total: 82332847.36289626
ci_clean_used_grid_total: 10196841.579246955
ci_clean_used_local_total: 65509269.06991698
ci_clean_used_total: 75706110.64916393
ci_cost_battery_inverter: 158602254.69514576
ci_cost_battery_storage: 524832180.3193865
ci_cost_grid: 2152158499.8746805
ci_cost_hydrogen_electrolysis: 2453.03383190189
ci_cost_hydrogen_fuel_cell: 2124.493764885668
ci_cost_hydrogen_storage: 1070.9149613751008
ci_cost_onwind: 3472848482.7363024
ci_cost_solar: 1516063201.102454
ci_demand_total: 84117900.0
ci_emission_rate_local: 0.08523513665008818
ci_emission_rate_myopic: 0.046314943885539285
ci_emission_rate_true: 0.08174033498814112
ci_emissions: 6875825.324498955
ci_fraction_clean: 0.9787791583348641
ci_fraction_clean_excess: 0.19999997970680786
ci_fraction_clean_used: 0.9000000077173103
ci_fraction_clean_used_grid: 0.12122082908925395
ci_fraction_clean_used_local: 0.7787791786280563
ci_generation_H2_Fuel_Cell: 43.531048622968086
ci_generation_battery_discharger: 10510888.161700163
ci_generation_onwind: 56951485.14778975
ci_generation_solar: 25819401.15115176
ci_marginal_cost_grid: 2152158499.8746805
ci_marginal_cost_onwind: 854272.2772168486
ci_marginal_cost_solar: 258194.01151151638
ci_revenue_grid: 1649734146.1903274
ci_total_cost: 7824510267.170527
co2_price: 80.0
emissions: 514389611.46821606
emissions_zone: 107.92507896856179
objective: 143595329172.1019
system_emission_rate: 0.16432048195763405
system_emissions: 171463203.82273877
system_grid_cfe_wavg: 0.6829834202952461
system_inv_H2_Electrolysis-2025: 101.20605602476347
system_inv_H2_Fuel_Cell-2025: 21.1422374871196
system_inv_OCGT-2025: 17003.90128240942
system_inv_battery_charger-2025: 1724.6209919695202
system_inv_battery_discharger-2025: 1760.1837443401691
system_inv_offwind-ac-2025: 542.0716992478092
system_inv_offwind-dc-2025: 15289.567200839503
system_inv_onwind-2025: 114633.27762378336
system_inv_solar-2025: 188985.09151594987
system_inv_solar_rooftop-2025: 0.0
zone_average_marginal_price: 108.36193027948678
