ci_average cost: 114.86570126705284
ci_average_revenue: 19.516779724433462
ci_cap_H2_Electrolysis: 5155.573719852118
ci_cap_H2_Fuel_Cell: 3761.692927865158
ci_cap_battery_charger: 5371.435988051828
ci_cap_battery_discharger: 5482.198322969095
ci_cap_onwind: 42863.52703478673
ci_cap_solar: 35452.18299145965
ci_capital_cost_battery_inverter: 170763166.46645316
ci_capital_cost_battery_storage: 759304834.8836632
ci_capital_cost_grid: 0.0
ci_capital_cost_hydrogen_electrolysis: 435478823.59789497
ci_capital_cost_hydrogen_fuel_cell: 868398109.7878653
ci_capital_cost_hydrogen_storage: 334490048.1093451
ci_capital_cost_onwind: 4919919914.8804455
ci_capital_cost_solar: 1960548200.4903235
ci_clean_excess_total: 16823578.850333706
ci_clean_total: 99169240.85480645
ci_clean_used_grid_total: 931059.0323184436
ci_clean_used_local_total: 82345662.00447275
ci_clean_used_total: 83276721.03679119
ci_cost_battery_inverter: 170763166.46645316
ci_cost_battery_storage: 759304834.8836632
ci_cost_grid: 211792100.6043382
ci_cost_hydrogen_electrolysis: 435478823.59789497
ci_cost_hydrogen_fuel_cell: 868398109.7878653
ci_cost_hydrogen_storage: 334490048.1093451
ci_cost_onwind: 4921151526.299356
ci_cost_solar: 1960882962.8629076
ci_demand_total: 84117900.0
ci_emission_rate_local: 0.010230776741031278
ci_emission_rate_myopic: 0.004976603518950315
ci_emission_rate_true: 0.009525050069890684
ci_emissions: 801227.2092740576
ci_fraction_clean: 1.1789314861023212
ci_fraction_clean_excess: 0.19999998633267954
ci_fraction_clean_used: 0.9900000004373765
ci_fraction_clean_used_grid: 0.011068500667734734
ci_fraction_clean_used_local: 0.9789314997696418
ci_generation_H2_Fuel_Cell: 8047361.463174926
ci_generation_battery_discharger: 10555498.365243219
ci_generation_onwind: 82107427.92742343
ci_generation_solar: 33476237.25841475
ci_marginal_cost_grid: 211792100.6043382
ci_marginal_cost_onwind: 1231611.4189113548
ci_marginal_cost_solar: 334762.37258414587
ci_revenue_grid: 1641710525.1819215
ci_total_cost: 9662261572.611824
co2_price: 80.0
emissions: 497929880.9853846
emissions_zone: 100.61939721364794
objective: 145444424583.6832
system_emission_rate: 0.15906246199468826
system_emissions: 165976626.99512792
system_grid_cfe_wavg: 0.6816465742189505
system_inv_H2_Electrolysis-2025: 98.6777963144708
system_inv_H2_Fuel_Cell-2025: 20.6662900729611
system_inv_OCGT-2025: 16926.027892805876
system_inv_battery_charger-2025: 1717.3525955738126
system_inv_battery_discharger-2025: 1752.7654691117466
system_inv_offwind-ac-2025: 542.0527606374795
system_inv_offwind-dc-2025: 15622.541737974598
system_inv_onwind-2025: 114295.07048110207
system_inv_solar-2025: 189335.82797983484
system_inv_solar_rooftop-2025: 0.0
zone_average_marginal_price: 107.55362303747368
