ci_average cost: 100.5926536812243
ci_average_revenue: 19.589286656645495
ci_cap_H2_Electrolysis: 1626.2492196514308
ci_cap_H2_Fuel_Cell: 765.9595026490882
ci_cap_battery_charger: 7550.95261839685
ci_cap_battery_discharger: 7706.657935322098
ci_cap_onwind: 33224.90890636838
ci_cap_solar: 36288.27273848856
ci_capital_cost_battery_inverter: 240052116.7568199
ci_capital_cost_battery_storage: 915648723.0605544
ci_capital_cost_grid: 0.0
ci_capital_cost_hydrogen_electrolysis: 137365332.2662824
ci_capital_cost_hydrogen_fuel_cell: 176824051.571911
ci_capital_cost_hydrogen_storage: 73372123.09978351
ci_capital_cost_onwind: 3813589368.5526195
ci_capital_cost_solar: 2006784965.3569837
ci_clean_excess_total: 16823578.490551505
ci_clean_total: 91596116.5429014
ci_clean_used_grid_total: 5139466.783044821
ci_clean_used_local_total: 74772538.05234988
ci_clean_used_total: 79912004.8353947
ci_cost_battery_inverter: 240052116.7568199
ci_cost_battery_storage: 915648723.0605544
ci_cost_grid: 1096713305.752801
ci_cost_hydrogen_electrolysis: 137365332.2662824
ci_cost_hydrogen_fuel_cell: 176824051.571911
ci_cost_hydrogen_storage: 73372123.09978351
ci_cost_onwind: 3814539605.9558535
ci_cost_solar: 2007127524.6278524
ci_demand_total: 84117900.0
ci_emission_rate_local: 0.04828655042783305
ci_emission_rate_myopic: 0.02459857347027944
ci_emission_rate_true: 0.04505344995027254
ci_emissions: 3789801.59757203
ci_fraction_clean: 1.0889016076590285
ci_fraction_clean_excess: 0.19999998205556135
ci_fraction_clean_used: 0.9499999980431596
ci_fraction_clean_used_grid: 0.06109837243969263
ci_fraction_clean_used_local: 0.8889016256034671
ci_generation_H2_Fuel_Cell: 2695756.774036357
ci_generation_battery_discharger: 15784658.73155954
ci_generation_onwind: 63349160.215585575
ci_generation_solar: 34255927.086885
ci_marginal_cost_grid: 1096713305.752801
ci_marginal_cost_onwind: 950237.4032337862
ci_marginal_cost_solar: 342559.2708688483
ci_revenue_grid: 1647809656.0550401
ci_total_cost: 8461642783.091858
co2_price: 80.0
emissions: 505431305.9448977
emissions_zone: 104.27164476304257
objective: 144241016351.44662
system_emission_rate: 0.16145877353993507
system_emissions: 168477101.98163247
system_grid_cfe_wavg: 0.6821290424734279
system_inv_H2_Electrolysis-2025: 102.3579461697348
system_inv_H2_Fuel_Cell-2025: 21.454987397812584
system_inv_OCGT-2025: 16959.98890774123
system_inv_battery_charger-2025: 1717.4027570697954
system_inv_battery_discharger-2025: 1752.8166649688253
system_inv_offwind-ac-2025: 542.0641002948727
system_inv_offwind-dc-2025: 15347.515532739733
system_inv_onwind-2025: 114525.67444874771
system_inv_solar-2025: 189102.32249630656
system_inv_solar_rooftop-2025: 0.0
zone_average_marginal_price: 107.89522321980294
