ci_average cost: 109.30927669786053
ci_average_revenue: 19.410245527863076
ci_cap_H2_Electrolysis: 3639.298225077269
ci_cap_H2_Fuel_Cell: 2382.8011879229634
ci_cap_battery_charger: 6739.836337967616
ci_cap_battery_discharger: 6878.815935120796
ci_cap_onwind: 39066.20636375866
ci_cap_solar: 37392.76503829816
ci_capital_cost_battery_inverter: 214265942.49602905
ci_capital_cost_battery_storage: 912453363.1757929
ci_capital_cost_grid: 0.0
ci_capital_cost_hydrogen_electrolysis: 307402705.47891915
ci_capital_cost_hydrogen_fuel_cell: 550076810.4341011
ci_capital_cost_hydrogen_storage: 234188170.5093907
ci_capital_cost_onwind: 4484059525.290573
ci_capital_cost_solar: 2067864713.009442
ci_clean_excess_total: 16823578.578127824
ci_clean_total: 97387389.87105042
ci_clean_used_grid_total: 1871730.6052781113
ci_clean_used_local_total: 80563811.2929226
ci_clean_used_total: 82435541.8982007
ci_cost_battery_inverter: 214265942.49602905
ci_cost_battery_storage: 912453363.1757929
ci_cost_grid: 423080284.4957067
ci_cost_hydrogen_electrolysis: 307402705.47891915
ci_cost_hydrogen_fuel_cell: 550076810.4341011
ci_cost_hydrogen_storage: 234188170.5093907
ci_cost_onwind: 4485181740.565356
ci_cost_solar: 2068217789.1876667
ci_demand_total: 84117900.0
ci_emission_rate_local: 0.020428187370587856
ci_emission_rate_myopic: 0.00993792637793919
ci_emission_rate_true: 0.01887949194399841
ci_emissions: 1588103.2153960636
ci_fraction_clean: 1.1577487059359592
ci_fraction_clean_excess: 0.1999999830966753
ci_fraction_clean_used: 0.9799999987898023
ci_fraction_clean_used_grid: 0.022251275950518394
ci_fraction_clean_used_local: 0.9577487228392839
ci_generation_H2_Fuel_Cell: 6128223.983399456
ci_generation_battery_discharger: 13670379.883281074
ci_generation_onwind: 74814351.6522063
ci_generation_solar: 35307617.822461724
ci_marginal_cost_grid: 423080284.4957067
ci_marginal_cost_onwind: 1122215.2747830977
ci_marginal_cost_solar: 353076.1782246155
ci_revenue_grid: 1632749092.2882335
ci_total_cost: 9194866806.342962
co2_price: 80.0
emissions: 499921461.2289251
emissions_zone: 101.71624237631202
objective: 144988379701.44897
system_emission_rate: 0.1596986673498899
system_emissions: 166640487.0763087
system_grid_cfe_wavg: 0.6817692539410855
system_inv_H2_Electrolysis-2025: 98.71209638610581
system_inv_H2_Fuel_Cell-2025: 20.674769295602097
system_inv_OCGT-2025: 16925.41412327026
system_inv_battery_charger-2025: 1719.5106518313462
system_inv_battery_discharger-2025: 1754.9680258251167
system_inv_offwind-ac-2025: 542.0617242377925
system_inv_offwind-dc-2025: 15464.372247382013
system_inv_onwind-2025: 114343.4443409248
system_inv_solar-2025: 189268.55889718112
system_inv_solar_rooftop-2025: 0.0
zone_average_marginal_price: 107.62901955157588
