ci_average cost: 101.46941960147166
ci_average_revenue: 20.97572634905909
ci_cap_H2_Electrolysis: 0.0
ci_cap_H2_Fuel_Cell: 0.0
ci_cap_battery_charger: 0.0
ci_cap_battery_discharger: 0.0
ci_cap_onwind: 45749.06398413309
ci_cap_solar: 23992.699634186494
ci_capital_cost_battery_inverter: 0.0
ci_capital_cost_battery_storage: 0.0
ci_capital_cost_grid: 0.0
ci_capital_cost_hydrogen_electrolysis: 0.0
ci_capital_cost_hydrogen_fuel_cell: 0.0
ci_capital_cost_hydrogen_storage: 0.0
ci_capital_cost_onwind: 5251124826.942184
ci_capital_cost_solar: 1326825039.3506296
ci_clean_excess_total: 16823579.65862569
ci_clean_total: 84117900.00001827
ci_clean_used_grid_total: 8353583.165688283
ci_clean_used_local_total: 67294320.34139258
ci_clean_used_total: 75647903.50708085
ci_cost_battery_inverter: 0.0
ci_cost_battery_storage: 0.0
ci_cost_grid: 1956290324.6215427
ci_cost_hydrogen_electrolysis: 0.0
ci_cost_hydrogen_fuel_cell: 0.0
ci_cost_hydrogen_storage: 0.0
ci_cost_onwind: 5252064190.483011
ci_cost_solar: 1327039975.9900787
ci_demand_total: 84117900.0
ci_emission_rate_local: 0.07919742116988733
ci_emission_rate_myopic: 0.043325824864612665
ci_emission_rate_true: 0.07759768648074009
ci_emissions: 6527354.431618247
ci_fraction_clean: 1.0000000000002172
ci_fraction_clean_excess: 0.1999999959417162
ci_fraction_clean_used: 0.8993080367802911
ci_fraction_clean_used_grid: 0.09930803272179028
ci_fraction_clean_used_local: 0.8000000040585009
ci_generation_H2_Fuel_Cell: -0.0
ci_generation_battery_discharger: -0.0
ci_generation_onwind: 62624236.05510105
ci_generation_solar: 21493663.944917217
ci_marginal_cost_grid: 1956290324.6215427
ci_marginal_cost_onwind: 939363.5408265183
ci_marginal_cost_solar: 214936.63944917114
ci_revenue_grid: 1764434051.4575176
ci_total_cost: 8535394491.094633
co2_price: 80.0
emissions: 508367402.5901462
emissions_zone: 107.10210027036193
objective: 144167683344.65915
system_emission_rate: 0.1623967023103943
system_emissions: 169455800.86338186
system_grid_cfe_wavg: 0.6877751945898276
system_inv_H2_Electrolysis-2025: 103.91330763893266
system_inv_H2_Fuel_Cell-2025: 21.6621352582479
system_inv_OCGT-2025: 16972.80026922327
system_inv_battery_charger-2025: 1715.0013246161013
system_inv_battery_discharger-2025: 1750.3657134914831
system_inv_offwind-ac-2025: 542.0516738153503
system_inv_offwind-dc-2025: 15390.01951064401
system_inv_onwind-2025: 114751.65905969207
system_inv_solar-2025: 188872.09877129243
system_inv_solar_rooftop-2025: 0.0
zone_average_marginal_price: 107.65138720170012
