ci_average cost: 104.3572209643206
ci_average_revenue: 18.70867947143208
ci_cap_H2_Electrolysis: 233.5116208063579
ci_cap_H2_Fuel_Cell: 167.8849648214601
ci_cap_battery_charger: 145.25801953461618
ci_cap_battery_discharger: 148.25332981009944
ci_cap_onwind: 718.2039281466637
ci_cap_solar: 962.193070737908
ci_capital_cost_battery_inverter: 3457920.3936276264
ci_capital_cost_battery_storage: 12859069.73641082
ci_capital_cost_grid: 0.0
ci_capital_cost_hydrogen_electrolysis: 15543591.693724787
ci_capital_cost_hydrogen_fuel_cell: 35527019.30560635
ci_capital_cost_hydrogen_storage: 8295006.719168546
ci_capital_cost_onwind: 78562293.36024047
ci_capital_cost_solar: 46176553.53366975
ci_clean_excess_total: 385437.46701915865
ci_clean_total: 2269967.831429081
ci_clean_used_grid_total: 42672.137052335136
ci_clean_used_local_total: 1884530.3644099226
ci_clean_used_total: 1927202.5014622577
ci_cost_battery_inverter: 3457920.3936276264
ci_cost_battery_storage: 12859069.73641082
ci_cost_grid: 656941.0155160839
ci_cost_hydrogen_electrolysis: 15543591.693724787
ci_cost_hydrogen_fuel_cell: 35527019.30560635
ci_cost_hydrogen_storage: 8295006.719168546
ci_cost_onwind: 78592391.01560116
ci_cost_solar: 46185296.36278332
ci_demand_total: 1927200.0
ci_emission_rate_local: 1.8842732500587926e-09
ci_emission_rate_myopic: 0.0016541879636632155
ci_emission_rate_true: 4.605037934353807e-05
ci_emissions: 88.74829107086657
ci_fraction_clean: 1.1778579449092368
ci_fraction_clean_excess: 0.19999868566789053
ci_fraction_clean_used: 1.0000012979775101
ci_fraction_clean_used_grid: 0.022142038736163935
ci_fraction_clean_used_local: 0.9778592592413463
ci_generation_H2_Fuel_Cell: 309571.11603586184
ci_generation_battery_discharger: 237439.12475082732
ci_generation_onwind: 2006510.3573793403
ci_generation_solar: 874282.911357291
ci_marginal_cost_grid: 656941.0155160839
ci_marginal_cost_onwind: 30097.655360690125
ci_marginal_cost_solar: 8742.829113572914
ci_revenue_grid: 36055367.0773439
ci_total_cost: 201117236.24243867
co2_price: 130.0
emissions: 296441982.3457775
emissions_zone: 2.1381642056034855
objective: 164533837014.45395
system_emission_rate: 0.09227491920538393
system_emissions: 98813994.11525905
system_grid_cfe_wavg: 0.7302306474728216
system_inv_H2_Electrolysis-2030: 7835.153062572221
system_inv_H2_Fuel_Cell-2030: 1726.9275547794875
system_inv_OCGT-2030: 69305.9661375424
system_inv_battery_charger-2030: 28118.50721334828
system_inv_battery_discharger-2030: 28698.328237049638
system_inv_offwind-ac-2030: 6090.925959522334
system_inv_offwind-dc-2030: 58139.82511377968
system_inv_onwind-2030: 222389.67091772717
system_inv_solar-2030: 391090.33348088927
system_inv_solar_rooftop-2030: 0.0
zone_average_marginal_price: 71.49181592740445
