ci_average cost: 73.88834885166477
ci_average_revenue: 8.303609623239968
ci_cap_H2_Electrolysis: 0.048561848136745946
ci_cap_H2_Fuel_Cell: 0.01361309547538578
ci_cap_battery_charger: 51.458789386069206
ci_cap_battery_discharger: 52.5199014754798
ci_cap_onwind: 435.63785323165337
ci_cap_solar: 821.8365114738335
ci_capital_cost_battery_inverter: 1224995.3415279277
ci_capital_cost_battery_storage: 3762105.276628323
ci_capital_cost_grid: 0.0
ci_capital_cost_hydrogen_electrolysis: 3232.496681422961
ci_capital_cost_hydrogen_fuel_cell: 2880.7386431382934
ci_capital_cost_hydrogen_storage: 1769.8220148896123
ci_capital_cost_onwind: 47653190.80435543
ci_capital_cost_solar: 39440709.79319385
ci_clean_excess_total: 385409.52639979136
ci_clean_total: 1840192.156773558
ci_clean_used_grid_total: 183368.85077854584
ci_clean_used_local_total: 1454782.6303737666
ci_clean_used_total: 1638151.4811523124
ci_cost_battery_inverter: 1224995.3415279277
ci_cost_battery_storage: 3762105.276628323
ci_cost_grid: 50284669.933615275
ci_cost_hydrogen_electrolysis: 3232.496681422961
ci_cost_hydrogen_fuel_cell: 2880.7386431382934
ci_cost_hydrogen_storage: 1769.8220148896123
ci_cost_onwind: 47670059.767587766
ci_cost_solar: 39447912.53022962
ci_demand_total: 1927200.0
ci_emission_rate_local: 0.054318613697160685
ci_emission_rate_myopic: 0.029630578527993886
ci_emission_rate_true: 0.054964311845721564
ci_emissions: 105927.2217890746
ci_fraction_clean: 0.9548527172963667
ci_fraction_clean_excess: 0.19998418762961362
ci_fraction_clean_used: 0.8500163351765838
ci_fraction_clean_used_grid: 0.09514780550983076
ci_fraction_clean_used_local: 0.7548685296667531
ci_generation_H2_Fuel_Cell: 63.209579239383004
ci_generation_battery_discharger: 109353.76047328947
ci_generation_onwind: 1124597.5488226435
ci_generation_solar: 720273.7035770349
ci_marginal_cost_grid: 50284669.933615275
ci_marginal_cost_onwind: 16868.96323233966
ci_marginal_cost_solar: 7202.737035770351
ci_revenue_grid: 16002716.465908065
ci_total_cost: 142397625.90692836
co2_price: 130.0
emissions: 296637221.56828666
emissions_zone: 2.3432713833330023
objective: 164496227847.9963
system_emission_rate: 0.0923356922556118
system_emissions: 98879073.85609542
system_grid_cfe_wavg: 0.7232940846413651
system_inv_H2_Electrolysis-2030: 7895.972500154442
system_inv_H2_Fuel_Cell-2030: 1739.4512171120468
system_inv_OCGT-2030: 69288.51880836675
system_inv_battery_charger-2030: 28127.372122568508
system_inv_battery_discharger-2030: 28707.375946185228
system_inv_offwind-ac-2030: 6092.507317509814
system_inv_offwind-dc-2030: 58182.053612458934
system_inv_onwind-2030: 222427.17981898072
system_inv_solar-2030: 390811.7114382504
system_inv_solar_rooftop-2030: 0.0
zone_average_marginal_price: 72.71975213946577
