ci_average cost: 73.40631440220915
ci_average_revenue: 8.062521352066307
ci_cap_H2_Electrolysis: 0.02383383329506491
ci_cap_H2_Fuel_Cell: 0.006588966197813812
ci_cap_battery_charger: 0.14696168751873376
ci_cap_battery_discharger: 0.14999212848259613
ci_cap_onwind: 437.8316967320995
ci_cap_solar: 723.2219438207765
ci_capital_cost_battery_inverter: 3498.4768344019462
ci_capital_cost_battery_storage: 10233.76223697815
ci_capital_cost_grid: 0.0
ci_capital_cost_hydrogen_electrolysis: 1586.4879527430585
ci_capital_cost_hydrogen_fuel_cell: 1394.3257489594841
ci_capital_cost_hydrogen_storage: 963.6928258513528
ci_capital_cost_onwind: 47893169.13072474
ci_capital_cost_solar: 34708103.624102585
ci_clean_excess_total: 385392.8616456118
ci_clean_total: 1761392.6965772752
ci_clean_used_grid_total: 213131.68722971494
ci_clean_used_local_total: 1375999.8349316632
ci_clean_used_total: 1589131.522161378
ci_cost_battery_inverter: 3498.4768344019462
ci_cost_battery_storage: 10233.76223697815
ci_cost_grid: 58826443.5422292
ci_cost_hydrogen_electrolysis: 1586.4879527430585
ci_cost_hydrogen_fuel_cell: 1394.3257489594841
ci_cost_hydrogen_storage: 963.6928258513528
ci_cost_onwind: 47910093.270559
ci_cost_solar: 34714435.55755032
ci_demand_total: 1927200.0
ci_emission_rate_local: 0.0636027068677331
ci_emission_rate_myopic: 0.03415868844042645
ci_emission_rate_true: 0.06396066197289632
ci_emissions: 123264.98775416579
ci_fraction_clean: 0.9139646619848875
ci_fraction_clean_excess: 0.1999755404968928
ci_fraction_clean_used: 0.8245804909513169
ci_fraction_clean_used_grid: 0.1105913694633224
ci_fraction_clean_used_local: 0.7139891214879946
ci_generation_H2_Fuel_Cell: 30.398335259825867
ci_generation_battery_discharger: 423.08855129423034
ci_generation_onwind: 1128275.9889504043
ci_generation_solar: 633193.3447735661
ci_marginal_cost_grid: 58826443.5422292
ci_marginal_cost_onwind: 16924.139834256075
ci_marginal_cost_solar: 6331.933447735663
ci_revenue_grid: 15538091.149702186
ci_total_cost: 141468649.11593747
co2_price: 130.0
emissions: 296670575.45059156
emissions_zone: 2.3639195084750266
objective: 164495614852.4186
system_emission_rate: 0.0923460744787049
system_emissions: 98890191.81686373
system_grid_cfe_wavg: 0.7207067292998015
system_inv_H2_Electrolysis-2030: 7895.043306342302
system_inv_H2_Fuel_Cell-2030: 1739.853166185137
system_inv_OCGT-2030: 69268.18392815304
system_inv_battery_charger-2030: 28155.624320954623
system_inv_battery_discharger-2030: 28736.210722389784
system_inv_offwind-ac-2030: 6092.795770291366
system_inv_offwind-dc-2030: 58182.14120261057
system_inv_onwind-2030: 222401.8540474191
system_inv_solar-2030: 390848.9962601735
system_inv_solar_rooftop-2030: 0.0
zone_average_marginal_price: 73.01192049020617
