ci_average cost: 84.698722884397
ci_average_revenue: 15.062755675503018
ci_cap_H2_Electrolysis: 0.02563746577806257
ci_cap_H2_Fuel_Cell: 0.008226157664079777
ci_cap_battery_charger: 288.07146842818617
ci_cap_battery_discharger: 294.0116804193793
ci_cap_onwind: 420.49254358947735
ci_cap_solar: 1384.7213756962653
ci_capital_cost_battery_inverter: 6857646.887184059
ci_capital_cost_battery_storage: 23710370.418979023
ci_capital_cost_grid: 0.0
ci_capital_cost_hydrogen_electrolysis: 1706.5459043963638
ci_capital_cost_hydrogen_fuel_cell: 1740.7804353029626
ci_capital_cost_hydrogen_storage: 867.0674341857175
ci_capital_cost_onwind: 45996488.28225876
ci_capital_cost_solar: 66454085.64937847
ci_clean_excess_total: 385434.78995692346
ci_clean_total: 2099558.4872720484
ci_clean_used_grid_total: 116721.4551915983
ci_clean_used_local_total: 1714123.697315125
ci_clean_used_total: 1830845.1525067233
ci_cost_battery_inverter: 6857646.887184059
ci_cost_battery_storage: 23710370.418979023
ci_cost_grid: 20182733.254998557
ci_cost_hydrogen_electrolysis: 1706.5459043963638
ci_cost_hydrogen_fuel_cell: 1740.7804353029626
ci_cost_hydrogen_storage: 867.0674341857175
ci_cost_onwind: 46010080.122503884
ci_cost_solar: 66466233.66537048
ci_demand_total: 1927200.0
ci_emission_rate_local: 0.018063815901378136
ci_emission_rate_myopic: 0.013274089915395372
ci_emission_rate_true: 0.01897718715906244
ci_emissions: 36572.83509294513
ci_fraction_clean: 1.0894346654587217
ci_fraction_clean_excess: 0.1999972965737461
ci_fraction_clean_used: 0.9500026735713591
ci_fraction_clean_used_grid: 0.06056530468638351
ci_fraction_clean_used_local: 0.8894373688849756
ci_generation_H2_Fuel_Cell: 35.38331795524301
ci_generation_battery_discharger: 511131.9754025135
ci_generation_onwind: 906122.6830084692
ci_generation_solar: 1214801.5992009968
ci_marginal_cost_grid: 20182733.254998557
ci_marginal_cost_onwind: 13591.840245127047
ci_marginal_cost_solar: 12148.015992009972
ci_revenue_grid: 29028942.737829417
ci_total_cost: 163231378.7428099
co2_price: 130.0
emissions: 296530835.15539104
emissions_zone: 2.22441642131158
objective: 164503204763.60898
system_emission_rate: 0.09230257684605762
system_emissions: 98843611.71846376
system_grid_cfe_wavg: 0.7282187857697465
system_inv_H2_Electrolysis-2030: 7867.611045638872
system_inv_H2_Fuel_Cell-2030: 1732.245593507525
system_inv_OCGT-2030: 69299.47560606535
system_inv_battery_charger-2030: 28122.219351125274
system_inv_battery_discharger-2030: 28702.11692140535
system_inv_offwind-ac-2030: 6092.038835070563
system_inv_offwind-dc-2030: 58181.7115834755
system_inv_onwind-2030: 222379.3250442557
system_inv_solar-2030: 390785.2672002544
system_inv_solar_rooftop-2030: 0.0
zone_average_marginal_price: 72.32810188100419
