ci_average cost: 90.9298677895019
ci_average_revenue: 17.17007294690774
ci_cap_H2_Electrolysis: 88.29400583625059
ci_cap_H2_Fuel_Cell: 45.06895350697082
ci_cap_battery_charger: 259.7911309249742
ci_cap_battery_discharger: 265.1481848517183
ci_cap_onwind: 530.0541738696429
ci_cap_solar: 1302.0913267373776
ci_capital_cost_battery_inverter: 6184423.0878762035
ci_capital_cost_battery_storage: 21898069.098544918
ci_capital_cost_grid: 0.0
ci_capital_cost_hydrogen_electrolysis: 5877249.15352335
ci_capital_cost_hydrogen_fuel_cell: 9537277.998827424
ci_capital_cost_hydrogen_storage: 3421759.0164609537
ci_capital_cost_onwind: 57981124.68115473
ci_capital_cost_solar: 62488591.617797405
ci_clean_excess_total: 385432.4874484524
ci_clean_total: 2207899.0998102594
ci_clean_used_grid_total: 66196.84662295584
ci_clean_used_local_total: 1822466.6123618071
ci_clean_used_total: 1888663.458984763
ci_cost_battery_inverter: 6184423.0878762035
ci_cost_battery_storage: 21898069.098544918
ci_cost_grid: 7820330.6261115
ci_cost_hydrogen_electrolysis: 5877249.15352335
ci_cost_hydrogen_fuel_cell: 9537277.998827424
ci_cost_hydrogen_storage: 3421759.0164609537
ci_cost_onwind: 58000668.53710864
ci_cost_solar: 62500263.68547506
ci_demand_total: 1927200.0
ci_emission_rate_local: 0.007022956134828319
ci_emission_rate_myopic: 0.006240706390105593
ci_emission_rate_true: 0.007615941310178881
ci_emissions: 14677.44209297674
ci_fraction_clean: 1.1456512556093086
ci_fraction_clean_excess: 0.19999610183086985
ci_fraction_clean_used: 0.9800038703739948
ci_fraction_clean_used_grid: 0.03434871659555616
ci_fraction_clean_used_local: 0.9456551537784388
ci_generation_H2_Fuel_Cell: 125111.11236852455
ci_generation_battery_discharger: 464848.8376737668
ci_generation_onwind: 1302923.7302604665
ci_generation_solar: 1167206.7677656035
ci_marginal_cost_grid: 7820330.6261115
ci_marginal_cost_onwind: 19543.85595390701
ci_marginal_cost_solar: 11672.06767765604
ci_revenue_grid: 33090164.583280597
ci_total_cost: 175240041.20392805
co2_price: 130.0
emissions: 296480315.0888466
emissions_zone: 2.1759276574254622
objective: 164511159182.66934
system_emission_rate: 0.0922868512223731
system_emissions: 98826771.6962822
system_grid_cfe_wavg: 0.7300015742958933
system_inv_H2_Electrolysis-2030: 7857.268826855913
system_inv_H2_Fuel_Cell-2030: 1731.1344922165501
system_inv_OCGT-2030: 69305.32603852481
system_inv_battery_charger-2030: 28118.901606949064
system_inv_battery_discharger-2030: 28698.730763290587
system_inv_offwind-ac-2030: 6091.733934265577
system_inv_offwind-dc-2030: 58176.39831346751
system_inv_onwind-2030: 222377.86237155783
system_inv_solar-2030: 390816.9773485197
system_inv_solar_rooftop-2030: 0.0
zone_average_marginal_price: 72.02453039092303
