ci_average cost: 94.1527899721018
ci_average_revenue: 17.601621590595197
ci_cap_H2_Electrolysis: 141.05440477059796
ci_cap_H2_Fuel_Cell: 79.29197642486089
ci_cap_battery_charger: 218.29329675255576
ci_cap_battery_discharger: 222.79463965208652
ci_cap_onwind: 601.3844447572415
ci_cap_solar: 1186.996304814857
ci_capital_cost_battery_inverter: 5196551.936005055
ci_capital_cost_battery_storage: 17993463.5418058
ci_capital_cost_grid: 0.0
ci_capital_cost_hydrogen_electrolysis: 9389220.402755495
ci_capital_cost_hydrogen_fuel_cell: 16779391.652024988
ci_capital_cost_hydrogen_storage: 5278555.55990409
ci_capital_cost_onwind: 65783740.967865676
ci_capital_cost_solar: 56965072.89489877
ci_clean_excess_total: 385422.7333479237
ci_clean_total: 2236085.1528020008
ci_clean_used_grid_total: 57282.78831924936
ci_clean_used_local_total: 1850662.4194540773
ci_clean_used_total: 1907945.2077733267
ci_cost_battery_inverter: 5196551.936005055
ci_cost_battery_storage: 17993463.5418058
ci_cost_grid: 4030993.4023413872
ci_cost_hydrogen_electrolysis: 9389220.402755495
ci_cost_hydrogen_fuel_cell: 16779391.652024988
ci_cost_hydrogen_storage: 5278555.55990409
ci_cost_onwind: 65807329.76417878
ci_cost_solar: 56975750.575219
ci_demand_total: 1927200.0
ci_emission_rate_local: 0.0034487382704596527
ci_emission_rate_myopic: 0.004082718408541674
ci_emission_rate_true: 0.003920362058281663
ci_emissions: 7555.321758720418
ci_fraction_clean: 1.1602766463273146
ci_fraction_clean_excess: 0.19999104054998118
ci_fraction_clean_used: 0.9900089288985713
ci_fraction_clean_used_grid: 0.029723323121237735
ci_fraction_clean_used_local: 0.9602856057773336
ci_generation_H2_Fuel_Cell: 198095.01817991518
ci_generation_battery_discharger: 473567.12886881526
ci_generation_onwind: 1572586.4208738408
ci_generation_solar: 1067768.0320229135
ci_marginal_cost_grid: 4030993.4023413872
ci_marginal_cost_onwind: 23588.79631310763
ci_marginal_cost_solar: 10677.680320229138
ci_revenue_grid: 33921845.12939507
ci_total_cost: 181451256.8342346
co2_price: 130.0
emissions: 296464545.6842846
emissions_zone: 2.1765265264481073
objective: 164516488210.72977
system_emission_rate: 0.09228194260409833
system_emissions: 98821515.2280946
system_grid_cfe_wavg: 0.7293061709214781
system_inv_H2_Electrolysis-2030: 7850.364852935976
system_inv_H2_Fuel_Cell-2030: 1729.9744528005888
system_inv_OCGT-2030: 69306.08471617434
system_inv_battery_charger-2030: 28119.80238674376
system_inv_battery_discharger-2030: 28699.650117722216
system_inv_offwind-ac-2030: 6091.418266341931
system_inv_offwind-dc-2030: 58161.835009943505
system_inv_onwind-2030: 222366.17184305275
system_inv_solar-2030: 390936.87161395967
system_inv_solar_rooftop-2030: 0.0
zone_average_marginal_price: 71.74318536158242
