ci_average cost: 77.12147601845048
ci_average_revenue: 10.213401211231568
ci_cap_H2_Electrolysis: 0.004454365119435971
ci_cap_H2_Fuel_Cell: 0.001261300540126592
ci_cap_battery_charger: 159.05236649633753
ci_cap_battery_discharger: 162.33212474467902
ci_cap_onwind: 432.12787135062786
ci_cap_solar: 1042.604007316444
ci_capital_cost_battery_inverter: 3786299.8788259923
ci_capital_cost_battery_storage: 12062124.888302855
ci_capital_cost_grid: 0.0
ci_capital_cost_hydrogen_electrolysis: 296.502728353283
ci_capital_cost_hydrogen_fuel_cell: 266.91043290805294
ci_capital_cost_hydrogen_storage: 146.1351963867147
ci_capital_cost_onwind: 47269243.82854615
ci_capital_cost_solar: 50035550.26783216
ci_clean_excess_total: 385438.10989734076
ci_clean_total: 1971941.7795564886
ci_clean_used_grid_total: 147978.1878364952
ci_clean_used_local_total: 1586503.6696591477
ci_clean_used_total: 1734481.857495643
ci_cost_battery_inverter: 3786299.8788259923
ci_cost_battery_storage: 12062124.888302855
ci_cost_grid: 35449429.82082254
ci_cost_hydrogen_electrolysis: 296.502728353283
ci_cost_hydrogen_fuel_cell: 266.91043290805294
ci_cost_hydrogen_storage: 146.1351963867147
ci_cost_onwind: 47285167.33508857
ci_cost_solar: 50044777.11136018
ci_demand_total: 1927200.0
ci_emission_rate_local: 0.03635836474846674
ci_emission_rate_myopic: 0.02138075602050263
ci_emission_rate_true: 0.03722831207222163
ci_emissions: 71746.40302558552
ci_fraction_clean: 1.023215950371777
ci_fraction_clean_excess: 0.1999990192493466
ci_fraction_clean_used: 0.90000096383128
ci_fraction_clean_used_grid: 0.07678403270884973
ci_fraction_clean_used_local: 0.8232169311224303
ci_generation_H2_Fuel_Cell: 5.917998640574405
ci_generation_battery_discharger: 295157.2917037582
ci_generation_onwind: 1061567.1028281744
ci_generation_solar: 922684.3528013789
ci_marginal_cost_grid: 35449429.82082254
ci_marginal_cost_onwind: 15923.506542422627
ci_marginal_cost_solar: 9226.843528013793
ci_revenue_grid: 19683266.81428548
ci_total_cost: 148628508.58275777
co2_price: 130.0
emissions: 296585608.80485636
emissions_zone: 2.293569557684861
objective: 164498268088.73788
system_emission_rate: 0.09231962650292122
system_emissions: 98861869.60161874
system_grid_cfe_wavg: 0.7259583280455102
system_inv_H2_Electrolysis-2030: 7891.583045045607
system_inv_H2_Fuel_Cell-2030: 1738.147558855004
system_inv_OCGT-2030: 69292.76369444659
system_inv_battery_charger-2030: 28123.31294950267
system_inv_battery_discharger-2030: 28703.23307045821
system_inv_offwind-ac-2030: 6092.032961112713
system_inv_offwind-dc-2030: 58181.6313988668
system_inv_onwind-2030: 222401.7107871571
system_inv_solar-2030: 390809.98117447726
system_inv_solar_rooftop-2030: 0.0
zone_average_marginal_price: 72.5014917151739
