ci_average cost: 76.49986882745107
ci_average_revenue: 0.0
ci_cap_H2_Electrolysis: 0.0
ci_cap_H2_Fuel_Cell: 0.0
ci_cap_battery_charger: 0.0
ci_cap_battery_discharger: 0.0
ci_cap_onwind: 0.0
ci_cap_solar: 0.0
ci_capital_cost_battery_inverter: 0.0
ci_capital_cost_battery_storage: 0.0
ci_capital_cost_grid: 0.0
ci_capital_cost_hydrogen_electrolysis: 0.0
ci_capital_cost_hydrogen_fuel_cell: 0.0
ci_capital_cost_hydrogen_storage: 0.0
ci_capital_cost_onwind: 0.0
ci_capital_cost_solar: 0.0
ci_clean_excess_total: 0.0
ci_clean_total: 0.0
ci_clean_used_grid_total: 1379038.3500908194
ci_clean_used_local_total: 0.0
ci_clean_used_total: 1379038.3500908194
ci_cost_battery_inverter: 0.0
ci_cost_battery_storage: 0.0
ci_cost_grid: 147430547.2042637
ci_cost_hydrogen_electrolysis: 0.0
ci_cost_hydrogen_fuel_cell: 0.0
ci_cost_hydrogen_storage: 0.0
ci_cost_onwind: 0.0
ci_cost_solar: 0.0
ci_demand_total: 1927200.0
ci_emission_rate_local: 0.10393704434548906
ci_emission_rate_myopic: 0.09135171800903484
ci_emission_rate_true: 0.10792595034685294
ci_emissions: 207994.89150845495
ci_fraction_clean: 0.0
ci_fraction_clean_excess: 0.0
ci_fraction_clean_used: 0.7155657690384077
ci_fraction_clean_used_grid: 0.7155657690384077
ci_fraction_clean_used_local: 0.0
ci_generation_H2_Fuel_Cell: -0.0
ci_generation_battery_discharger: -0.0
ci_generation_onwind: 0.0
ci_generation_solar: 0.0
ci_marginal_cost_grid: 147430547.2042637
ci_marginal_cost_onwind: 0.0
ci_marginal_cost_solar: 0.0
ci_revenue_grid: 0.0
ci_total_cost: 147430547.2042637
co2_price: 130.0
emissions: 297062417.5512
emissions_zone: 2.499181854976761
objective: 164515429239.1966
system_emission_rate: 0.09246804505078382
system_emissions: 99020805.85039993
system_grid_cfe_wavg: 0.7161234612452536
system_inv_H2_Electrolysis-2030: 7672.8090961289745
system_inv_H2_Fuel_Cell-2030: 1687.7422007009384
system_inv_OCGT-2030: 69345.44159470747
system_inv_battery_charger-2030: 28145.39656077143
system_inv_battery_discharger-2030: 28725.772059460778
system_inv_offwind-ac-2030: 6091.537045910991
system_inv_offwind-dc-2030: 58181.732639587026
system_inv_onwind-2030: 222148.5514242584
system_inv_solar-2030: 391553.27677590854
system_inv_solar_rooftop-2030: 0.0
zone_average_marginal_price: 76.49986882745105
