ci_average cost: 81.10398988163709
ci_average_revenue: 13.569984053617306
ci_cap_H2_Electrolysis: 0.0
ci_cap_H2_Fuel_Cell: 0.0
ci_cap_battery_charger: 0.0
ci_cap_battery_discharger: 0.0
ci_cap_onwind: 714.837716076449
ci_cap_solar: 745.3008305035992
ci_capital_cost_battery_inverter: 0.0
ci_capital_cost_battery_storage: 0.0
ci_capital_cost_grid: 0.0
ci_capital_cost_hydrogen_electrolysis: 0.0
ci_capital_cost_hydrogen_fuel_cell: 0.0
ci_capital_cost_hydrogen_storage: 0.0
ci_capital_cost_onwind: 78194072.9568024
ci_capital_cost_solar: 35767690.232943274
ci_clean_excess_total: 385432.31081075536
ci_clean_total: 1927200.000027305
ci_clean_used_grid_total: 111810.72625945004
ci_clean_used_local_total: 1541767.6892165495
ci_clean_used_total: 1653578.4154759995
ci_cost_battery_inverter: 0.0
ci_cost_battery_storage: 0.0
ci_cost_grid: 42316075.46852043
ci_cost_hydrogen_electrolysis: 0.0
ci_cost_hydrogen_fuel_cell: 0.0
ci_cost_hydrogen_storage: 0.0
ci_cost_onwind: 78213568.88167629
ci_cost_solar: 35773964.94969429
ci_demand_total: 1927200.0
ci_emission_rate_local: 0.050991177560126666
ci_emission_rate_myopic: 0.02445475331980906
ci_emission_rate_true: 0.050636164721678256
ci_emissions: 97586.01665161834
ci_fraction_clean: 1.0000000000141682
ci_fraction_clean_excess: 0.19999601017577592
ci_fraction_clean_used: 0.8580211786405144
ci_fraction_clean_used_grid: 0.05801718880212227
ci_fraction_clean_used_local: 0.8000039898383923
ci_generation_H2_Fuel_Cell: -0.0
ci_generation_battery_discharger: -0.0
ci_generation_onwind: 1299728.3249259465
ci_generation_solar: 627471.6751013581
ci_marginal_cost_grid: 42316075.46852043
ci_marginal_cost_onwind: 19495.92487388921
ci_marginal_cost_solar: 6274.716751013583
ci_revenue_grid: 26152073.26813127
ci_total_cost: 156303609.299891
co2_price: 130.0
emissions: 296614760.52165264
emissions_zone: 2.289566261231181
objective: 164498958770.2398
system_emission_rate: 0.09232870069777985
system_emissions: 98871586.84055087
system_grid_cfe_wavg: 0.7227167332830643
system_inv_H2_Electrolysis-2030: 7876.717813374549
system_inv_H2_Fuel_Cell-2030: 1739.5072849134076
system_inv_OCGT-2030: 69283.0920102726
system_inv_battery_charger-2030: 28143.632367141003
system_inv_battery_discharger-2030: 28723.97148706568
system_inv_offwind-ac-2030: 6091.770190572655
system_inv_offwind-dc-2030: 58177.167154720235
system_inv_onwind-2030: 222349.17803991452
system_inv_solar-2030: 390769.5392035214
system_inv_solar_rooftop-2030: 0.0
zone_average_marginal_price: 71.20426986300401
