ci_average cost: 214.2277775765685
ci_average_revenue: 21.87896412812656
ci_cap_battery_charger: 215.55546453288053
ci_cap_battery_discharger: 220.0003516373618
ci_cap_onwind: 1191.725915036186
ci_cap_solar: 2011.1425064080806
ci_capital_cost_battery_inverter: 5131376.836571115
ci_capital_cost_battery_storage: 180823786.87582183
ci_capital_cost_grid: 0.0
ci_capital_cost_hydrogen_electrolysis: 0.0
ci_capital_cost_hydrogen_fuel_cell: 0.0
ci_capital_cost_hydrogen_storage: 0.0
ci_capital_cost_onwind: 130359522.2371923
ci_capital_cost_solar: 96516626.89669038
ci_clean_excess_total: 385438.23699936026
ci_clean_total: 2312629.880427538
ci_clean_used_grid_total: 10.053075122046579
ci_clean_used_local_total: 1927191.6434281776
ci_clean_used_total: 1927201.6965032995
ci_cost_battery_inverter: 5131376.836571115
ci_cost_battery_storage: 180823786.87582183
ci_cost_grid: 154.2886622159559
ci_cost_hydrogen_electrolysis: 0.0
ci_cost_hydrogen_fuel_cell: 0.0
ci_cost_hydrogen_storage: 0.0
ci_cost_onwind: 130374291.95092206
ci_cost_solar: 96530162.99358566
ci_demand_total: 1927200.0
ci_emission_rate_local: 2.7933733560983824e-12
ci_emission_rate_myopic: 3.1289641705141853e-07
ci_emission_rate_true: 2.0453033948072076e-10
ci_emissions: 0.00039417087024724504
ci_fraction_clean: 1.1999947490802916
ci_fraction_clean_excess: 0.1999990852009964
ci_fraction_clean_used: 1.0000008802943647
ci_fraction_clean_used_grid: 5.216415069555095e-06
ci_fraction_clean_used_local: 0.9999956638792952
ci_generation_battery_discharger: 615059.0006920076
ci_generation_onwind: 984647.5819835383
ci_generation_solar: 1353609.689528345
ci_marginal_cost_grid: 154.2886622159559
ci_marginal_cost_onwind: 14769.713729753084
ci_marginal_cost_solar: 13536.096895283454
ci_revenue_grid: 42165139.66772551
ci_total_cost: 412859772.94556284
co2_price: 130.0
emissions: 296412974.3874338
emissions_zone: 2.11434254238876
objective: 164741102371.952
system_emission_rate: 0.0922658897589094
system_emissions: 98804324.79581144
system_grid_cfe_wavg: 0.7319289194430691
system_inv_H2_Electrolysis-2030: 7840.602202148813
system_inv_H2_Fuel_Cell-2030: 1728.0678011823272
system_inv_OCGT-2030: 69305.93625317859
system_inv_battery_charger-2030: 28121.729587932256
system_inv_battery_discharger-2030: 28701.61705899213
system_inv_offwind-ac-2030: 6091.294559039785
system_inv_offwind-dc-2030: 58151.00912471773
system_inv_onwind-2030: 222378.83927073295
system_inv_solar-2030: 391110.01550491096
system_inv_solar_rooftop-2030: 0.0
zone_average_marginal_price: 73.28185489887277
