ci_average cost: 73.4056807100904
ci_average_revenue: 8.062597108372826
ci_cap_battery_charger: 0.18035669539551352
ci_cap_battery_discharger: 0.1840757620928372
ci_cap_onwind: 437.7671931513871
ci_cap_solar: 723.3562167040507
ci_capital_cost_battery_inverter: 4293.457236533566
ci_capital_cost_battery_storage: 12588.98685680934
ci_capital_cost_grid: 0.0
ci_capital_cost_hydrogen_electrolysis: 0.0
ci_capital_cost_hydrogen_fuel_cell: 0.0
ci_capital_cost_hydrogen_storage: 0.0
ci_capital_cost_onwind: 47886113.26673944
ci_capital_cost_solar: 34714547.50649084
ci_clean_excess_total: 385391.6320278876
ci_clean_total: 1761388.5830275402
ci_clean_used_grid_total: 214319.70621565066
ci_clean_used_local_total: 1375996.9509996525
ci_clean_used_total: 1590316.6572153033
ci_cost_battery_inverter: 4293.457236533566
ci_cost_battery_storage: 12588.98685680934
ci_cost_grid: 58826619.9255939
ci_cost_hydrogen_electrolysis: 0.0
ci_cost_hydrogen_fuel_cell: 0.0
ci_cost_hydrogen_storage: 0.0
ci_cost_onwind: 47903065.118576035
ci_cost_solar: 34720860.37622294
ci_demand_total: 1927200.0
ci_emission_rate_local: 0.06351577811336497
ci_emission_rate_myopic: 0.034152136114505204
ci_emission_rate_true: 0.06389870852407005
ci_emissions: 123145.59106758784
ci_fraction_clean: 0.913962527515328
ci_fraction_clean_excess: 0.19997490246361957
ci_fraction_clean_used: 0.8251954427227601
ci_fraction_clean_used_grid: 0.1112078176710516
ci_fraction_clean_used_local: 0.7139876250517084
ci_generation_battery_discharger: 524.3043012181533
ci_generation_onwind: 1130123.4557730402
ci_generation_solar: 631286.9732093415
ci_marginal_cost_grid: 58826619.9255939
ci_marginal_cost_onwind: 16951.851836595615
ci_marginal_cost_solar: 6312.869732093418
ci_revenue_grid: 15538237.147256108
ci_total_cost: 141467427.86448622
co2_price: 130.0
emissions: 296670369.00685686
emissions_zone: 2.358762536963555
objective: 164495636422.55136
system_emission_rate: 0.09234601021797256
system_emissions: 98890123.00228572
system_grid_cfe_wavg: 0.7222034513347592
system_inv_H2_Electrolysis-2030: 7895.443888725084
system_inv_H2_Fuel_Cell-2030: 1739.5983044431312
system_inv_OCGT-2030: 69268.73920821381
system_inv_battery_charger-2030: 28155.569451368443
system_inv_battery_discharger-2030: 28736.154721358773
system_inv_offwind-ac-2030: 6092.989046456102
system_inv_offwind-dc-2030: 58182.17912140277
system_inv_onwind-2030: 222402.74431274613
system_inv_solar-2030: 390849.2219999135
system_inv_solar_rooftop-2030: 0.0
zone_average_marginal_price: 73.01159232289532
