ci_average cost: 73.85524994662173
ci_average_revenue: 8.289311045551138
ci_cap_battery_charger: 49.15738219143712
ci_cap_battery_discharger: 50.17103783995558
ci_cap_onwind: 436.3152701729769
ci_cap_solar: 817.1335085270563
ci_capital_cost_battery_inverter: 1170209.4997695445
ci_capital_cost_battery_storage: 3593822.853875959
ci_capital_cost_grid: 0.0
ci_capital_cost_hydrogen_electrolysis: 0.0
ci_capital_cost_hydrogen_fuel_cell: 0.0
ci_capital_cost_hydrogen_storage: 0.0
ci_capital_cost_onwind: 47727291.524757765
ci_capital_cost_solar: 39215008.243322656
ci_clean_excess_total: 385399.6345600969
ci_clean_total: 1837354.106238803
ci_clean_used_grid_total: 186208.6562788763
ci_clean_used_local_total: 1451954.471678706
ci_clean_used_total: 1638163.1279575822
ci_cost_battery_inverter: 1170209.4997695445
ci_cost_battery_storage: 3593822.853875959
ci_cost_grid: 50603465.56124762
ci_cost_hydrogen_electrolysis: 0.0
ci_cost_hydrogen_fuel_cell: 0.0
ci_cost_hydrogen_storage: 0.0
ci_cost_onwind: 47744159.689358406
ci_cost_solar: 39222180.092877865
ci_demand_total: 1927200.0
ci_emission_rate_local: 0.054509594455214985
ci_emission_rate_myopic: 0.029779034406108327
ci_emission_rate_true: 0.055248501682335166
ci_emissions: 106474.91244219634
ci_fraction_clean: 0.9533800883347877
ci_fraction_clean_excess: 0.19997905487759282
ci_fraction_clean_used: 0.8500223785583138
ci_fraction_clean_used_grid: 0.09662134510111887
ci_fraction_clean_used_local: 0.7534010334571948
ci_generation_battery_discharger: 105004.01946676217
ci_generation_onwind: 1124544.3067093166
ci_generation_solar: 717184.955521255
ci_marginal_cost_grid: 50603465.56124762
ci_marginal_cost_onwind: 16868.16460063976
ci_marginal_cost_solar: 7171.849555212553
ci_revenue_grid: 15975160.24698615
ci_total_cost: 142333837.6971294
co2_price: 130.0
emissions: 296638769.0239645
emissions_zone: 2.33507758971424
objective: 164496216891.0773
system_emission_rate: 0.09233617393957114
system_emissions: 98879589.67465514
system_grid_cfe_wavg: 0.7253455856953571
system_inv_H2_Electrolysis-2030: 7895.403580232542
system_inv_H2_Fuel_Cell-2030: 1739.333309830139
system_inv_OCGT-2030: 69287.62081256951
system_inv_battery_charger-2030: 28127.75664190172
system_inv_battery_discharger-2030: 28707.76839454511
system_inv_offwind-ac-2030: 6092.581623011932
system_inv_offwind-dc-2030: 58182.29381833313
system_inv_onwind-2030: 222427.66219759194
system_inv_solar-2030: 390810.9882076982
system_inv_solar_rooftop-2030: 0.0
zone_average_marginal_price: 72.71650727602241
