ci_average cost: 84.79674993720053
ci_average_revenue: 15.132947756472806
ci_cap_battery_charger: 289.22860912345914
ci_cap_battery_discharger: 295.1926820720427
ci_cap_onwind: 420.3919603095668
ci_cap_solar: 1388.5089171451132
ci_capital_cost_battery_inverter: 6885193.04553938
ci_capital_cost_battery_storage: 23826656.09327856
ci_capital_cost_grid: 0.0
ci_capital_cost_hydrogen_electrolysis: 0.0
ci_capital_cost_hydrogen_fuel_cell: 0.0
ci_capital_cost_hydrogen_storage: 0.0
ci_capital_cost_onwind: 45985485.76217528
ci_capital_cost_solar: 66635853.33799796
ci_clean_excess_total: 385411.85286642506
ci_clean_total: 2100517.570096407
ci_clean_used_grid_total: 115763.09588229313
ci_clean_used_local_total: 1715105.7172299821
ci_clean_used_total: 1830868.8131122752
ci_cost_battery_inverter: 6885193.04553938
ci_cost_battery_storage: 23826656.09327856
ci_cost_grid: 20061243.26627238
ci_cost_hydrogen_electrolysis: 0.0
ci_cost_hydrogen_fuel_cell: 0.0
ci_cost_hydrogen_storage: 0.0
ci_cost_onwind: 45999300.08036179
ci_cost_solar: 66647903.99352073
ci_demand_total: 1927200.0
ci_emission_rate_local: 0.01795198762610803
ci_emission_rate_myopic: 0.013235919955490805
ci_emission_rate_true: 0.01886293460948905
ci_emissions: 36352.647579407305
ci_fraction_clean: 1.0899323215527226
ci_fraction_clean_excess: 0.1999853948040811
ci_fraction_clean_used: 0.9500149507639453
ci_fraction_clean_used_grid: 0.06006802401530362
ci_fraction_clean_used_local: 0.8899469267486416
ci_generation_battery_discharger: 612062.2775508468
ci_generation_onwind: 920954.5457677622
ci_generation_solar: 1205065.5522768055
ci_marginal_cost_grid: 20061243.26627238
ci_marginal_cost_onwind: 13814.318186516442
ci_marginal_cost_solar: 12050.65552276806
ci_revenue_grid: 29164216.91627439
ci_total_cost: 163420296.47897285
co2_price: 130.0
emissions: 296529248.2435056
emissions_zone: 2.2229766122303976
objective: 164503544162.40128
system_emission_rate: 0.09230208288037536
system_emissions: 98843082.74783513
system_grid_cfe_wavg: 0.7264379199038808
system_inv_H2_Electrolysis-2030: 7868.093205035221
system_inv_H2_Fuel_Cell-2030: 1732.3560859505258
system_inv_OCGT-2030: 69298.19246727915
system_inv_battery_charger-2030: 28126.36250201571
system_inv_battery_discharger-2030: 28706.345506631693
system_inv_offwind-ac-2030: 6092.3670214486465
system_inv_offwind-dc-2030: 58182.43902763106
system_inv_onwind-2030: 222378.76067773643
system_inv_solar-2030: 390790.18278364826
system_inv_solar_rooftop-2030: 0.0
zone_average_marginal_price: 72.33374052888055
