ci_average cost: 101.4855881237988
ci_average_revenue: 21.531372994777406
ci_cap_battery_charger: 435.80198439888346
ci_cap_battery_discharger: 444.7884910725125
ci_cap_onwind: 643.3302029296688
ci_cap_solar: 1221.2213275773051
ci_capital_cost_battery_inverter: 10374425.964668786
ci_capital_cost_battery_storage: 47996065.538357824
ci_capital_cost_grid: 0.0
ci_capital_cost_hydrogen_electrolysis: 0.0
ci_capital_cost_hydrogen_fuel_cell: 0.0
ci_capital_cost_hydrogen_storage: 0.0
ci_capital_cost_onwind: 70372068.64140494
ci_capital_cost_solar: 58607564.0371071
ci_clean_excess_total: 385435.5825553325
ci_clean_total: 2232946.1167246243
ci_clean_used_grid_total: 41149.81329217952
ci_clean_used_local_total: 1847510.5341692911
ci_clean_used_total: 1888660.3474614706
ci_cost_battery_inverter: 10374425.964668786
ci_cost_battery_storage: 47996065.538357824
ci_cost_grid: 8204329.829367813
ci_cost_hydrogen_electrolysis: 0.0
ci_cost_hydrogen_fuel_cell: 0.0
ci_cost_hydrogen_storage: 0.0
ci_cost_onwind: 70389843.2791812
ci_cost_solar: 58618360.820609435
ci_demand_total: 1927200.0
ci_emission_rate_local: 0.007814061503617213
ci_emission_rate_myopic: 0.004562258159904282
ci_emission_rate_true: 0.007716364095878844
ci_emissions: 14870.976885577704
ci_fraction_clean: 1.158647839728427
ci_fraction_clean_excess: 0.19999770784315718
ci_fraction_clean_used: 0.9800022558434364
ci_fraction_clean_used_grid: 0.02135212395816704
ci_fraction_clean_used_local: 0.9586501318852694
ci_generation_battery_discharger: 760996.0439877608
ci_generation_onwind: 1184975.8517500497
ci_generation_solar: 1079678.3502335253
ci_marginal_cost_grid: 8204329.829367813
ci_marginal_cost_onwind: 17774.637776250758
ci_marginal_cost_solar: 10796.783502335256
ci_revenue_grid: 41495262.035535015
ci_total_cost: 195583025.43218505
co2_price: 130.0
emissions: 296441028.07349664
emissions_zone: 2.130324241029112
objective: 164523872965.26974
system_emission_rate: 0.0922746221644693
system_emissions: 98813676.02449892
system_grid_cfe_wavg: 0.7327633949778943
system_inv_H2_Electrolysis-2030: 7840.800924471557
system_inv_H2_Fuel_Cell-2030: 1727.8703436559301
system_inv_OCGT-2030: 69307.40012375503
system_inv_battery_charger-2030: 28120.94397929947
system_inv_battery_discharger-2030: 28700.81525062305
system_inv_offwind-ac-2030: 6091.358781035688
system_inv_offwind-dc-2030: 58145.48663124285
system_inv_onwind-2030: 222382.880761862
system_inv_solar-2030: 391111.4267077302
system_inv_solar_rooftop-2030: 0.0
zone_average_marginal_price: 72.94994745296603
