ci_average cost: 77.15173967136327
ci_average_revenue: 10.234688679365107
ci_cap_battery_charger: 159.2748924365271
ci_cap_battery_discharger: 162.55923930749574
ci_cap_onwind: 432.6120009108123
ci_cap_solar: 1043.5243437168206
ci_capital_cost_battery_inverter: 3791597.190390324
ci_capital_cost_battery_storage: 12090311.46176022
ci_capital_cost_grid: 0.0
ci_capital_cost_hydrogen_electrolysis: 0.0
ci_capital_cost_hydrogen_fuel_cell: 0.0
ci_capital_cost_hydrogen_storage: 0.0
ci_capital_cost_onwind: 47322201.38981948
ci_capital_cost_solar: 50079718.08025299
ci_clean_excess_total: 385433.510161969
ci_clean_total: 1972657.0764273028
ci_clean_used_grid_total: 147263.04853913048
ci_clean_used_local_total: 1587223.566265334
ci_clean_used_total: 1734486.6148044644
ci_cost_battery_inverter: 3791597.190390324
ci_cost_battery_storage: 12090311.46176022
ci_cost_grid: 35377822.82166284
ci_cost_hydrogen_electrolysis: 0.0
ci_cost_hydrogen_fuel_cell: 0.0
ci_cost_hydrogen_storage: 0.0
ci_cost_onwind: 47338160.662206486
ci_cost_solar: 50088940.558631435
ci_demand_total: 1927200.0
ci_emission_rate_local: 0.03610788743948315
ci_emission_rate_myopic: 0.021345664714934383
ci_emission_rate_true: 0.037042371739557926
ci_emissions: 71388.05881647604
ci_fraction_clean: 1.023587108980543
ci_fraction_clean_excess: 0.19999663250413502
ci_fraction_clean_used: 0.9000034323393858
ci_fraction_clean_used_grid: 0.07641295586297762
ci_fraction_clean_used_local: 0.8235904764764083
ci_generation_battery_discharger: 325014.94646072725
ci_generation_onwind: 1063951.49246686
ci_generation_solar: 922247.8378447874
ci_marginal_cost_grid: 35377822.82166284
ci_marginal_cost_onwind: 15959.27238700291
ci_marginal_cost_solar: 9222.478378447877
ci_revenue_grid: 19724292.022872433
ci_total_cost: 148686832.6946513
co2_price: 130.0
emissions: 296585272.9691199
emissions_zone: 2.276717976110692
objective: 164498342395.1915
system_emission_rate: 0.09231952196571928
system_emissions: 98861757.65637353
system_grid_cfe_wavg: 0.7256895820726253
system_inv_H2_Electrolysis-2030: 7891.811707477721
system_inv_H2_Fuel_Cell-2030: 1738.2031979189724
system_inv_OCGT-2030: 69292.36810172813
system_inv_battery_charger-2030: 28124.334018409685
system_inv_battery_discharger-2030: 28704.27519443811
system_inv_offwind-ac-2030: 6092.068575748767
system_inv_offwind-dc-2030: 58181.720751493944
system_inv_onwind-2030: 222401.23156823206
system_inv_solar-2030: 390810.6864589796
system_inv_solar_rooftop-2030: 0.0
zone_average_marginal_price: 72.50236061521693
