ci_average cost: 123.88209501136629
ci_average_revenue: 21.874433740179672
ci_cap_battery_charger: 561.8445286984871
ci_cap_battery_discharger: 573.4301106541434
ci_cap_onwind: 751.7448982315974
ci_cap_solar: 1662.9861263192051
ci_capital_cost_battery_inverter: 13374914.92765129
ci_capital_cost_battery_storage: 59396582.77638778
ci_capital_cost_grid: 0.0
ci_capital_cost_hydrogen_electrolysis: 0.0
ci_capital_cost_hydrogen_fuel_cell: 0.0
ci_capital_cost_hydrogen_storage: 0.0
ci_capital_cost_onwind: 82231245.07176816
ci_capital_cost_solar: 79808273.643914
ci_clean_excess_total: 385438.9358730422
ci_clean_total: 2276914.6190516483
ci_clean_used_grid_total: 16453.30671730846
ci_clean_used_local_total: 1891475.683178606
ci_clean_used_total: 1907928.9898959144
ci_cost_battery_inverter: 13374914.92765129
ci_cost_battery_storage: 59396582.77638778
ci_cost_grid: 3907159.199153412
ci_cost_hydrogen_electrolysis: 0.0
ci_cost_hydrogen_fuel_cell: 0.0
ci_cost_hydrogen_storage: 0.0
ci_cost_onwind: 82244246.37455407
ci_cost_solar: 79822670.22815856
ci_demand_total: 1927200.0
ci_emission_rate_local: 0.004086788592562697
ci_emission_rate_myopic: 0.002004298338740431
ci_emission_rate_true: 0.0038986948716890684
ci_emissions: 7513.564756719172
ci_fraction_clean: 1.1814625462077877
ci_fraction_clean_excess: 0.19999944783781767
ci_fraction_clean_used: 0.9900005136446215
ci_fraction_clean_used_grid: 0.008537415274651546
ci_fraction_clean_used_local: 0.9814630983699699
ci_generation_battery_discharger: 707937.6456423359
ci_generation_onwind: 866753.5190600569
ci_generation_solar: 1439658.424456539
ci_marginal_cost_grid: 3907159.199153412
ci_marginal_cost_onwind: 13001.302785900862
ci_marginal_cost_solar: 14396.584244565396
ci_revenue_grid: 42156408.70407426
ci_total_cost: 238745573.50590512
co2_price: 130.0
emissions: 296426131.6213763
emissions_zone: 2.1161045035733594
objective: 164566700316.45792
system_emission_rate: 0.09226998527429264
system_emissions: 98808710.54045868
system_grid_cfe_wavg: 0.7319920548501784
system_inv_H2_Electrolysis-2030: 7840.415652084848
system_inv_H2_Fuel_Cell-2030: 1727.8781089599233
system_inv_OCGT-2030: 69306.835375335
system_inv_battery_charger-2030: 28119.4973924059
system_inv_battery_discharger-2030: 28699.338834212336
system_inv_offwind-ac-2030: 6091.108938872049
system_inv_offwind-dc-2030: 58150.58093634136
system_inv_onwind-2030: 222377.486068883
system_inv_solar-2030: 391107.93826571136
system_inv_solar_rooftop-2030: 0.0
zone_average_marginal_price: 73.30319187492347
