ci_average cost: 76.4993569499433
ci_average_revenue: 0.0
ci_cap_battery_charger: 0.0
ci_cap_battery_discharger: 0.0
ci_cap_onwind: 0.0
ci_cap_solar: 0.0
ci_capital_cost_battery_inverter: 0.0
ci_capital_cost_battery_storage: 0.0
ci_capital_cost_grid: 0.0
ci_capital_cost_hydrogen_electrolysis: 0.0
ci_capital_cost_hydrogen_fuel_cell: 0.0
ci_capital_cost_hydrogen_storage: 0.0
ci_capital_cost_onwind: 0.0
ci_capital_cost_solar: 0.0
ci_clean_excess_total: 0.0
ci_clean_total: 0.0
ci_clean_used_grid_total: 1379347.9015042866
ci_clean_used_local_total: 0.0
ci_clean_used_total: 1379347.9015042866
ci_cost_battery_inverter: 0.0
ci_cost_battery_storage: 0.0
ci_cost_grid: 147429560.71393073
ci_cost_hydrogen_electrolysis: 0.0
ci_cost_hydrogen_fuel_cell: 0.0
ci_cost_hydrogen_storage: 0.0
ci_cost_onwind: 0.0
ci_cost_solar: 0.0
ci_demand_total: 1927200.0
ci_emission_rate_local: 0.10303368849210848
ci_emission_rate_myopic: 0.09134981994491764
ci_emission_rate_true: 0.10742051086542274
ci_emissions: 207020.80853984272
ci_fraction_clean: 0.0
ci_fraction_clean_excess: 0.0
ci_fraction_clean_used: 0.7157263913990695
ci_fraction_clean_used_grid: 0.7157263913990695
ci_fraction_clean_used_local: 0.0
ci_generation_battery_discharger: -0.0
ci_generation_onwind: 0.0
ci_generation_solar: 0.0
ci_marginal_cost_grid: 147429560.71393073
ci_marginal_cost_onwind: 0.0
ci_marginal_cost_solar: 0.0
ci_revenue_grid: 0.0
ci_total_cost: 147429560.71393073
co2_price: 130.0
emissions: 297061917.5541657
emissions_zone: 2.4780823847269016
objective: 164515504521.5337
system_emission_rate: 0.09246788941430649
system_emissions: 99020639.18472211
system_grid_cfe_wavg: 0.7163069036308988
system_inv_H2_Electrolysis-2030: 7673.408558454613
system_inv_H2_Fuel_Cell-2030: 1687.830487709468
system_inv_OCGT-2030: 69345.52056088076
system_inv_battery_charger-2030: 28145.552954463714
system_inv_battery_discharger-2030: 28725.931678087793
system_inv_offwind-ac-2030: 6091.683225494875
system_inv_offwind-dc-2030: 58181.91673970433
system_inv_onwind-2030: 222149.93325314607
system_inv_solar-2030: 391552.71080619306
system_inv_solar_rooftop-2030: 0.0
zone_average_marginal_price: 76.49935694994329
