ci_average cost: 81.10678580888641
ci_average_revenue: 13.570290872965002
ci_cap_battery_charger: 0.0
ci_cap_battery_discharger: 0.0
ci_cap_onwind: 714.767305015147
ci_cap_solar: 745.5755679842625
ci_capital_cost_battery_inverter: 0.0
ci_capital_cost_battery_storage: 0.0
ci_capital_cost_grid: 0.0
ci_capital_cost_hydrogen_electrolysis: 0.0
ci_capital_cost_hydrogen_fuel_cell: 0.0
ci_capital_cost_hydrogen_storage: 0.0
ci_capital_cost_onwind: 78186370.89024855
ci_capital_cost_solar: 35780875.143923596
ci_clean_excess_total: 385433.52576089575
ci_clean_total: 1927200.0000251757
ci_clean_used_grid_total: 113626.0522263362
ci_clean_used_local_total: 1541766.4742642802
ci_clean_used_total: 1655392.5264906164
ci_cost_battery_inverter: 0.0
ci_cost_battery_storage: 0.0
ci_cost_grid: 42315993.846836925
ci_cost_hydrogen_electrolysis: 0.0
ci_cost_hydrogen_fuel_cell: 0.0
ci_cost_hydrogen_storage: 0.0
ci_cost_onwind: 78205828.07987827
ci_cost_solar: 35787175.6841707
ci_demand_total: 1927200.0
ci_emission_rate_local: 0.050839991091930374
ci_emission_rate_myopic: 0.02445555868251756
ci_emission_rate_true: 0.050548964212787095
ci_emissions: 97417.9638308833
ci_fraction_clean: 1.0000000000130633
ci_fraction_clean_excess: 0.1999966405982232
ci_fraction_clean_used: 0.8589624981790247
ci_fraction_clean_used_grid: 0.05895913876418442
ci_fraction_clean_used_local: 0.8000033594148402
ci_generation_battery_discharger: -0.0
ci_generation_onwind: 1297145.9753147787
ci_generation_solar: 630054.024710397
ci_marginal_cost_grid: 42315993.846836925
ci_marginal_cost_onwind: 19457.189629721695
ci_marginal_cost_solar: 6300.540247103972
ci_revenue_grid: 26152664.57037815
ci_total_cost: 156308997.6108859
co2_price: 130.0
emissions: 296614796.301011
emissions_zone: 2.2795774046653796
objective: 164498914095.9937
system_emission_rate: 0.09232871183499286
system_emissions: 98871598.76700401
system_grid_cfe_wavg: 0.7248557524684329
system_inv_H2_Electrolysis-2030: 7876.729826741333
system_inv_H2_Fuel_Cell-2030: 1739.4881552406814
system_inv_OCGT-2030: 69284.20314695843
system_inv_battery_charger-2030: 28142.07356748271
system_inv_battery_discharger-2030: 28722.380543993557
system_inv_offwind-ac-2030: 6091.762522619656
system_inv_offwind-dc-2030: 58177.146942989515
system_inv_onwind-2030: 222349.48997332342
system_inv_solar-2030: 390767.8761558171
system_inv_solar_rooftop-2030: 0.0
zone_average_marginal_price: 71.20058403773444
