ci_average cost: 92.25020873955646
ci_average_revenue: 8.777766649848298
ci_cap_H2_Electrolysis: 4.626452829408615
ci_cap_H2_Fuel_Cell: 15.909742122763609
ci_cap_adv_geothermal: 0.0026360152094128076
ci_cap_allam_ccs: 185.71357505689045
ci_cap_battery_charger: 19.685087225588262
ci_cap_battery_discharger: 20.091005908973155
ci_cap_onwind: 447.94469125772537
ci_cap_solar: 386.4282087881808
ci_capital_cost_adv_geothermal: 2124.2698532716677
ci_capital_cost_allam_ccs: 47434677.88466806
ci_capital_cost_battery_inverter: 625808.0398401918
ci_capital_cost_battery_storage: 3955174.224120838
ci_capital_cost_grid: 0.0
ci_capital_cost_hydrogen_electrolysis: 390785.2636892963
ci_capital_cost_hydrogen_fuel_cell: 3672811.7503363495
ci_capital_cost_hydrogen_storage: 210252.40218029768
ci_capital_cost_onwind: 51415554.4291835
ci_capital_cost_solar: 21369942.988866825
ci_clean_excess_total: 385439.7972245676
ci_clean_total: 2312639.7972174482
ci_clean_used_grid_total: 0.1978312089053591
ci_clean_used_local_total: 1927199.9999928805
ci_clean_used_total: 1927200.1978240893
ci_cost_adv_geothermal: 2124.2698532716677
ci_cost_allam_ccs: 96117854.84149939
ci_cost_battery_inverter: 625808.0398401918
ci_cost_battery_storage: 3955174.224120838
ci_cost_grid: 6.50704147649458
ci_cost_hydrogen_electrolysis: 390785.2636892963
ci_cost_hydrogen_fuel_cell: 3672811.7503363495
ci_cost_hydrogen_storage: 210252.40218029768
ci_cost_onwind: 51436326.83605589
ci_cost_solar: 21373458.14825623
ci_demand_total: 1927200.0
ci_emission_rate_local: 3.601012187038187e-13
ci_emission_rate_myopic: 1.423121155387278e-08
ci_emission_rate_true: 1.2348581455235684e-10
ci_emissions: 0.00023798186180530213
ci_fraction_clean: 1.1999998947786676
ci_fraction_clean_excess: 0.19999989478236177
ci_fraction_clean_used: 1.0000001026484482
ci_fraction_clean_used_grid: 1.0265214243740094e-07
ci_fraction_clean_used_local: 0.9999999999963057
ci_generation_H2_Fuel_Cell: 5024.5756968293
ci_generation_adv_geothermal: 20.211382899520135
ci_generation_allam_ccs: 587750.7502389761
ci_generation_battery_discharger: 36001.78521582387
ci_generation_onwind: 1384827.1248261128
ci_generation_solar: 351515.93894071435
ci_marginal_cost_adv_geothermal: 0.0
ci_marginal_cost_allam_ccs: 48683176.956831336
ci_marginal_cost_grid: 6.50704147649458
ci_marginal_cost_onwind: 20772.406872391704
ci_marginal_cost_solar: 3515.1593894071448
ci_revenue_grid: 16916511.88758764
ci_total_cost: 177784602.2828732
co2_price: 80.0
emissions: 511159872.27831686
emissions_zone: 3.6612616401626834
objective: 141949514444.13083
system_emission_rate: 0.15911118776860358
system_emissions: 170386624.09277216
system_grid_cfe_wavg: 0.5609410546879037
system_inv_H2_Electrolysis-2025: 107.67208192818363
system_inv_H2_Fuel_Cell-2025: 22.42334108372441
system_inv_OCGT-2025: 16997.510913484144
system_inv_battery_charger-2025: 1715.0354471808596
system_inv_battery_discharger-2025: 1750.4005396846483
system_inv_offwind-ac-2025: 542.0578284998788
system_inv_offwind-dc-2025: 34722.56740116416
system_inv_onwind-2025: 114365.62340781037
system_inv_solar-2025: 189017.34121177177
system_inv_solar_rooftop-2025: 0.0
zone_average_marginal_price: 77.38157571303705
