ci_average cost: 79.92518457774351
ci_average_revenue: 16.730080613306924
ci_cap_H2_Electrolysis: 0.009636429886954434
ci_cap_H2_Fuel_Cell: 0.0028991183457675344
ci_cap_adv_geothermal: 0.00107582264587304
ci_cap_allam_ccs: 0.0190655424873575
ci_cap_battery_charger: 52.791599223149106
ci_cap_battery_discharger: 53.8801946763909
ci_cap_onwind: 592.6839493743116
ci_cap_solar: 785.7669450556417
ci_capital_cost_adv_geothermal: 866.9667784671608
ci_capital_cost_allam_ccs: 4869.6917622054125
ci_capital_cost_battery_inverter: 1678296.2072387089
ci_capital_cost_battery_storage: 5524456.352029526
ci_capital_cost_grid: 0.0
ci_capital_cost_hydrogen_electrolysis: 813.9658899058247
ci_capital_cost_hydrogen_fuel_cell: 669.2701769638161
ci_capital_cost_hydrogen_storage: 423.83240094670396
ci_capital_cost_onwind: 68028876.0043047
ci_capital_cost_solar: 43453853.61755377
ci_clean_excess_total: 385437.64050183643
ci_clean_total: 1938699.1308929687
ci_clean_used_grid_total: 84860.90518670955
ci_clean_used_local_total: 1553261.4903911324
ci_clean_used_total: 1638122.395577842
ci_cost_adv_geothermal: 866.9667784671608
ci_cost_allam_ccs: 10795.486263524901
ci_cost_battery_inverter: 1678296.2072387089
ci_cost_battery_storage: 5524456.352029526
ci_cost_grid: 35307131.064422354
ci_cost_hydrogen_electrolysis: 813.9658899058247
ci_cost_hydrogen_fuel_cell: 669.2701769638161
ci_cost_hydrogen_storage: 423.83240094670396
ci_cost_onwind: 68047474.08767039
ci_cost_solar: 43460888.48535647
ci_demand_total: 1927200.0
ci_emission_rate_local: 0.05628800184852051
ci_emission_rate_myopic: 0.03645059693543197
ci_emission_rate_true: 0.055305649577597024
ci_emissions: 106585.04786594499
ci_fraction_clean: 1.0059667553408929
ci_fraction_clean_excess: 0.1999987756858844
ci_fraction_clean_used: 0.8500012430354099
ci_fraction_clean_used_grid: 0.04403326338040139
ci_fraction_clean_used_local: 0.8059679796550085
ci_generation_H2_Fuel_Cell: 11.845813456673802
ci_generation_adv_geothermal: 7.521336670145345
ci_generation_allam_ccs: 71.54196545145155
ci_generation_battery_discharger: 113170.4307795876
ci_generation_onwind: 1239872.2243790461
ci_generation_solar: 703486.780269922
ci_marginal_cost_adv_geothermal: 0.0
ci_marginal_cost_allam_ccs: 5925.794501319489
ci_marginal_cost_grid: 35307131.064422354
ci_marginal_cost_onwind: 18598.083365685703
ci_marginal_cost_solar: 7034.867802699223
ci_revenue_grid: 32242211.357965104
ci_total_cost: 154031815.7182273
co2_price: 80.0
emissions: 511302138.6524064
emissions_zone: 3.6814031347169727
objective: 141909093576.4343
system_emission_rate: 0.1591554717059561
system_emissions: 170434046.217469
system_grid_cfe_wavg: 0.5641555553180263
system_inv_H2_Electrolysis-2025: 107.70018202426886
system_inv_H2_Fuel_Cell-2025: 22.429860563523214
system_inv_OCGT-2025: 16997.441507166575
system_inv_battery_charger-2025: 1715.0902899635632
system_inv_battery_discharger-2025: 1750.4565133594785
system_inv_offwind-ac-2025: 542.0711618690152
system_inv_offwind-dc-2025: 34722.918833643555
system_inv_onwind-2025: 114366.12054075538
system_inv_solar-2025: 189016.41376040602
system_inv_solar_rooftop-2025: 0.0
zone_average_marginal_price: 76.60105586382149
