ci_average cost: 72.83762258759025
ci_average_revenue: 13.168106411892506
ci_cap_H2_Electrolysis: 0.0037827857205762756
ci_cap_H2_Fuel_Cell: 0.0010685818383490832
ci_cap_adv_geothermal: 0.0004896600765710371
ci_cap_allam_ccs: 0.0007405195682794255
ci_cap_battery_charger: 0.01268330186170241
ci_cap_battery_discharger: 0.012944839396876911
ci_cap_onwind: 522.3849777100346
ci_cap_solar: 580.4473961028499
ci_capital_cost_adv_geothermal: 394.59944513835194
ci_capital_cost_allam_ccs: 189.14237786800243
ci_capital_cost_battery_inverter: 403.21448342153565
ci_capital_cost_battery_storage: 992.1327188250399
ci_capital_cost_grid: 0.0
ci_capital_cost_hydrogen_electrolysis: 319.52274664917866
ci_capital_cost_hydrogen_fuel_cell: 246.6853266256957
ci_capital_cost_hydrogen_storage: 218.53666615998915
ci_capital_cost_onwind: 59959887.41160214
ci_capital_cost_solar: 32099436.533509847
ci_clean_excess_total: 385437.9795615472
ci_clean_total: 1800966.5853076135
ci_clean_used_grid_total: 126233.510400333
ci_clean_used_local_total: 1415528.6057460662
ci_clean_used_total: 1541762.1161463992
ci_cost_adv_geothermal: 394.59944513835194
ci_cost_allam_ccs: 441.5927984721539
ci_cost_battery_inverter: 403.21448342153565
ci_cost_battery_storage: 992.1327188250399
ci_cost_grid: 48285949.20750852
ci_cost_hydrogen_electrolysis: 319.52274664917866
ci_cost_hydrogen_fuel_cell: 246.6853266256957
ci_cost_hydrogen_storage: 218.53666615998915
ci_cost_onwind: 59978988.72932832
ci_cost_solar: 32104712.02978178
ci_demand_total: 1927200.0
ci_emission_rate_local: 0.07546140158312277
ci_emission_rate_myopic: 0.04884372228045637
ci_emission_rate_true: 0.07396885309010234
ci_emissions: 142552.77367524523
ci_fraction_clean: 0.9344990583787949
ci_fraction_clean_excess: 0.19999895161973186
ci_fraction_clean_used: 0.8000010980419257
ci_fraction_clean_used_grid: 0.0655009912828627
ci_fraction_clean_used_local: 0.734500106759063
ci_generation_H2_Fuel_Cell: 4.406024428133664
ci_generation_adv_geothermal: 3.281885066081266
ci_generation_allam_ccs: 3.0478274710749824
ci_generation_battery_discharger: 43.36948716823106
ci_generation_onwind: 1273421.1817454111
ci_generation_solar: 527549.6271933216
ci_marginal_cost_adv_geothermal: 0.0
ci_marginal_cost_allam_ccs: 252.45042060415147
ci_marginal_cost_grid: 48285949.20750852
ci_marginal_cost_onwind: 19101.31772618118
ci_marginal_cost_solar: 5275.496271933218
ci_revenue_grid: 25377574.676999237
ci_total_cost: 140372666.25080392
co2_price: 80.0
emissions: 511356972.13828784
emissions_zone: 3.78546424469625
objective: 141902949673.8575
system_emission_rate: 0.1591725399883882
system_emissions: 170452324.046096
system_grid_cfe_wavg: 0.5636397520129981
system_inv_H2_Electrolysis-2025: 107.71361103170737
system_inv_H2_Fuel_Cell-2025: 22.42931107481487
system_inv_OCGT-2025: 16997.440824090456
system_inv_battery_charger-2025: 1715.000896833043
system_inv_battery_discharger-2025: 1750.3652768872735
system_inv_offwind-ac-2025: 542.0505525719464
system_inv_offwind-dc-2025: 34722.956387162325
system_inv_onwind-2025: 114365.73908751138
system_inv_solar-2025: 189017.16597761583
system_inv_solar_rooftop-2025: 0.0
zone_average_marginal_price: 77.16741505847511
