ci_average cost: 81.87266292386121
ci_average_revenue: 14.574179830443821
ci_cap_H2_Electrolysis: 0.01067328197012474
ci_cap_H2_Fuel_Cell: 0.003262833142581381
ci_cap_adv_geothermal: 0.0012442456686784938
ci_cap_allam_ccs: 40.633921821411455
ci_cap_battery_charger: 59.35802918504297
ci_cap_battery_discharger: 60.5820284886272
ci_cap_onwind: 567.3388350748762
ci_cap_solar: 698.2288272071759
ci_capital_cost_adv_geothermal: 1002.6928352307746
ci_capital_cost_allam_ccs: 10378654.291690797
ci_capital_cost_battery_inverter: 1887049.3926378102
ci_capital_cost_battery_storage: 6766523.345371582
ci_capital_cost_grid: 0.0
ci_capital_cost_hydrogen_electrolysis: 901.54627376987
ci_capital_cost_hydrogen_fuel_cell: 753.2348301430625
ci_capital_cost_hydrogen_storage: 481.9544670904925
ci_capital_cost_onwind: 65119737.60126303
ci_capital_cost_solar: 38612890.80678798
ci_clean_excess_total: 385434.60080135986
ci_clean_total: 2069520.465702916
ci_clean_used_grid_total: 50399.66992092646
ci_clean_used_local_total: 1684085.8649015562
ci_clean_used_total: 1734485.5348224826
ci_cost_adv_geothermal: 1002.6928352307746
ci_cost_allam_ccs: 22500085.46668049
ci_cost_battery_inverter: 1887049.3926378102
ci_cost_battery_storage: 6766523.345371582
ci_cost_grid: 22869791.625143114
ci_cost_hydrogen_electrolysis: 901.54627376987
ci_cost_hydrogen_fuel_cell: 753.2348301430625
ci_cost_hydrogen_storage: 481.9544670904925
ci_cost_onwind: 65139222.05973947
ci_cost_solar: 38619184.66888665
ci_demand_total: 1927200.0
ci_emission_rate_local: 0.037099495544991194
ci_emission_rate_myopic: 0.023903904225587032
ci_emission_rate_true: 0.036666145541150504
ci_emissions: 70662.99568690525
ci_fraction_clean: 1.073848311385905
ci_fraction_clean_excess: 0.1999971984232876
ci_fraction_clean_used: 0.9000028719502297
ci_fraction_clean_used_grid: 0.02615175898761232
ci_fraction_clean_used_local: 0.8738511129626173
ci_generation_H2_Fuel_Cell: 12.899693219874129
ci_generation_adv_geothermal: 8.765191487008947
ci_generation_allam_ccs: 146341.7285479886
ci_generation_battery_discharger: 123709.03235123321
ci_generation_onwind: 1298963.8984292846
ci_generation_solar: 629386.2098661046
ci_marginal_cost_adv_geothermal: 0.0
ci_marginal_cost_allam_ccs: 12121431.174989693
ci_marginal_cost_grid: 22869791.625143114
ci_marginal_cost_onwind: 19484.458476439282
ci_marginal_cost_solar: 6293.862098661049
ci_revenue_grid: 28087359.369231332
ci_total_cost: 157784995.98686534
co2_price: 80.0
emissions: 511251965.16197234
emissions_zone: 3.6669771582386708
objective: 141917345899.62924
system_emission_rate: 0.15913985396268157
system_emissions: 170417321.72065762
system_grid_cfe_wavg: 0.562643631240818
system_inv_H2_Electrolysis-2025: 107.73399292580419
system_inv_H2_Fuel_Cell-2025: 22.438234891187324
system_inv_OCGT-2025: 16997.451246320674
system_inv_battery_charger-2025: 1715.133603142247
system_inv_battery_discharger-2025: 1750.5007196827166
system_inv_offwind-ac-2025: 542.080290678389
system_inv_offwind-dc-2025: 34722.878435161954
system_inv_onwind-2025: 114366.1105164874
system_inv_solar-2025: 189016.49315084322
system_inv_solar_rooftop-2025: 0.0
zone_average_marginal_price: 76.80242732926833
