ci_average cost: 85.511690537219
ci_average_revenue: 13.246156827806987
ci_cap_H2_Electrolysis: 0.00712580092103247
ci_cap_H2_Fuel_Cell: 0.002358190392520977
ci_cap_adv_geothermal: 0.0009994127501235391
ci_cap_allam_ccs: 85.23229119163759
ci_cap_battery_charger: 60.89938471252583
ci_cap_battery_discharger: 62.15516772116424
ci_cap_onwind: 536.7877564424311
ci_cap_solar: 662.5802512895988
ci_capital_cost_adv_geothermal: 805.3907915560485
ci_capital_cost_allam_ccs: 21769901.72532654
ci_capital_cost_battery_inverter: 1936050.5817256104
ci_capital_cost_battery_storage: 8077673.344526216
ci_capital_cost_grid: 0.0
ci_capital_cost_hydrogen_electrolysis: 601.8991427345987
ci_capital_cost_hydrogen_fuel_cell: 544.3953344026193
ci_capital_cost_hydrogen_storage: 311.20552555297644
ci_capital_cost_onwind: 61613053.23385531
ci_capital_cost_solar: 36641481.84215286
ci_clean_excess_total: 385438.5950089105
ci_clean_total: 2193663.265400265
ci_clean_used_grid_total: 22616.719598447515
ci_clean_used_local_total: 1808224.670391354
ci_clean_used_total: 1830841.3899898014
ci_cost_adv_geothermal: 805.3907915560485
ci_cost_allam_ccs: 45447592.78831467
ci_cost_battery_inverter: 1936050.5817256104
ci_cost_battery_storage: 8077673.344526216
ci_cost_grid: 11054323.21211924
ci_cost_hydrogen_electrolysis: 601.8991427345987
ci_cost_hydrogen_fuel_cell: 544.3953344026193
ci_cost_hydrogen_storage: 311.20552555297644
ci_cost_onwind: 61632722.40770072
ci_cost_solar: 36647504.77814775
ci_demand_total: 1927200.0
ci_emission_rate_local: 0.018317427035851902
ci_emission_rate_myopic: 0.011768026651841764
ci_emission_rate_true: 0.018247389191365468
ci_emissions: 35166.368449599526
ci_fraction_clean: 1.1382644590080246
ci_fraction_clean_excess: 0.19999927096767878
ci_fraction_clean_used: 0.9500007212483403
ci_fraction_clean_used_grid: 0.011735533207994767
ci_fraction_clean_used_local: 0.9382651880403455
ci_generation_H2_Fuel_Cell: 8.417012867314389
ci_generation_adv_geothermal: 7.207210024338018
ci_generation_allam_ccs: 285860.15860341594
ci_generation_battery_discharger: 138222.31171285722
ci_generation_onwind: 1311278.2563607767
ci_generation_solar: 602293.5994896224
ci_marginal_cost_adv_geothermal: 0.0
ci_marginal_cost_allam_ccs: 23677691.062988125
ci_marginal_cost_grid: 11054323.21211924
ci_marginal_cost_onwind: 19669.173845411664
ci_marginal_cost_solar: 6022.9359948962265
ci_revenue_grid: 25527993.438549623
ci_total_cost: 164798130.00332844
co2_price: 80.0
emissions: 511204353.6599166
emissions_zone: 3.653954730493416
objective: 141927114832.8161
system_emission_rate: 0.15912503370183068
system_emissions: 170401451.21997207
system_grid_cfe_wavg: 0.562700330356725
system_inv_H2_Electrolysis-2025: 107.69573392993871
system_inv_H2_Fuel_Cell-2025: 22.42466345868519
system_inv_OCGT-2025: 16997.498534626448
system_inv_battery_charger-2025: 1714.9887896175983
system_inv_battery_discharger-2025: 1750.3529200135522
system_inv_offwind-ac-2025: 542.0495936829707
system_inv_offwind-dc-2025: 34722.57004380225
system_inv_onwind-2025: 114365.75691272403
system_inv_solar-2025: 189017.0562360094
system_inv_solar_rooftop-2025: 0.0
zone_average_marginal_price: 76.9692800590697
