ci_average cost: 88.82091830099094
ci_average_revenue: 10.67119603207749
ci_cap_H2_Electrolysis: 0.009626097853084974
ci_cap_H2_Fuel_Cell: 0.004741407578074088
ci_cap_adv_geothermal: 0.0016069601714319751
ci_cap_allam_ccs: 143.73284627029835
ci_cap_battery_charger: 55.295025721802915
ci_cap_battery_discharger: 56.4352433790329
ci_cap_onwind: 449.9332658401621
ci_cap_solar: 591.7314984559459
ci_capital_cost_adv_geothermal: 1294.9914080130154
ci_capital_cost_allam_ccs: 36712024.213574864
ci_capital_cost_battery_inverter: 1757882.5668038349
ci_capital_cost_battery_storage: 8103100.813983057
ci_capital_cost_grid: 0.0
ci_capital_cost_hydrogen_electrolysis: 813.0931680325015
ci_capital_cost_hydrogen_fuel_cell: 1094.5681791389943
ci_capital_cost_hydrogen_storage: 366.536404149221
ci_capital_cost_onwind: 51643805.07412962
ci_capital_cost_solar: 32723460.91496586
ci_clean_excess_total: 385438.5839048696
ci_clean_total: 2281982.432225093
ci_clean_used_grid_total: 11385.561617253978
ci_clean_used_local_total: 1896543.8483202234
ci_clean_used_total: 1907929.4099374774
ci_cost_adv_geothermal: 1294.9914080130154
ci_cost_allam_ccs: 74514456.98944876
ci_cost_battery_inverter: 1757882.5668038349
ci_cost_battery_storage: 8103100.813983057
ci_cost_grid: 2404627.9411835317
ci_cost_hydrogen_electrolysis: 813.0931680325015
ci_cost_hydrogen_fuel_cell: 1094.5681791389943
ci_cost_hydrogen_storage: 366.536404149221
ci_cost_onwind: 51663197.458202
ci_cost_solar: 32728838.79088922
ci_demand_total: 1927200.0
ci_emission_rate_local: 0.0035069626950997874
ci_emission_rate_myopic: 0.002818705264638358
ci_emission_rate_true: 0.0037156475764680446
ci_emissions: 7160.796009369215
ci_fraction_clean: 1.1840921711421195
ci_fraction_clean_excess: 0.1999992652059307
ci_fraction_clean_used: 0.9900007315989401
ci_fraction_clean_used_grid: 0.00590782566275113
ci_fraction_clean_used_local: 0.9840929059361889
ci_generation_H2_Fuel_Cell: 10.79782985883509
ci_generation_adv_geothermal: 11.791151623822387
ci_generation_allam_ccs: 456387.804037111
ci_generation_battery_discharger: 120214.53064261569
ci_generation_onwind: 1292825.6048252485
ci_generation_solar: 537787.5923359529
ci_marginal_cost_adv_geothermal: 0.0
ci_marginal_cost_allam_ccs: 37802432.775873885
ci_marginal_cost_grid: 2404627.9411835317
ci_marginal_cost_onwind: 19392.38407237874
ci_marginal_cost_solar: 5377.875923359531
ci_revenue_grid: 20565528.993019737
ci_total_cost: 171175673.74966973
co2_price: 80.0
emissions: 511170455.09500563
emissions_zone: 3.649211040876522
objective: 141939019753.49893
system_emission_rate: 0.15911448193276792
system_emissions: 170390151.69833553
system_grid_cfe_wavg: 0.5610433424593487
system_inv_H2_Electrolysis-2025: 107.74024140792753
system_inv_H2_Fuel_Cell-2025: 22.434793704290044
system_inv_OCGT-2025: 16997.498317123478
system_inv_battery_charger-2025: 1715.0406915788703
system_inv_battery_discharger-2025: 1750.405892225392
system_inv_offwind-ac-2025: 542.0616557910477
system_inv_offwind-dc-2025: 34722.565731691844
system_inv_onwind-2025: 114365.69308000928
system_inv_solar-2025: 189017.19434769926
system_inv_solar_rooftop-2025: 0.0
zone_average_marginal_price: 77.3721347457429
