ci_average cost: 87.72893152622132
ci_average_revenue: 11.495160838351769
ci_cap_H2_Electrolysis: 0.00894239926790352
ci_cap_H2_Fuel_Cell: 0.0037294057792825394
ci_cap_adv_geothermal: 0.0014123646065712049
ci_cap_allam_ccs: 123.44753920328445
ci_cap_battery_charger: 59.37410368806762
ci_cap_battery_discharger: 60.59843445785411
ci_cap_onwind: 473.1559236747933
ci_cap_solar: 627.9890771734454
ci_capital_cost_adv_geothermal: 1138.173840899589
ci_capital_cost_allam_ccs: 31530782.044171676
ci_capital_cost_battery_inverter: 1887560.4166995266
ci_capital_cost_battery_storage: 8878257.527396213
ci_capital_cost_grid: 0.0
ci_capital_cost_hydrogen_electrolysis: 755.3428046880888
ci_capital_cost_hydrogen_fuel_cell: 860.9445245704514
ci_capital_cost_hydrogen_storage: 365.7811767746824
ci_capital_cost_onwind: 54309325.73145518
ci_capital_cost_solar: 34728548.464182615
ci_clean_excess_total: 385438.5558197433
ci_clean_total: 2260158.1793734576
ci_clean_used_grid_total: 13937.805690916883
ci_clean_used_local_total: 1874719.6235537142
ci_clean_used_total: 1888657.4292446312
ci_cost_adv_geothermal: 1138.173840899589
ci_cost_allam_ccs: 64691663.136819705
ci_cost_battery_inverter: 1887560.4166995266
ci_cost_battery_storage: 8878257.527396213
ci_cost_grid: 4547594.368469573
ci_cost_hydrogen_electrolysis: 755.3428046880888
ci_cost_hydrogen_fuel_cell: 860.9445245704514
ci_cost_hydrogen_storage: 365.7811767746824
ci_cost_onwind: 54328744.34274403
ci_cost_solar: 34734256.80285774
ci_demand_total: 1927200.0
ci_emission_rate_local: 0.00718250032189926
ci_emission_rate_myopic: 0.005066279143797444
ci_emission_rate_true: 0.007351419778656
ci_emissions: 14167.656197425844
ci_fraction_clean: 1.1727678390273233
ci_fraction_clean_excess: 0.19999925063290958
ci_fraction_clean_used: 0.980000741617181
ci_fraction_clean_used_grid: 0.0072321532227671665
ci_fraction_clean_used_local: 0.9727685883944138
ci_generation_H2_Fuel_Cell: 10.215908417083895
ci_generation_adv_geothermal: 10.30982007292382
ci_generation_allam_ccs: 400350.46928165667
ci_generation_battery_discharger: 134166.92402810097
ci_generation_onwind: 1294574.0859235474
ci_generation_solar: 570833.8675124013
ci_marginal_cost_adv_geothermal: 0.0
ci_marginal_cost_allam_ccs: 33160881.092648033
ci_marginal_cost_grid: 4547594.368469573
ci_marginal_cost_onwind: 19418.611288853223
ci_marginal_cost_solar: 5708.338675124015
ci_revenue_grid: 22153473.96767153
ci_total_cost: 169071196.8373337
co2_price: 80.0
emissions: 511178775.4996321
emissions_zone: 3.6456377029144598
objective: 141935217809.7074
system_emission_rate: 0.15911707186506563
system_emissions: 170392925.16654366
system_grid_cfe_wavg: 0.5625450056206112
system_inv_H2_Electrolysis-2025: 107.5899237108069
system_inv_H2_Fuel_Cell-2025: 22.4057748703132
system_inv_OCGT-2025: 16997.498722078082
system_inv_battery_charger-2025: 1715.045387825681
system_inv_battery_discharger-2025: 1750.410685311719
system_inv_offwind-ac-2025: 542.0568635804524
system_inv_offwind-dc-2025: 34722.56082822618
system_inv_onwind-2025: 114365.70561802117
system_inv_solar-2025: 189017.2070526344
system_inv_solar_rooftop-2025: 0.0
zone_average_marginal_price: 77.25307802186218
