ci_average cost: 81.04679902097338
ci_average_revenue: 0.0
ci_cap_H2_Electrolysis: 0.0
ci_cap_H2_Fuel_Cell: 0.0
ci_cap_adv_geothermal: 0.0
ci_cap_allam_ccs: 0.0
ci_cap_battery_charger: 0.0
ci_cap_battery_discharger: 0.0
ci_cap_onwind: 0.0
ci_cap_solar: 0.0
ci_capital_cost_adv_geothermal: 0.0
ci_capital_cost_allam_ccs: 0.0
ci_capital_cost_battery_inverter: 0.0
ci_capital_cost_battery_storage: 0.0
ci_capital_cost_grid: 0.0
ci_capital_cost_hydrogen_electrolysis: 0.0
ci_capital_cost_hydrogen_fuel_cell: 0.0
ci_capital_cost_hydrogen_storage: 0.0
ci_capital_cost_onwind: 0.0
ci_capital_cost_solar: 0.0
ci_clean_excess_total: 0.0
ci_clean_total: 0.0
ci_clean_used_grid_total: 1033416.040967599
ci_clean_used_local_total: 0.0
ci_clean_used_total: 1033416.040967599
ci_cost_adv_geothermal: 0.0
ci_cost_allam_ccs: 0.0
ci_cost_battery_inverter: 0.0
ci_cost_battery_storage: 0.0
ci_cost_grid: 156193391.0732199
ci_cost_hydrogen_electrolysis: 0.0
ci_cost_hydrogen_fuel_cell: 0.0
ci_cost_hydrogen_storage: 0.0
ci_cost_onwind: 0.0
ci_cost_solar: 0.0
ci_demand_total: 1927200.0
ci_emission_rate_local: 0.16894096566241498
ci_emission_rate_myopic: 0.15542707027041625
ci_emission_rate_true: 0.17820818436898805
ci_emissions: 343442.8129159138
ci_fraction_clean: 0.0
ci_fraction_clean_excess: 0.0
ci_fraction_clean_used: 0.5362266713198417
ci_fraction_clean_used_grid: 0.5362266713198417
ci_fraction_clean_used_local: 0.0
ci_generation_H2_Fuel_Cell: -0.0
ci_generation_adv_geothermal: 0.0
ci_generation_allam_ccs: 0.0
ci_generation_battery_discharger: -0.0
ci_generation_onwind: 0.0
ci_generation_solar: 0.0
ci_marginal_cost_adv_geothermal: 0.0
ci_marginal_cost_allam_ccs: 0.0
ci_marginal_cost_grid: 156193391.0732199
ci_marginal_cost_onwind: 0.0
ci_marginal_cost_solar: 0.0
ci_revenue_grid: 0.0
ci_total_cost: 156193391.0732199
co2_price: 80.0
emissions: 511997012.7967703
emissions_zone: 4.183076745685985
objective: 141942203204.35147
system_emission_rate: 0.15937176851729704
system_emissions: 170665670.93225658
system_grid_cfe_wavg: 0.5332050662555337
system_inv_H2_Electrolysis-2025: 107.40256592635961
system_inv_H2_Fuel_Cell-2025: 22.371294204991617
system_inv_OCGT-2025: 16995.20602715758
system_inv_battery_charger-2025: 1715.0792928935164
system_inv_battery_discharger-2025: 1750.4452895230397
system_inv_offwind-ac-2025: 542.0680706937133
system_inv_offwind-dc-2025: 34723.01684597597
system_inv_onwind-2025: 114399.2085557656
system_inv_solar-2025: 189016.73472679555
system_inv_solar_rooftop-2025: 0.0
zone_average_marginal_price: 81.04679902097338
