ci_average cost: 80.62107210684287
ci_average_revenue: 17.985098964725193
ci_cap_H2_Electrolysis: 0.0
ci_cap_H2_Fuel_Cell: 0.0
ci_cap_adv_geothermal: 0.0
ci_cap_allam_ccs: 0.0
ci_cap_battery_charger: 0.0
ci_cap_battery_discharger: 0.0
ci_cap_onwind: 798.2746792958717
ci_cap_solar: 490.03334341376734
ci_capital_cost_adv_geothermal: 0.0
ci_capital_cost_allam_ccs: 0.0
ci_capital_cost_battery_inverter: 0.0
ci_capital_cost_battery_storage: 0.0
ci_capital_cost_grid: 0.0
ci_capital_cost_hydrogen_electrolysis: 0.0
ci_capital_cost_hydrogen_fuel_cell: 0.0
ci_capital_cost_hydrogen_storage: 0.0
ci_capital_cost_onwind: 91626792.37817185
ci_capital_cost_solar: 27099431.07992974
ci_clean_excess_total: 385439.45053128456
ci_clean_total: 1927200.0000038706
ci_clean_used_grid_total: 68461.96789031845
ci_clean_used_local_total: 1541760.5494725858
ci_clean_used_total: 1610222.5173629043
ci_cost_adv_geothermal: 0.0
ci_cost_allam_ccs: 0.0
ci_cost_battery_inverter: 0.0
ci_cost_battery_storage: 0.0
ci_cost_grid: 36620014.32380212
ci_cost_hydrogen_electrolysis: 0.0
ci_cost_hydrogen_fuel_cell: 0.0
ci_cost_hydrogen_storage: 0.0
ci_cost_onwind: 91649053.5253834
ci_cost_solar: 27103862.31512208
ci_demand_total: 1927200.0
ci_emission_rate_local: 0.06233160685458093
ci_emission_rate_myopic: 0.03708226239563925
ci_emission_rate_true: 0.0601053637123121
ci_emissions: 115835.05694636788
ci_fraction_clean: 1.0000000000020084
ci_fraction_clean_excess: 0.19999971488754906
ci_fraction_clean_used: 0.8355243448333874
ci_fraction_clean_used_grid: 0.03552405971892821
ci_fraction_clean_used_local: 0.8000002851144592
ci_generation_H2_Fuel_Cell: -0.0
ci_generation_adv_geothermal: 0.0
ci_generation_allam_ccs: 0.0
ci_generation_battery_discharger: -0.0
ci_generation_onwind: 1484076.4807698026
ci_generation_solar: 443123.5192340679
ci_marginal_cost_adv_geothermal: 0.0
ci_marginal_cost_allam_ccs: 0.0
ci_marginal_cost_grid: 36620014.32380212
ci_marginal_cost_onwind: 22261.147211547053
ci_marginal_cost_solar: 4431.23519234068
ci_revenue_grid: 34660882.72481839
ci_total_cost: 155372930.1643076
co2_price: 80.0
emissions: 511313327.6511752
emissions_zone: 3.6868813540017
objective: 141908841356.28293
system_emission_rate: 0.15915895455932697
system_emissions: 170437775.88372564
system_grid_cfe_wavg: 0.5643808218799763
system_inv_H2_Electrolysis-2025: 107.64834946623203
system_inv_H2_Fuel_Cell-2025: 22.42009840823381
system_inv_OCGT-2025: 16997.448741512435
system_inv_battery_charger-2025: 1715.0471045775475
system_inv_battery_discharger-2025: 1750.4124374640714
system_inv_offwind-ac-2025: 542.066509720439
system_inv_offwind-dc-2025: 34722.96209346869
system_inv_onwind-2025: 114365.78162170807
system_inv_solar-2025: 189017.14733697145
system_inv_solar_rooftop-2025: 0.0
zone_average_marginal_price: 77.52257086445127
