ci_average cost: 203.6306054545752
ci_average_revenue: 34.89602687412254
ci_cap_battery_charger: 6114.112371108228
ci_cap_battery_discharger: 6240.189152750397
ci_cap_onwind: 11762.42290267702
ci_cap_solar: 33205.79138234626
ci_capital_cost_battery_inverter: 145548685.8813173
ci_capital_cost_battery_storage: 1941765864.8623774
ci_capital_cost_grid: 0.0
ci_capital_cost_hydrogen_electrolysis: 0.0
ci_capital_cost_hydrogen_fuel_cell: 0.0
ci_capital_cost_hydrogen_storage: 0.0
ci_capital_cost_onwind: 1286658123.8171918
ci_capital_cost_solar: 1593577266.3784287
ci_clean_excess_total: 4879318.8930292
ci_clean_total: 29275918.84228223
ci_clean_used_grid_total: 0.05789368531629753
ci_clean_used_local_total: 24396599.949253034
ci_clean_used_total: 24396600.00714672
ci_cost_battery_inverter: 145548685.8813173
ci_cost_battery_storage: 1941765864.8623774
ci_cost_grid: 7.006853321797818
ci_cost_hydrogen_electrolysis: 0.0
ci_cost_hydrogen_fuel_cell: 0.0
ci_cost_hydrogen_storage: 0.0
ci_cost_onwind: 1286800201.3962235
ci_cost_solar: 1593779669.8863184
ci_demand_total: 24396600.0
ci_emission_rate_local: 1.6529462919230857e-11
ci_emission_rate_myopic: 1.6788296144980853e-11
ci_emission_rate_true: 2.6136197072094165e-11
ci_emissions: 0.0006376343454890525
ci_fraction_clean: 1.199999952545938
ci_fraction_clean_excess: 0.19999995462602166
ci_fraction_clean_used: 1.0000000002929392
ci_fraction_clean_used_grid: 2.3730226882556394e-09
ci_fraction_clean_used_local: 0.9999999979199165
ci_generation_battery_discharger: 10470520.658760251
ci_generation_onwind: 9471838.602119675
ci_generation_solar: 20240350.78897357
ci_marginal_cost_grid: 7.006853321797818
ci_marginal_cost_onwind: 142077.57903179488
ci_marginal_cost_solar: 202403.50788973583
ci_revenue_grid: 851344409.2372179
ci_total_cost: 4967894429.03309
co2_price: 130.0
emissions: 294574047.9066681
emissions_zone: 8.954422262632512
objective: 167135328115.31223
system_emission_rate: 0.09233931403791659
system_emissions: 98191349.3022229
system_grid_cfe_wavg: 0.8179818345677
system_inv_H2_Electrolysis-2030: 7940.798604258132
system_inv_H2_Fuel_Cell-2030: 1754.1686058154094
system_inv_OCGT-2030: 66260.92157384123
system_inv_battery_charger-2030: 25555.525725120457
system_inv_battery_discharger-2030: 26082.496484084906
system_inv_offwind-ac-2030: 6084.963423870557
system_inv_offwind-dc-2030: 58181.64155328823
system_inv_onwind-2030: 214441.83932890266
system_inv_solar-2030: 383954.25060908566
system_inv_solar_rooftop-2030: 0.0
zone_average_marginal_price: 149.44612245210152
