ci_average cost: 93.57298347439114
ci_average_revenue: 29.553743719477506
ci_cap_battery_charger: 3374.0704669916377
ci_cap_battery_discharger: 3443.6458885233633
ci_cap_onwind: 7690.2452070603285
ci_cap_solar: 11702.664587652973
ci_capital_cost_battery_inverter: 80320984.09937818
ci_capital_cost_battery_storage: 235483409.9510327
ci_capital_cost_grid: 0.0
ci_capital_cost_hydrogen_electrolysis: 0.0
ci_capital_cost_hydrogen_fuel_cell: 0.0
ci_capital_cost_hydrogen_storage: 0.0
ci_capital_cost_onwind: 841214140.2906407
ci_capital_cost_solar: 561621917.9420128
ci_clean_excess_total: 4879317.680066601
ci_clean_total: 25633944.941658355
ci_clean_used_grid_total: 2276507.581695228
ci_clean_used_local_total: 20754627.261591755
ci_clean_used_total: 23031134.843286984
ci_cost_battery_inverter: 80320984.09937818
ci_cost_battery_storage: 235483409.9510327
ci_cost_grid: 563889098.8046286
ci_cost_hydrogen_electrolysis: 0.0
ci_cost_hydrogen_fuel_cell: 0.0
ci_cost_hydrogen_storage: 0.0
ci_cost_onwind: 841438949.0161111
ci_cost_solar: 561730206.7601805
ci_demand_total: 24396600.0
ci_emission_rate_local: 0.02523183689725892
ci_emission_rate_myopic: 0.019454751376406555
ci_emission_rate_true: 0.03419074902164634
ci_emissions: 834138.0275814971
ci_fraction_clean: 1.050717925516603
ci_fraction_clean_excess: 0.19999990490751177
ci_fraction_clean_used: 0.9440305142227599
ci_fraction_clean_used_grid: 0.09331249361366863
ci_fraction_clean_used_local: 0.8507180206090912
ci_generation_battery_discharger: 4372457.2340668645
ci_generation_onwind: 14987248.364695959
ci_generation_solar: 10828881.816773014
ci_marginal_cost_grid: 563889098.8046286
ci_marginal_cost_onwind: 224808.725470439
ci_marginal_cost_solar: 108288.81816773022
ci_revenue_grid: 721010864.0266049
ci_total_cost: 2282862648.631331
co2_price: 130.0
emissions: 296176164.35678923
emissions_zone: 12.338358527766529
objective: 164569904956.01007
system_emission_rate: 0.09284152506113595
system_emissions: 98725388.11893004
system_grid_cfe_wavg: 0.7803059768005467
system_inv_H2_Electrolysis-2030: 7966.985186504555
system_inv_H2_Fuel_Cell-2030: 1750.724102492983
system_inv_OCGT-2030: 68210.82117807414
system_inv_battery_charger-2030: 26104.925016128167
system_inv_battery_discharger-2030: 26643.22472854367
system_inv_offwind-ac-2030: 6106.011463185939
system_inv_offwind-dc-2030: 58181.68179546562
system_inv_onwind-2030: 214467.7481155019
system_inv_solar-2030: 384000.5216209011
system_inv_solar_rooftop-2030: 0.0
zone_average_marginal_price: 148.5697451779549
