ci_average cost: 93.57234720819777
ci_average_revenue: 29.553090328366753
ci_cap_battery_charger: 3373.4890967227147
ci_cap_battery_discharger: 3443.0525300396357
ci_cap_onwind: 7690.185405247982
ci_cap_solar: 11702.745611100452
ci_capital_cost_battery_inverter: 80307144.3670481
ci_capital_cost_battery_storage: 235486232.18819168
ci_capital_cost_grid: 0.0
ci_capital_cost_hydrogen_electrolysis: 0.0
ci_capital_cost_hydrogen_fuel_cell: 0.0
ci_capital_cost_hydrogen_storage: 0.0
ci_capital_cost_onwind: 841207598.7397791
ci_capital_cost_solar: 561625806.3337232
ci_clean_excess_total: 4879318.26117324
ci_clean_total: 25633958.416528776
ci_clean_used_grid_total: 2284255.539458018
ci_clean_used_local_total: 20754640.15535553
ci_clean_used_total: 23038895.69481355
ci_cost_battery_inverter: 80307144.3670481
ci_cost_battery_storage: 235486232.18819168
ci_cost_grid: 563887245.7523508
ci_cost_hydrogen_electrolysis: 0.0
ci_cost_hydrogen_fuel_cell: 0.0
ci_cost_hydrogen_storage: 0.0
ci_cost_onwind: 841432408.4935509
ci_cost_solar: 561734095.0983758
ci_demand_total: 24396600.0
ci_emission_rate_local: 0.025228246393943207
ci_emission_rate_myopic: 0.019457166160724924
ci_emission_rate_true: 0.0341928394873492
ci_emissions: 834189.0278370635
ci_fraction_clean: 1.0507184778423542
ci_fraction_clean_excess: 0.19999992872667666
ci_fraction_clean_used: 0.9443486262353586
ci_fraction_clean_used_grid: 0.09363007711968134
ci_fraction_clean_used_local: 0.8507185491156772
ci_generation_battery_discharger: 4373650.686159713
ci_generation_onwind: 14987316.918120265
ci_generation_solar: 10828876.465259194
ci_marginal_cost_grid: 563887245.7523508
ci_marginal_cost_onwind: 224809.7537718036
ci_marginal_cost_solar: 108288.76465259203
ci_revenue_grid: 720994923.5050323
ci_total_cost: 2282847125.8995175
co2_price: 130.0
emissions: 296176087.25431865
emissions_zone: 12.33525915119879
objective: 164569875390.79843
system_emission_rate: 0.09284150089203687
system_emissions: 98725362.41810614
system_grid_cfe_wavg: 0.7821497813796602
system_inv_H2_Electrolysis-2030: 7966.887353418826
system_inv_H2_Fuel_Cell-2030: 1750.6777383341387
system_inv_OCGT-2030: 68211.21327606728
system_inv_battery_charger-2030: 26105.331208535088
system_inv_battery_discharger-2030: 26643.639296889447
system_inv_offwind-ac-2030: 6105.979046400971
system_inv_offwind-dc-2030: 58181.66714492056
system_inv_onwind-2030: 214468.01665626818
system_inv_solar-2030: 383999.25890299486
system_inv_solar_rooftop-2030: 0.0
zone_average_marginal_price: 148.56970551496892
