ci_average cost: 124.66147248029615
ci_average_revenue: 33.31896818657478
ci_cap_battery_charger: 4924.101005150507
ci_cap_battery_discharger: 5025.639015826261
ci_cap_onwind: 11759.53212122289
ci_cap_solar: 11473.18643819305
ci_capital_cost_battery_inverter: 117220029.16289605
ci_capital_cost_battery_storage: 936890617.232668
ci_capital_cost_grid: 0.0
ci_capital_cost_hydrogen_electrolysis: 0.0
ci_capital_cost_hydrogen_fuel_cell: 0.0
ci_capital_cost_hydrogen_storage: 0.0
ci_capital_cost_onwind: 1286341909.4221718
ci_capital_cost_solar: 550609044.9796071
ci_clean_excess_total: 4879318.764425029
ci_clean_total: 28344634.394187763
ci_clean_used_grid_total: 687319.0215823348
ci_clean_used_local_total: 23465315.629762728
ci_clean_used_total: 24152634.651345063
ci_cost_battery_inverter: 117220029.16289605
ci_cost_battery_storage: 936890617.232668
ci_cost_grid: 149879686.71908963
ci_cost_hydrogen_electrolysis: 0.0
ci_cost_hydrogen_fuel_cell: 0.0
ci_cost_hydrogen_storage: 0.0
ci_cost_onwind: 1286608995.740591
ci_cost_solar: 550716750.6575485
ci_demand_total: 24396600.0
ci_emission_rate_local: 0.01034530424588712
ci_emission_rate_myopic: 0.004186703875799328
ci_emission_rate_true: 0.010425664171529615
ci_emissions: 254350.75852713943
ci_fraction_clean: 1.1618272379834798
ci_fraction_clean_excess: 0.19999994935462437
ci_fraction_clean_used: 0.99000002669819
ci_fraction_clean_used_grid: 0.028172738069334857
ci_fraction_clean_used_local: 0.9618272886288551
ci_generation_battery_discharger: 5560525.667302685
ci_generation_onwind: 17805754.56128227
ci_generation_solar: 10770567.7941474
ci_marginal_cost_grid: 149879686.71908963
ci_marginal_cost_onwind: 267086.3184192336
ci_marginal_cost_solar: 107705.67794147407
ci_revenue_grid: 812869539.2605902
ci_total_cost: 3041316079.512793
co2_price: 130.0
emissions: 294995054.12013686
emissions_zone: 11.081949814236904
objective: 165256438801.37656
system_emission_rate: 0.09247128569405394
system_emissions: 98331684.70671219
system_grid_cfe_wavg: 0.8166164612311488
system_inv_H2_Electrolysis-2030: 7855.832392011367
system_inv_H2_Fuel_Cell-2030: 1733.6864123107662
system_inv_OCGT-2030: 66797.02274643666
system_inv_battery_charger-2030: 26181.94987275887
system_inv_battery_discharger-2030: 26721.837885395402
system_inv_offwind-ac-2030: 6084.680638634141
system_inv_offwind-dc-2030: 58181.64750081457
system_inv_onwind-2030: 214012.6056753864
system_inv_solar-2030: 384955.00330606825
system_inv_solar_rooftop-2030: 0.0
zone_average_marginal_price: 149.49786975116598
