ci_average cost: 109.42112692620789
ci_average_revenue: 33.271374753602906
ci_cap_battery_charger: 5107.0871623455205
ci_cap_battery_discharger: 5212.398460848503
ci_cap_onwind: 9878.571095607926
ci_cap_solar: 13617.55308905988
ci_capital_cost_battery_inverter: 121576081.70129237
ci_capital_cost_battery_storage: 560454301.9993461
ci_capital_cost_grid: 0.0
ci_capital_cost_hydrogen_electrolysis: 0.0
ci_capital_cost_hydrogen_fuel_cell: 0.0
ci_capital_cost_hydrogen_storage: 0.0
ci_capital_cost_onwind: 1080588910.7232213
ci_capital_cost_solar: 653519224.299055
ci_clean_excess_total: 4879318.522755094
ci_clean_total: 27701225.962036304
ci_clean_used_grid_total: 1086761.3612110182
ci_clean_used_local_total: 22821907.43928121
ci_clean_used_total: 23908668.800492227
ci_cost_battery_inverter: 121576081.70129237
ci_cost_battery_storage: 560454301.9993461
ci_cost_grid: 253008870.26521355
ci_cost_hydrogen_electrolysis: 0.0
ci_cost_hydrogen_fuel_cell: 0.0
ci_cost_hydrogen_storage: 0.0
ci_cost_onwind: 1080817991.8905842
ci_cost_solar: 653646219.311487
ci_demand_total: 24396600.0
ci_emission_rate_local: 0.019168804506516816
ci_emission_rate_myopic: 0.007756289875604149
ci_emission_rate_true: 0.01895138151776276
ci_emissions: 462349.27433625096
ci_fraction_clean: 1.13545436503596
ci_fraction_clean_excess: 0.1999999394487385
ci_fraction_clean_used: 0.9800000328116306
ci_fraction_clean_used_grid: 0.04454560722440906
ci_fraction_clean_used_local: 0.9354544255872216
ci_generation_battery_discharger: 6488491.562230654
ci_generation_onwind: 15272077.824193874
ci_generation_solar: 12699501.243200297
ci_marginal_cost_grid: 253008870.26521355
ci_marginal_cost_onwind: 229081.16736290773
ci_marginal_cost_solar: 126995.01243200306
ci_revenue_grid: 811708421.3137486
ci_total_cost: 2669503465.1679235
co2_price: 130.0
emissions: 295422051.42884415
emissions_zone: 11.574151209481046
objective: 164882785886.48624
system_emission_rate: 0.09260513536228614
system_emissions: 98474017.14294815
system_grid_cfe_wavg: 0.8106626954862314
system_inv_H2_Electrolysis-2030: 7855.694177217982
system_inv_H2_Fuel_Cell-2030: 1732.521528239384
system_inv_OCGT-2030: 67042.92964848512
system_inv_battery_charger-2030: 25879.671469480665
system_inv_battery_discharger-2030: 26413.3263143355
system_inv_offwind-ac-2030: 6086.407055668055
system_inv_offwind-dc-2030: 58181.6633889972
system_inv_onwind-2030: 214093.12996908562
system_inv_solar-2030: 384868.89021830907
system_inv_solar_rooftop-2030: 0.0
zone_average_marginal_price: 149.55564661769023
