ci_average cost: 93.57225075600357
ci_average_revenue: 29.552982859339856
ci_cap_battery_charger: 3373.3448261492836
ci_cap_battery_discharger: 3442.905284517679
ci_cap_onwind: 7690.249677568539
ci_cap_solar: 11702.662777388608
ci_capital_cost_battery_inverter: 80303709.95317088
ci_capital_cost_battery_storage: 235483328.6025684
ci_capital_cost_grid: 0.0
ci_capital_cost_hydrogen_electrolysis: 0.0
ci_capital_cost_hydrogen_fuel_cell: 0.0
ci_capital_cost_hydrogen_storage: 0.0
ci_capital_cost_onwind: 841214629.3068709
ci_capital_cost_solar: 561621831.0657176
ci_clean_excess_total: 4879318.066219136
ci_clean_total: 25633947.534694538
ci_clean_used_grid_total: 2300760.307555824
ci_clean_used_local_total: 20754629.4684754
ci_clean_used_total: 23055389.776031226
ci_cost_battery_inverter: 80303709.95317088
ci_cost_battery_storage: 235483328.6025684
ci_cost_grid: 563888180.296427
ci_cost_hydrogen_electrolysis: 0.0
ci_cost_hydrogen_fuel_cell: 0.0
ci_cost_hydrogen_storage: 0.0
ci_cost_onwind: 841439433.7676095
ci_cost_solar: 561730120.174141
ci_demand_total: 24396600.0
ci_emission_rate_local: 0.025201967062479187
ci_emission_rate_myopic: 0.019454137607409192
ci_emission_rate_true: 0.03417033352506938
ci_emissions: 833639.9588777076
ci_fraction_clean: 1.0507180318033882
ci_fraction_clean_excess: 0.19999992073564088
ci_fraction_clean_used: 0.9450247073785374
ci_fraction_clean_used_grid: 0.09430659631079019
ci_fraction_clean_used_local: 0.8507181110677472
ci_generation_battery_discharger: 4366268.027712762
ci_generation_onwind: 14986964.049232475
ci_generation_solar: 10828910.842351636
ci_marginal_cost_grid: 563888180.296427
ci_marginal_cost_onwind: 224804.46073848676
ci_marginal_cost_solar: 108289.10842351643
ci_revenue_grid: 720992301.6261708
ci_total_cost: 2282844772.7939167
co2_price: 130.0
emissions: 296175999.3878366
emissions_zone: 12.330347639773894
objective: 164569900427.87668
system_emission_rate: 0.09284147334877327
system_emissions: 98725333.12927888
system_grid_cfe_wavg: 0.7862219818380809
system_inv_H2_Electrolysis-2030: 7966.989437971863
system_inv_H2_Fuel_Cell-2030: 1750.7147064107082
system_inv_OCGT-2030: 68211.23664371198
system_inv_battery_charger-2030: 26105.16317895391
system_inv_battery_discharger-2030: 26643.467802434287
system_inv_offwind-ac-2030: 6105.991298873021
system_inv_offwind-dc-2030: 58181.67733382591
system_inv_onwind-2030: 214467.1515645584
system_inv_solar-2030: 384001.7736811501
system_inv_solar_rooftop-2030: 0.0
zone_average_marginal_price: 148.56958950029284
