ci_average cost: 93.63798031601965
ci_average_revenue: 29.617491152228105
ci_cap_battery_charger: 3409.189406320034
ci_cap_battery_discharger: 3479.489002118843
ci_cap_onwind: 7681.88760420579
ci_cap_solar: 11788.951135204083
ci_capital_cost_battery_inverter: 81157003.32155472
ci_capital_cost_battery_storage: 240226515.2869622
ci_capital_cost_grid: 0.0
ci_capital_cost_hydrogen_electrolysis: 0.0
ci_capital_cost_hydrogen_fuel_cell: 0.0
ci_capital_cost_hydrogen_storage: 0.0
ci_capital_cost_onwind: 840299925.7876081
ci_capital_cost_solar: 565762890.7918524
ci_clean_excess_total: 4879318.236022551
ci_clean_total: 25682516.672111213
ci_clean_used_grid_total: 2373575.2648081398
ci_clean_used_local_total: 20803198.436088663
ci_clean_used_total: 23176773.700896803
ci_cost_battery_inverter: 81157003.32155472
ci_cost_battery_storage: 240226515.2869622
ci_cost_grid: 556668541.2144574
ci_cost_hydrogen_electrolysis: 0.0
ci_cost_hydrogen_fuel_cell: 0.0
ci_cost_hydrogen_storage: 0.0
ci_cost_onwind: 840524303.1071836
ci_cost_solar: 565871987.6476475
ci_demand_total: 24396600.0
ci_emission_rate_local: 0.025206471630750887
ci_emission_rate_myopic: 0.018893495827616718
ci_emission_rate_true: 0.03361961155775128
ci_emissions: 820204.2153298351
ci_fraction_clean: 1.052708847630867
ci_fraction_clean_excess: 0.19999992769576705
ci_fraction_clean_used: 0.9500001516972366
ci_fraction_clean_used_grid: 0.09729123176213651
ci_fraction_clean_used_local: 0.8527089199351001
ci_generation_battery_discharger: 4455776.795764914
ci_generation_onwind: 14958487.971697882
ci_generation_solar: 10909685.57951415
ci_marginal_cost_grid: 556668541.2144574
ci_marginal_cost_onwind: 224377.31957546785
ci_marginal_cost_solar: 109096.85579514157
ci_revenue_grid: 722566084.6444482
ci_total_cost: 2284448350.577805
co2_price: 130.0
emissions: 296164212.2017796
emissions_zone: 12.29438857894641
objective: 164570038686.506
system_emission_rate: 0.092837778452082
system_emissions: 98721404.06725988
system_grid_cfe_wavg: 0.7965057627639134
system_inv_H2_Electrolysis-2030: 7963.29545767393
system_inv_H2_Fuel_Cell-2030: 1750.940389010226
system_inv_OCGT-2030: 68187.26529388277
system_inv_battery_charger-2030: 26086.349482621226
system_inv_battery_discharger-2030: 26624.266156037815
system_inv_offwind-ac-2030: 6106.599113380536
system_inv_offwind-dc-2030: 58181.667080049876
system_inv_onwind-2030: 214477.7347495427
system_inv_solar-2030: 383967.71120889974
system_inv_solar_rooftop-2030: 0.0
zone_average_marginal_price: 148.56912740869458
