ci_average cost: 155.2269125181193
ci_average_revenue: 0.0
ci_cap_battery_charger: 0.0
ci_cap_battery_discharger: 0.0
ci_cap_onwind: 0.0
ci_cap_solar: 0.0
ci_capital_cost_battery_inverter: 0.0
ci_capital_cost_battery_storage: 0.0
ci_capital_cost_grid: 0.0
ci_capital_cost_hydrogen_electrolysis: 0.0
ci_capital_cost_hydrogen_fuel_cell: 0.0
ci_capital_cost_hydrogen_storage: 0.0
ci_capital_cost_onwind: 0.0
ci_capital_cost_solar: 0.0
ci_clean_excess_total: 0.0
ci_clean_total: 0.0
ci_clean_used_grid_total: 18075933.856308594
ci_clean_used_local_total: 0.0
ci_clean_used_total: 18075933.856308594
ci_cost_battery_inverter: 0.0
ci_cost_battery_storage: 0.0
ci_cost_grid: 3787008893.9395494
ci_cost_hydrogen_electrolysis: 0.0
ci_cost_hydrogen_fuel_cell: 0.0
ci_cost_hydrogen_storage: 0.0
ci_cost_onwind: 0.0
ci_cost_solar: 0.0
ci_demand_total: 24396600.0
ci_emission_rate_local: 0.14555467246260842
ci_emission_rate_myopic: 0.09527549614071482
ci_emission_rate_true: 0.18050497359392537
ci_emissions: 4403707.638781561
ci_fraction_clean: 0.0
ci_fraction_clean_excess: 0.0
ci_fraction_clean_used: 0.7409202043034109
ci_fraction_clean_used_grid: 0.7409202043034109
ci_fraction_clean_used_local: 0.0
ci_generation_battery_discharger: -0.0
ci_generation_onwind: 0.0
ci_generation_solar: 0.0
ci_marginal_cost_grid: 3787008893.9395494
ci_marginal_cost_onwind: 0.0
ci_marginal_cost_solar: 0.0
ci_revenue_grid: 0.0
ci_total_cost: 3787008893.9395494
co2_price: 130.0
emissions: 307735303.58462787
emissions_zone: 19.7375258805605
objective: 166759367075.67102
system_emission_rate: 0.09646493654206015
system_emissions: 102578434.52820939
system_grid_cfe_wavg: 0.7228142990284898
system_inv_H2_Electrolysis-2030: 8071.35466673416
system_inv_H2_Fuel_Cell-2030: 1705.5295310355289
system_inv_OCGT-2030: 70345.55005120477
system_inv_battery_charger-2030: 27903.31615994601
system_inv_battery_discharger-2030: 28478.69981092596
system_inv_offwind-ac-2030: 5812.988301810063
system_inv_offwind-dc-2030: 58181.624396987114
system_inv_onwind-2030: 213473.31330472362
system_inv_solar-2030: 386179.43812103523
system_inv_solar_rooftop-2030: 0.0
zone_average_marginal_price: 155.2269125181193
