ci_average cost: 104.26291372331404
ci_average_revenue: 30.858133465634097
ci_cap_battery_charger: 0.0
ci_cap_battery_discharger: 0.0
ci_cap_onwind: 12681.53178618964
ci_cap_solar: 7078.1312798123845
ci_capital_cost_battery_inverter: 0.0
ci_capital_cost_battery_storage: 0.0
ci_capital_cost_grid: 0.0
ci_capital_cost_hydrogen_electrolysis: 0.0
ci_capital_cost_hydrogen_fuel_cell: 0.0
ci_capital_cost_hydrogen_storage: 0.0
ci_capital_cost_onwind: 1387196841.1740482
ci_capital_cost_solar: 339686200.09905267
ci_clean_excess_total: 4879319.320328364
ci_clean_total: 24396600.00005608
ci_clean_used_grid_total: 3162051.4449789356
ci_clean_used_local_total: 19517280.67972772
ci_clean_used_total: 22679332.124706656
ci_cost_battery_inverter: 0.0
ci_cost_battery_storage: 0.0
ci_cost_grid: 816442963.1490462
ci_cost_hydrogen_electrolysis: 0.0
ci_cost_hydrogen_fuel_cell: 0.0
ci_cost_hydrogen_storage: 0.0
ci_cost_onwind: 1387468732.7342162
ci_cost_solar: 339748905.0589412
ci_demand_total: 24396600.0
ci_emission_rate_local: 0.03318750326504305
ci_emission_rate_myopic: 0.02440546756475566
ci_emission_rate_true: 0.04610727074627003
ci_emissions: 1124860.6414884515
ci_fraction_clean: 1.0000000000022986
ci_fraction_clean_excess: 0.19999997214072307
ci_fraction_clean_used: 0.9296103606529867
ci_fraction_clean_used_grid: 0.12961033279141093
ci_fraction_clean_used_local: 0.8000000278615758
ci_generation_battery_discharger: -0.0
ci_generation_onwind: 18126104.01120533
ci_generation_solar: 6270495.988850749
ci_marginal_cost_grid: 816442963.1490462
ci_marginal_cost_onwind: 271891.5601680795
ci_marginal_cost_solar: 62704.95988850754
ci_revenue_grid: 752833538.9076889
ci_total_cost: 2543660600.9422035
co2_price: 130.0
emissions: 296300231.9407665
emissions_zone: 12.233763226747222
objective: 164818511061.7507
system_emission_rate: 0.09288041618437035
system_emissions: 98766743.98025577
system_grid_cfe_wavg: 0.7806408778916148
system_inv_H2_Electrolysis-2030: 7915.473571147224
system_inv_H2_Fuel_Cell-2030: 1740.288729920038
system_inv_OCGT-2030: 69068.28258685273
system_inv_battery_charger-2030: 28354.17837289888
system_inv_battery_discharger-2030: 28938.85908178731
system_inv_offwind-ac-2030: 6022.256720554929
system_inv_offwind-dc-2030: 58181.65136638482
system_inv_onwind-2030: 213886.4868370837
system_inv_solar-2030: 385192.71473373746
system_inv_solar_rooftop-2030: 0.0
zone_average_marginal_price: 150.38241859029284
