ci_average cost: 88.966830250554
ci_average_revenue: 25.56149683787731
ci_cap_H2_Electrolysis: 520.2090615034928
ci_cap_H2_Fuel_Cell: 435.84193137719046
ci_cap_battery_charger: 200.0177250486496
ci_cap_battery_discharger: 204.1422143473229
ci_cap_onwind: 1936.355360519377
ci_cap_solar: 909.1133039699805
ci_capital_cost_battery_inverter: 4761495.253402542
ci_capital_cost_battery_storage: 24800199.62757664
ci_capital_cost_grid: 0.0
ci_capital_cost_hydrogen_electrolysis: 34627472.58343684
ci_capital_cost_hydrogen_fuel_cell: 92230800.57643686
ci_capital_cost_hydrogen_storage: 24418035.569510546
ci_capital_cost_onwind: 211812428.08760065
ci_capital_cost_solar: 43629205.43248856
ci_clean_excess_total: 981119.7158592974
ci_clean_total: 5886232.516293513
ci_clean_used_grid_total: 487.44890012279774
ci_clean_used_local_total: 4905112.800434215
ci_clean_used_total: 4905600.249334338
ci_cost_battery_inverter: 4761495.253402542
ci_cost_battery_storage: 24800199.62757664
ci_cost_grid: 49698.90965663312
ci_cost_hydrogen_electrolysis: 34627472.58343684
ci_cost_hydrogen_fuel_cell: 92230800.57643686
ci_cost_hydrogen_storage: 24418035.569510546
ci_cost_onwind: 211910065.6069967
ci_cost_solar: 43637914.35010099
ci_demand_total: 4905600.0
ci_emission_rate_local: 8.336307875479215e-07
ci_emission_rate_myopic: 9.349914082783141e-07
ci_emission_rate_true: 9.134070039078218e-07
ci_emissions: 4.480809398370208
ci_fraction_clean: 1.1999006270983188
ci_fraction_clean_excess: 0.19999994207829774
ci_fraction_clean_used: 1.0000000508264715
ci_fraction_clean_used_grid: 9.9365806450342e-05
ci_fraction_clean_used_local: 0.9999006850200209
ci_generation_H2_Fuel_Cell: 762555.2649695264
ci_generation_battery_discharger: 325749.6592819897
ci_generation_onwind: 6509167.959735552
ci_generation_solar: 870891.7612428134
ci_marginal_cost_grid: 49698.90965663312
ci_marginal_cost_onwind: 97637.51939603331
ci_marginal_cost_solar: 8708.917612428133
ci_revenue_grid: 125394478.88789093
ci_total_cost: 436435682.4771177
co2_price: 130.0
emissions: 296156802.7007295
emissions_zone: 0.911511357966663
objective: 164577157496.275
system_emission_rate: 0.09227169513670597
system_emissions: 98718934.23357666
system_grid_cfe_wavg: 0.8927143807458213
system_inv_H2_Electrolysis-2030: 7888.314832666373
system_inv_H2_Fuel_Cell-2030: 1738.3663838823838
system_inv_OCGT-2030: 68761.93259808302
system_inv_battery_charger-2030: 27981.781254884478
system_inv_battery_discharger-2030: 28558.782904690856
system_inv_offwind-ac-2030: 6139.132511101449
system_inv_offwind-dc-2030: 58181.78061212557
system_inv_onwind-2030: 221411.31840011108
system_inv_solar-2030: 391608.53627883666
system_inv_solar_rooftop-2030: 0.0
zone_average_marginal_price: 131.14214578200696
