ci_average cost: 78.84958230936503
ci_average_revenue: 28.44210789008331
ci_cap_H2_Electrolysis: 98.64895145244795
ci_cap_H2_Fuel_Cell: 40.127595080042894
ci_cap_battery_charger: 1149.5335403462188
ci_cap_battery_discharger: 1173.2376334933178
ci_cap_onwind: 1286.334678066824
ci_cap_solar: 1517.751109960672
ci_capital_cost_battery_inverter: 27365067.244186692
ci_capital_cost_battery_storage: 43772406.57259026
ci_capital_cost_grid: 0.0
ci_capital_cost_hydrogen_electrolysis: 6566521.259609964
ci_capital_cost_hydrogen_fuel_cell: 8491611.18514889
ci_capital_cost_hydrogen_storage: 2858740.4146873066
ci_capital_cost_onwind: 140708506.84222308
ci_capital_cost_solar: 72838308.14343496
ci_clean_excess_total: 981117.6168288328
ci_clean_total: 5315547.006678202
ci_clean_used_grid_total: 433097.938015076
ci_clean_used_local_total: 4334429.38984937
ci_clean_used_total: 4767527.327864447
ci_cost_battery_inverter: 27365067.244186692
ci_cost_battery_storage: 43772406.57259026
ci_cost_grid: 84125853.89696576
ci_cost_hydrogen_electrolysis: 6566521.259609964
ci_cost_hydrogen_fuel_cell: 8491611.18514889
ci_cost_hydrogen_storage: 2858740.4146873066
ci_cost_onwind: 140771462.43816265
ci_cost_solar: 72852847.96546954
ci_demand_total: 4905600.0
ci_emission_rate_local: 0.01182896525218199
ci_emission_rate_myopic: 0.014960256671656806
ci_emission_rate_true: 0.015545612826069182
ci_emissions: 76260.55827956498
ci_fraction_clean: 1.0835671491108534
ci_fraction_clean_excess: 0.19999951419374445
ci_fraction_clean_used: 0.9718540704224655
ci_fraction_clean_used_grid: 0.08828643550535632
ci_fraction_clean_used_local: 0.8835676349171091
ci_generation_H2_Fuel_Cell: 153422.9370484259
ci_generation_battery_discharger: 903696.708932948
ci_generation_onwind: 4197039.72930506
ci_generation_solar: 1453982.2034581895
ci_marginal_cost_grid: 84125853.89696576
ci_marginal_cost_onwind: 62955.59593957591
ci_marginal_cost_solar: 14539.822034581894
ci_revenue_grid: 139525604.46559268
ci_total_cost: 386804510.9768211
co2_price: 130.0
emissions: 296505038.9950098
emissions_zone: 0.9088144550175248
objective: 164512969704.148
system_emission_rate: 0.09238019290845474
system_emissions: 98835012.9983364
system_grid_cfe_wavg: 0.8926377537198965
system_inv_H2_Electrolysis-2030: 7930.970410550818
system_inv_H2_Fuel_Cell-2030: 1746.798371455863
system_inv_OCGT-2030: 68941.38812313028
system_inv_battery_charger-2030: 27265.79363128348
system_inv_battery_discharger-2030: 27828.03117310489
system_inv_offwind-ac-2030: 6127.57607939995
system_inv_offwind-dc-2030: 58181.74855499227
system_inv_onwind-2030: 221587.39902938888
system_inv_solar-2030: 391181.3539259182
system_inv_solar_rooftop-2030: 0.0
zone_average_marginal_price: 131.3073133492031
