ci_average cost: 78.84616619067587
ci_average_revenue: 28.43636357604755
ci_cap_H2_Electrolysis: 98.65370220390692
ci_cap_H2_Fuel_Cell: 40.2265361997837
ci_cap_battery_charger: 1148.6577818714522
ci_cap_battery_discharger: 1172.3438163367193
ci_cap_onwind: 1287.1368983011484
ci_cap_solar: 1516.876943336746
ci_capital_cost_battery_inverter: 27344219.492720097
ci_capital_cost_battery_storage: 43739080.916513436
ci_capital_cost_grid: 0.0
ci_capital_cost_hydrogen_electrolysis: 6566837.491156221
ci_capital_cost_hydrogen_fuel_cell: 8512548.635234954
ci_capital_cost_hydrogen_storage: 2867448.5025770282
ci_capital_cost_onwind: 140796259.44133675
ci_capital_cost_solar: 72796356.06215869
ci_clean_excess_total: 981105.9191158292
ci_clean_total: 5315837.819073729
ci_clean_used_grid_total: 432707.083995525
ci_clean_used_local_total: 4334731.8999579
ci_clean_used_total: 4767438.983953425
ci_cost_battery_inverter: 27344219.492720097
ci_cost_battery_storage: 43739080.916513436
ci_cost_grid: 84087365.21059522
ci_cost_hydrogen_electrolysis: 6566837.491156221
ci_cost_hydrogen_fuel_cell: 8512548.635234954
ci_cost_hydrogen_storage: 2867448.5025770282
ci_cost_onwind: 140859418.19410798
ci_cost_solar: 72810834.42207463
ci_demand_total: 4905600.0
ci_emission_rate_local: 0.011851686128757222
ci_emission_rate_myopic: 0.014953875633033319
ci_emission_rate_true: 0.015547482094324515
ci_emissions: 76269.72816191833
ci_fraction_clean: 1.0836264308287935
ci_fraction_clean_excess: 0.1999971296305914
ci_fraction_clean_used: 0.9718360616343413
ci_fraction_clean_used_grid: 0.08820676043613931
ci_fraction_clean_used_local: 0.883629301198202
ci_generation_H2_Fuel_Cell: 153568.52102770406
ci_generation_battery_discharger: 1067476.9910984733
ci_generation_onwind: 4210583.518081952
ci_generation_solar: 1447835.991594649
ci_marginal_cost_grid: 84087365.21059522
ci_marginal_cost_onwind: 63158.7527712293
ci_marginal_cost_solar: 14478.359915946487
ci_revenue_grid: 139497425.15865886
ci_total_cost: 386787752.86497957
co2_price: 130.0
emissions: 296500694.1369027
emissions_zone: 0.9098551674429267
objective: 164513661225.02823
system_emission_rate: 0.09237883920859391
system_emissions: 98833564.71230096
system_grid_cfe_wavg: 0.8923559833722566
system_inv_H2_Electrolysis-2030: 7933.617230014226
system_inv_H2_Fuel_Cell-2030: 1747.397894516988
system_inv_OCGT-2030: 68941.12840151055
system_inv_battery_charger-2030: 27275.520897218958
system_inv_battery_discharger-2030: 27837.959021284998
system_inv_offwind-ac-2030: 6127.97306818528
system_inv_offwind-dc-2030: 58183.06725876296
system_inv_onwind-2030: 221582.2506845236
system_inv_solar-2030: 391201.15247847926
system_inv_solar_rooftop-2030: 0.0
zone_average_marginal_price: 131.3069967722162
