ci_average cost: 79.78575548745088
ci_average_revenue: 29.07667345215092
ci_cap_H2_Electrolysis: 153.91728894536848
ci_cap_H2_Fuel_Cell: 68.49848951301504
ci_cap_battery_charger: 1201.4077607202623
ci_cap_battery_discharger: 1226.18153240089
ci_cap_onwind: 1352.290629132951
ci_cap_solar: 1545.2322116351352
ci_capital_cost_battery_inverter: 28599952.072643217
ci_capital_cost_battery_storage: 45747704.92423691
ci_capital_cost_grid: 0.0
ci_capital_cost_hydrogen_electrolysis: 10245432.26461442
ci_capital_cost_hydrogen_fuel_cell: 14495325.18842145
ci_capital_cost_hydrogen_storage: 4444954.361208591
ci_capital_cost_onwind: 147923241.5066269
ci_capital_cost_solar: 74157152.14806065
ci_clean_excess_total: 981118.2405255869
ci_clean_total: 5447493.938947257
ci_clean_used_grid_total: 341113.95810898166
ci_clean_used_local_total: 4466375.69842167
ci_clean_used_total: 4807489.656530652
ci_cost_battery_inverter: 28599952.072643217
ci_cost_battery_storage: 45747704.92423691
ci_cost_grid: 65701395.18923445
ci_cost_hydrogen_electrolysis: 10245432.26461442
ci_cost_hydrogen_fuel_cell: 14495325.18842145
ci_cost_hydrogen_storage: 4444954.361208591
ci_cost_onwind: 147990284.35270786
ci_cost_solar: 74171953.76617225
ci_demand_total: 4905600.0
ci_emission_rate_local: 0.008224350572211592
ci_emission_rate_myopic: 0.010904096281182298
ci_emission_rate_true: 0.011343443105903765
ci_emissions: 55646.39450032151
ci_fraction_clean: 1.1104643548082307
ci_fraction_clean_excess: 0.19999964133349374
ci_fraction_clean_used: 0.9800003376815583
ci_fraction_clean_used_grid: 0.06953562420682112
ci_fraction_clean_used_local: 0.910464713474737
ci_generation_H2_Fuel_Cell: 237882.893056246
ci_generation_battery_discharger: 970041.0167020353
ci_generation_onwind: 4469523.072063089
ci_generation_solar: 1480161.8111591658
ci_marginal_cost_grid: 65701395.18923445
ci_marginal_cost_onwind: 67042.84608094636
ci_marginal_cost_solar: 14801.618111591655
ci_revenue_grid: 142638529.28687155
ci_total_cost: 391397002.1192391
co2_price: 130.0
emissions: 296460999.28277034
emissions_zone: 0.909402098862394
objective: 164514354728.24033
system_emission_rate: 0.09236647173485826
system_emissions: 98820333.0942567
system_grid_cfe_wavg: 0.8929573488917218
system_inv_H2_Electrolysis-2030: 7933.629256838233
system_inv_H2_Fuel_Cell-2030: 1747.0312544626613
system_inv_OCGT-2030: 68906.37437022374
system_inv_battery_charger-2030: 27212.814268470156
system_inv_battery_discharger-2030: 27773.959343036877
system_inv_offwind-ac-2030: 6131.923274912253
system_inv_offwind-dc-2030: 58181.77271198779
system_inv_onwind-2030: 221563.85098528053
system_inv_solar-2030: 391201.5232709311
system_inv_solar_rooftop-2030: 0.0
zone_average_marginal_price: 131.2714497261526
