ci_average cost: 82.24849242752606
ci_average_revenue: 29.55075069280874
ci_cap_H2_Electrolysis: 279.90302834060304
ci_cap_H2_Fuel_Cell: 155.34316072005078
ci_cap_battery_charger: 1166.7884000457939
ci_cap_battery_discharger: 1190.8482990804146
ci_cap_onwind: 1579.8257673811495
ci_cap_solar: 1305.3345715809799
ci_capital_cost_battery_inverter: 27775825.503424317
ci_capital_cost_battery_storage: 44429458.41154385
ci_capital_cost_grid: 0.0
ci_capital_cost_hydrogen_electrolysis: 18631614.01278301
ci_capital_cost_hydrogen_fuel_cell: 32872982.257608913
ci_capital_cost_hydrogen_storage: 10559018.647954052
ci_capital_cost_onwind: 172812665.77773377
ci_capital_cost_solar: 62644237.99865166
ci_clean_excess_total: 981118.8379141211
ci_clean_total: 5668066.672024909
ci_clean_used_grid_total: 169597.24111179955
ci_clean_used_local_total: 4686947.834110789
ci_clean_used_total: 4856545.075222588
ci_cost_battery_inverter: 27775825.503424317
ci_cost_battery_storage: 44429458.41154385
ci_cost_grid: 33660721.55169471
ci_cost_hydrogen_electrolysis: 18631614.01278301
ci_cost_hydrogen_fuel_cell: 32872982.257608913
ci_cost_hydrogen_storage: 10559018.647954052
ci_cost_onwind: 172891839.93812075
ci_cost_solar: 62656744.12934228
ci_demand_total: 4905600.0
ci_emission_rate_local: 0.0037107389864227238
ci_emission_rate_myopic: 0.005243779490020464
ci_emission_rate_true: 0.005653290469088466
ci_emissions: 27732.781725160385
ci_fraction_clean: 1.1554278114858345
ci_fraction_clean_excess: 0.1999997631103476
ci_fraction_clean_used: 0.9900002191826868
ci_fraction_clean_used_grid: 0.03457217080719984
ci_fraction_clean_used_local: 0.955428048375487
ci_generation_H2_Fuel_Cell: 425617.9503426227
ci_generation_battery_discharger: 830983.1150476513
ci_generation_onwind: 5278277.3591328
ci_generation_solar: 1250613.069061637
ci_marginal_cost_grid: 33660721.55169471
ci_marginal_cost_onwind: 79174.16038699202
ci_marginal_cost_solar: 12506.130690616368
ci_revenue_grid: 144964162.59864256
ci_total_cost: 403478204.45247185
co2_price: 130.0
emissions: 296367576.65215176
emissions_zone: 0.9093994446694221
objective: 164523987941.03738
system_emission_rate: 0.09233736463884448
system_emissions: 98789192.21738371
system_grid_cfe_wavg: 0.8929446139033371
system_inv_H2_Electrolysis-2030: 7945.299533181304
system_inv_H2_Fuel_Cell-2030: 1749.4284286727811
system_inv_OCGT-2030: 68859.26777389373
system_inv_battery_charger-2030: 27223.954898748103
system_inv_battery_discharger-2030: 27785.329700007038
system_inv_offwind-ac-2030: 6137.230701596903
system_inv_offwind-dc-2030: 58181.70672420405
system_inv_onwind-2030: 221564.94057265713
system_inv_solar-2030: 391188.9805805265
system_inv_solar_rooftop-2030: 0.0
zone_average_marginal_price: 131.19077343577518
