ci_average cost: 78.84953302065503
ci_average_revenue: 28.442079368149813
ci_cap_H2_Electrolysis: 98.6488719705092
ci_cap_H2_Fuel_Cell: 40.128129086205256
ci_cap_battery_charger: 1149.532803953736
ci_cap_battery_discharger: 1173.236881915966
ci_cap_onwind: 1286.3325209380155
ci_cap_solar: 1517.7546617996638
ci_capital_cost_battery_inverter: 27365049.71409374
ci_capital_cost_battery_storage: 43772389.939093664
ci_capital_cost_grid: 0.0
ci_capital_cost_hydrogen_electrolysis: 6566515.96893193
ci_capital_cost_hydrogen_fuel_cell: 8491724.188998042
ci_capital_cost_hydrogen_storage: 2858911.39053392
ci_capital_cost_onwind: 140708270.88001287
ci_capital_cost_solar: 72838478.59954022
ci_clean_excess_total: 981118.1904087417
ci_clean_total: 5315549.609266377
ci_clean_used_grid_total: 432944.93071815284
ci_clean_used_local_total: 4334431.418857634
ci_clean_used_total: 4767376.349575787
ci_cost_battery_inverter: 27365049.71409374
ci_cost_battery_storage: 43772389.939093664
ci_cost_grid: 84125434.90454495
ci_cost_hydrogen_electrolysis: 6566515.96893193
ci_cost_hydrogen_fuel_cell: 8491724.188998042
ci_cost_hydrogen_storage: 2858911.39053392
ci_cost_onwind: 140771224.1458649
ci_cost_solar: 72853018.93406418
ci_demand_total: 4905600.0
ci_emission_rate_local: 0.011831554493285042
ci_emission_rate_myopic: 0.014961596991101915
ci_emission_rate_true: 0.015544251088437157
ci_emissions: 76253.87813943732
ci_fraction_clean: 1.0835676796449725
ci_fraction_clean_excess: 0.19999963111724187
ci_fraction_clean_used: 0.9718232937002175
ci_fraction_clean_used_grid: 0.08825524517248713
ci_fraction_clean_used_local: 0.8835680485277304
ci_generation_H2_Fuel_Cell: 153423.9088017832
ci_generation_battery_discharger: 901090.8016964267
ci_generation_onwind: 4196884.390136063
ci_generation_solar: 1454033.4523955537
ci_marginal_cost_grid: 84125434.90454495
ci_marginal_cost_onwind: 62953.26585204097
ci_marginal_cost_solar: 14540.334523955535
ci_revenue_grid: 139525464.54839572
ci_total_cost: 386804269.18612534
co2_price: 130.0
emissions: 296505445.5727221
emissions_zone: 0.9084424743564382
objective: 164512970430.1185
system_emission_rate: 0.0923803195832921
system_emissions: 98835148.52424085
system_grid_cfe_wavg: 0.8928320837933149
system_inv_H2_Electrolysis-2030: 7930.972931241093
system_inv_H2_Fuel_Cell-2030: 1746.7817942245606
system_inv_OCGT-2030: 68941.2617892495
system_inv_battery_charger-2030: 27265.522592735062
system_inv_battery_discharger-2030: 27827.754545573836
system_inv_offwind-ac-2030: 6127.569053549004
system_inv_offwind-dc-2030: 58181.77762884922
system_inv_onwind-2030: 221587.52237566537
system_inv_solar-2030: 391180.2719676023
system_inv_solar_rooftop-2030: 0.0
zone_average_marginal_price: 131.3072831697923
