ci_average cost: 78.8494664476756
ci_average_revenue: 28.44188531749847
ci_cap_H2_Electrolysis: 98.65033952571896
ci_cap_H2_Fuel_Cell: 40.131230978722826
ci_cap_battery_charger: 1149.5058418265187
ci_cap_battery_discharger: 1173.2093638129966
ci_cap_onwind: 1286.3610509197674
ci_cap_solar: 1517.7200159518134
ci_capital_cost_battery_inverter: 27364407.87077343
ci_capital_cost_battery_storage: 43771358.145175286
ci_capital_cost_grid: 0.0
ci_capital_cost_hydrogen_electrolysis: 6566613.656057264
ci_capital_cost_hydrogen_fuel_cell: 8492380.596767927
ci_capital_cost_hydrogen_storage: 2859181.8439234816
ci_capital_cost_onwind: 140711391.69390446
ci_capital_cost_solar: 72836815.91260488
ci_clean_excess_total: 981118.1363179532
ci_clean_total: 5315558.32850471
ci_clean_used_grid_total: 432878.7128373328
ci_clean_used_local_total: 4334440.192186758
ci_clean_used_total: 4767318.905024091
ci_cost_battery_inverter: 27364407.87077343
ci_cost_battery_storage: 43771358.145175286
ci_cost_grid: 84124299.74102914
ci_cost_hydrogen_electrolysis: 6566613.656057264
ci_cost_hydrogen_fuel_cell: 8492380.596767927
ci_cost_hydrogen_storage: 2859181.8439234816
ci_cost_onwind: 140774344.13326067
ci_cost_solar: 72851356.61873023
ci_demand_total: 4905600.0
ci_emission_rate_local: 0.011835958343739657
ci_emission_rate_myopic: 0.014969004091439702
ci_emission_rate_true: 0.01555426421983296
ci_emissions: 76302.99855681258
ci_fraction_clean: 1.083569457050047
ci_fraction_clean_excess: 0.19999962009090697
ci_fraction_clean_used: 0.9718115837051718
ci_fraction_clean_used_grid: 0.08824174674603164
ci_fraction_clean_used_local: 0.8835698369591402
ci_generation_H2_Fuel_Cell: 153431.41508128407
ci_generation_battery_discharger: 900101.2867334213
ci_generation_onwind: 4196829.290413788
ci_generation_solar: 1454070.6125356075
ci_marginal_cost_grid: 84124299.74102914
ci_marginal_cost_onwind: 62952.439356206836
ci_marginal_cost_solar: 14540.706125356073
ci_revenue_grid: 139524512.6135205
ci_total_cost: 386803942.6057174
co2_price: 130.0
emissions: 296505613.54957247
emissions_zone: 0.9086980475914479
objective: 164512995012.07974
system_emission_rate: 0.09238037191877313
system_emissions: 98835204.51652431
system_grid_cfe_wavg: 0.8928243820135423
system_inv_H2_Electrolysis-2030: 7931.015816165737
system_inv_H2_Fuel_Cell-2030: 1746.7829103556821
system_inv_OCGT-2030: 68941.42887538459
system_inv_battery_charger-2030: 27265.454523131106
system_inv_battery_discharger-2030: 27827.685072332508
system_inv_offwind-ac-2030: 6127.565722360797
system_inv_offwind-dc-2030: 58181.71034127279
system_inv_onwind-2030: 221587.3418940818
system_inv_solar-2030: 391178.7486958486
system_inv_solar_rooftop-2030: 0.0
zone_average_marginal_price: 131.3072992263383
