ci_average cost: 134.01585992363786
ci_average_revenue: 0.0
ci_cap_H2_Electrolysis: 0.0
ci_cap_H2_Fuel_Cell: 0.0
ci_cap_battery_charger: 0.0
ci_cap_battery_discharger: 0.0
ci_cap_onwind: 0.0
ci_cap_solar: 0.0
ci_capital_cost_battery_inverter: 0.0
ci_capital_cost_battery_storage: 0.0
ci_capital_cost_grid: 0.0
ci_capital_cost_hydrogen_electrolysis: 0.0
ci_capital_cost_hydrogen_fuel_cell: 0.0
ci_capital_cost_hydrogen_storage: 0.0
ci_capital_cost_onwind: 0.0
ci_capital_cost_solar: 0.0
ci_clean_excess_total: 0.0
ci_clean_total: 0.0
ci_clean_used_grid_total: 4380504.306980753
ci_clean_used_local_total: 0.0
ci_clean_used_total: 4380504.306980753
ci_cost_battery_inverter: 0.0
ci_cost_battery_storage: 0.0
ci_cost_grid: 657428202.4413979
ci_cost_hydrogen_electrolysis: 0.0
ci_cost_hydrogen_fuel_cell: 0.0
ci_cost_hydrogen_storage: 0.0
ci_cost_onwind: 0.0
ci_cost_solar: 0.0
ci_demand_total: 4905600.0
ci_emission_rate_local: 0.08127558642422096
ci_emission_rate_myopic: 0.09189481012378584
ci_emission_rate_true: 0.07408769171281096
ci_emissions: 363444.58046636544
ci_fraction_clean: 0.0
ci_fraction_clean_excess: 0.0
ci_fraction_clean_used: 0.8929599451607864
ci_fraction_clean_used_grid: 0.8929599451607864
ci_fraction_clean_used_local: 0.0
ci_generation_H2_Fuel_Cell: -0.0
ci_generation_battery_discharger: -0.0
ci_generation_onwind: 0.0
ci_generation_solar: 0.0
ci_marginal_cost_grid: 657428202.4413979
ci_marginal_cost_onwind: 0.0
ci_marginal_cost_solar: 0.0
ci_revenue_grid: 0.0
ci_total_cost: 657428202.4413979
co2_price: 130.0
emissions: 298484393.85560095
emissions_zone: 0.9432766981826937
objective: 164919281636.4211
system_emission_rate: 0.09299688793824405
system_emissions: 99494797.95186682
system_grid_cfe_wavg: 0.888898645258215
system_inv_H2_Electrolysis-2030: 7887.791826215104
system_inv_H2_Fuel_Cell-2030: 1739.0421916136452
system_inv_OCGT-2030: 69430.94414042553
system_inv_battery_charger-2030: 28236.61280807517
system_inv_battery_discharger-2030: 28818.86924224549
system_inv_offwind-ac-2030: 5969.656060422294
system_inv_offwind-dc-2030: 58181.72551126726
system_inv_onwind-2030: 220816.4128437199
system_inv_solar-2030: 392526.22988717945
system_inv_solar_rooftop-2030: 0.0
zone_average_marginal_price: 134.01585992363786
