ci_average cost: 81.02029385333289
ci_average_revenue: 25.43208886828611
ci_cap_H2_Electrolysis: 0.0
ci_cap_H2_Fuel_Cell: 0.0
ci_cap_battery_charger: 0.0
ci_cap_battery_discharger: 0.0
ci_cap_onwind: 1747.0101268303558
ci_cap_solar: 925.4924981408914
ci_capital_cost_battery_inverter: 0.0
ci_capital_cost_battery_storage: 0.0
ci_capital_cost_grid: 0.0
ci_capital_cost_hydrogen_electrolysis: 0.0
ci_capital_cost_hydrogen_fuel_cell: 0.0
ci_capital_cost_hydrogen_storage: 0.0
ci_capital_cost_onwind: 191100489.30187672
ci_capital_cost_solar: 44415258.41860225
ci_clean_excess_total: 981119.1187536295
ci_clean_total: 4905600.000014536
ci_clean_used_grid_total: 742852.8731815116
ci_clean_used_local_total: 3924480.8812609063
ci_clean_used_total: 4667333.754442418
ci_cost_battery_inverter: 0.0
ci_cost_battery_storage: 0.0
ci_cost_grid: 161868205.3672432
ci_cost_hydrogen_electrolysis: 0.0
ci_cost_hydrogen_fuel_cell: 0.0
ci_cost_hydrogen_storage: 0.0
ci_cost_onwind: 191160922.61943924
ci_cost_solar: 44424025.54022739
ci_demand_total: 4905600.0
ci_emission_rate_local: 0.021178941636647772
ci_emission_rate_myopic: 0.025270609147072694
ci_emission_rate_true: 0.02762925273810262
ci_emissions: 135538.0622320362
ci_fraction_clean: 1.0000000000029632
ci_fraction_clean_excess: 0.19999982035910582
ci_fraction_clean_used: 0.9514297444639632
ci_fraction_clean_used_grid: 0.15142956482010592
ci_fraction_clean_used_local: 0.8000001796438573
ci_generation_H2_Fuel_Cell: -0.0
ci_generation_battery_discharger: -0.0
ci_generation_onwind: 4028887.8375004157
ci_generation_solar: 876712.1625141205
ci_marginal_cost_grid: 161868205.3672432
ci_marginal_cost_onwind: 60433.31756250626
ci_marginal_cost_solar: 8767.121625141202
ci_revenue_grid: 124759655.15226436
ci_total_cost: 397453153.5269098
co2_price: 130.0
emissions: 296569825.3352854
emissions_zone: 0.9275313409541021
objective: 164538580290.569
system_emission_rate: 0.09240037797725797
system_emissions: 98856608.44509539
system_grid_cfe_wavg: 0.8928023870544943
system_inv_H2_Electrolysis-2030: 7899.561426571654
system_inv_H2_Fuel_Cell-2030: 1740.4186439884886
system_inv_OCGT-2030: 69197.86320977619
system_inv_battery_charger-2030: 28186.751682092196
system_inv_battery_discharger-2030: 28767.979948981418
system_inv_offwind-ac-2030: 6117.883186631136
system_inv_offwind-dc-2030: 58181.73141939835
system_inv_onwind-2030: 221427.6127490936
system_inv_solar-2030: 391497.41448880604
system_inv_solar_rooftop-2030: 0.0
zone_average_marginal_price: 131.17973123802398
