ci_average cost: 99.51245832955247
ci_average_revenue: 28.681762951514532
ci_cap_H2_Electrolysis: 2.961420666297844
ci_cap_H2_Fuel_Cell: 21.80679913151804
ci_cap_adv_geothermal: 0.009317097524252343
ci_cap_allam_ccs: 870.1798898816788
ci_cap_battery_charger: 532.5829599708226
ci_cap_battery_discharger: 543.5651502668132
ci_cap_onwind: 2934.85299452939
ci_cap_solar: 3959.8288233316175
ci_capital_cost_adv_geothermal: 7508.313806417743
ci_capital_cost_allam_ccs: 211040072.4725695
ci_capital_cost_battery_inverter: 12678332.559413683
ci_capital_cost_battery_storage: 58405220.468746625
ci_capital_cost_grid: 0.0
ci_capital_cost_hydrogen_electrolysis: 197125.5799233388
ci_capital_cost_hydrogen_fuel_cell: 4614651.315338575
ci_capital_cost_hydrogen_storage: 211675.62900337006
ci_capital_cost_onwind: 321035255.9897361
ci_capital_cost_solar: 190035922.31703758
ci_clean_excess_total: 1951727.7726029824
ci_clean_total: 11710367.74921507
ci_clean_used_grid_total: 0.14608742569038435
ci_clean_used_local_total: 9758639.976612087
ci_clean_used_total: 9758640.122699512
ci_cost_adv_geothermal: 7508.313806417743
ci_cost_allam_ccs: 383794020.5752272
ci_cost_battery_inverter: 12678332.559413683
ci_cost_battery_storage: 58405220.468746625
ci_cost_grid: 17.455983482144653
ci_cost_hydrogen_electrolysis: 197125.5799233388
ci_cost_hydrogen_fuel_cell: 4614651.315338575
ci_cost_hydrogen_storage: 211675.62900337006
ci_cost_onwind: 321124702.75427246
ci_cost_solar: 190073001.70138863
ci_demand_total: 9758640.0
ci_emission_rate_local: 9.509665734901291e-11
ci_emission_rate_myopic: 1.3833295230447526e-10
ci_emission_rate_true: 1.6678320994430652e-10
ci_emissions: 0.001627577303890907
ci_fraction_clean: 1.1999999743012417
ci_fraction_clean_excess: 0.19999997669787822
ci_fraction_clean_used: 1.0000000125734234
ci_fraction_clean_used_grid: 1.4970059935645167e-08
ci_fraction_clean_used_local: 0.9999999976033636
ci_generation_H2_Fuel_Cell: 2600.0979568766197
ci_generation_adv_geothermal: 78.87057150054142
ci_generation_allam_ccs: 2085653.996946771
ci_generation_battery_discharger: 992977.17167172
ci_generation_onwind: 5963117.635757175
ci_generation_solar: 3707938.435105599
ci_marginal_cost_adv_geothermal: 0.0
ci_marginal_cost_allam_ccs: 172753948.1026577
ci_marginal_cost_grid: 17.455983482144653
ci_marginal_cost_onwind: 89446.76453635748
ci_marginal_cost_solar: 37079.38435105602
ci_revenue_grid: 279894999.2091678
ci_total_cost: 971106256.353104
co2_price: 130.0
emissions: 295749545.9173219
emissions_zone: 12.921740634012997
objective: 164589299776.4169
system_emission_rate: 0.0922843455048068
system_emissions: 98583181.97244066
system_grid_cfe_wavg: 0.799023631135337
system_inv_H2_Electrolysis-2030: 7909.234428410155
system_inv_H2_Fuel_Cell-2030: 1741.0222867678976
system_inv_OCGT-2030: 68428.98466395348
system_inv_battery_charger-2030: 27648.34502334347
system_inv_battery_discharger-2030: 28218.471011663118
system_inv_offwind-ac-2030: 6097.54931095771
system_inv_offwind-dc-2030: 58181.664524326145
system_inv_onwind-2030: 219508.32568524574
system_inv_solar-2030: 388719.84923139046
system_inv_solar_rooftop-2030: 0.0
zone_average_marginal_price: 148.17947710424855
