ci_average cost: 94.10989771308128
ci_average_revenue: 31.15610758580377
ci_cap_H2_Electrolysis: 0.007694766276908547
ci_cap_H2_Fuel_Cell: 0.0021717622378151996
ci_cap_adv_geothermal: 0.0014797015380071297
ci_cap_allam_ccs: 233.7063977521001
ci_cap_battery_charger: 1863.6292463133045
ci_cap_battery_discharger: 1902.0584349326846
ci_cap_onwind: 3046.596107797821
ci_cap_solar: 4338.251412380431
ci_capital_cost_adv_geothermal: 1192.4382521785437
ci_capital_cost_allam_ccs: 56679562.114004664
ci_capital_cost_battery_inverter: 44364377.2483896
ci_capital_cost_battery_storage: 78503205.04395337
ci_capital_cost_grid: 0.0
ci_capital_cost_hydrogen_electrolysis: 512.1985140349502
ci_capital_cost_hydrogen_fuel_cell: 459.5780154113292
ci_capital_cost_hydrogen_storage: 288.0739088057568
ci_capital_cost_onwind: 333258518.6335855
ci_capital_cost_solar: 208196779.5015124
ci_clean_excess_total: 1951725.9190883348
ci_clean_total: 10936555.715216395
ci_clean_used_grid_total: 454176.4518477117
ci_clean_used_local_total: 8984829.79612806
ci_clean_used_total: 9439006.247975772
ci_cost_adv_geothermal: 1192.4382521785437
ci_cost_allam_ccs: 132453371.7513541
ci_cost_battery_inverter: 44364377.2483896
ci_cost_battery_storage: 78503205.04395337
ci_cost_grid: 121474732.72375783
ci_cost_hydrogen_electrolysis: 512.1985140349502
ci_cost_hydrogen_fuel_cell: 459.5780154113292
ci_cost_hydrogen_storage: 288.0739088057568
ci_cost_onwind: 333349356.55990154
ci_cost_solar: 208237116.6027365
ci_demand_total: 9758640.0
ci_emission_rate_local: 0.013779534838933925
ci_emission_rate_myopic: 0.010932966403052767
ci_emission_rate_true: 0.0195348777556995
ci_emissions: 190633.83946187937
ci_fraction_clean: 1.1207049051114084
ci_fraction_clean_excess: 0.1999997867621241
ci_fraction_clean_used: 0.9672460760900876
ci_fraction_clean_used_grid: 0.0465409577408032
ci_fraction_clean_used_local: 0.9207051183492844
ci_generation_H2_Fuel_Cell: 7.728909427163782
ci_generation_adv_geothermal: 11.077394462319916
ci_generation_allam_ccs: 914815.2656986383
ci_generation_battery_discharger: 1627864.3129012797
ci_generation_onwind: 6055861.754402321
ci_generation_solar: 4033710.122409731
ci_marginal_cost_adv_geothermal: 0.0
ci_marginal_cost_allam_ccs: 75773809.63734943
ci_marginal_cost_grid: 121474732.72375783
ci_marginal_cost_onwind: 90837.92631603466
ci_marginal_cost_solar: 40337.10122409734
ci_revenue_grid: 304041237.7311281
ci_total_cost: 918384612.2187835
co2_price: 130.0
emissions: 296219045.3993983
emissions_zone: 12.890684151834149
objective: 164509786331.3243
system_emission_rate: 0.0924308459915069
system_emissions: 98739681.79979931
system_grid_cfe_wavg: 0.7946671167718079
system_inv_H2_Electrolysis-2030: 7980.532200745167
system_inv_H2_Fuel_Cell-2030: 1754.405901943259
system_inv_OCGT-2030: 68684.72228114997
system_inv_battery_charger-2030: 26823.158860653653
system_inv_battery_discharger-2030: 27376.268999519954
system_inv_offwind-ac-2030: 6105.324950097162
system_inv_offwind-dc-2030: 58181.6583780737
system_inv_onwind-2030: 219495.17149758548
system_inv_solar-2030: 388441.6757603154
system_inv_solar_rooftop-2030: 0.0
zone_average_marginal_price: 148.2996552162453
