ci_average cost: 94.10990971613117
ci_average_revenue: 31.15609116640363
ci_cap_H2_Electrolysis: 0.00698652719283438
ci_cap_H2_Fuel_Cell: 0.0019907008313836206
ci_cap_adv_geothermal: 0.0015162364305332133
ci_cap_allam_ccs: 233.7099165046121
ci_cap_battery_charger: 1863.6431739610973
ci_cap_battery_discharger: 1902.0726497771957
ci_cap_onwind: 3046.576454458999
ci_cap_solar: 4338.332530030107
ci_capital_cost_adv_geothermal: 1221.8804080919642
ci_capital_cost_allam_ccs: 56680415.498223014
ci_capital_cost_battery_inverter: 44364708.80114994
ci_capital_cost_battery_storage: 78509466.02774136
ci_capital_cost_grid: 0.0
ci_capital_cost_hydrogen_electrolysis: 465.0549110469197
ci_capital_cost_hydrogen_fuel_cell: 421.26266008075646
ci_capital_cost_hydrogen_storage: 280.48559399947
ci_capital_cost_onwind: 333256368.8105206
ci_capital_cost_solar: 208200672.41407508
ci_clean_excess_total: 1951726.305061169
ci_clean_total: 10936609.09019094
ci_clean_used_grid_total: 454521.1279614755
ci_clean_used_local_total: 8984882.78512977
ci_clean_used_total: 9439403.913091246
ci_cost_adv_geothermal: 1221.8804080919642
ci_cost_allam_ccs: 132453354.51482007
ci_cost_battery_inverter: 44364708.80114994
ci_cost_battery_storage: 78509466.02774136
ci_cost_grid: 121466595.06324378
ci_cost_hydrogen_electrolysis: 465.0549110469197
ci_cost_hydrogen_fuel_cell: 421.26266008075646
ci_cost_hydrogen_storage: 280.48559399947
ci_cost_onwind: 333347206.10309637
ci_cost_solar: 208241010.15860158
ci_demand_total: 9758640.0
ci_emission_rate_local: 0.01382051774118737
ci_emission_rate_myopic: 0.010926160441386794
ci_emission_rate_true: 0.019557124824182696
ci_emissions: 190850.94059426215
ci_fraction_clean: 1.120710374620945
ci_fraction_clean_excess: 0.19999982631403238
ci_fraction_clean_used: 0.9672868261449593
ci_fraction_clean_used_grid: 0.046576277838046645
ci_fraction_clean_used_local: 0.9207105483069127
ci_generation_H2_Fuel_Cell: 6.981356600722869
ci_generation_adv_geothermal: 11.414163572888924
ci_generation_allam_ccs: 914804.7547165628
ci_generation_battery_discharger: 1626903.896396106
ci_generation_onwind: 6055819.505051297
ci_generation_solar: 4033774.4526499338
ci_marginal_cost_adv_geothermal: 0.0
ci_marginal_cost_allam_ccs: 75772939.01659706
ci_marginal_cost_grid: 121466595.06324378
ci_marginal_cost_onwind: 90837.2925757693
ci_marginal_cost_solar: 40337.744526499366
ci_revenue_grid: 304041077.5001131
ci_total_cost: 918384729.3522263
co2_price: 130.0
emissions: 296219146.2506695
emissions_zone: 12.909533957040276
objective: 164509789995.43472
system_emission_rate: 0.09243087746067974
system_emissions: 98739715.41688979
system_grid_cfe_wavg: 0.7947517869014583
system_inv_H2_Electrolysis-2030: 7980.365726849008
system_inv_H2_Fuel_Cell-2030: 1754.4334403401924
system_inv_OCGT-2030: 68684.69546881334
system_inv_battery_charger-2030: 26823.207077197218
system_inv_battery_discharger-2030: 27376.31821031849
system_inv_offwind-ac-2030: 6105.315085009761
system_inv_offwind-dc-2030: 58181.674643287566
system_inv_onwind-2030: 219495.09064102202
system_inv_solar-2030: 388441.06281688076
system_inv_solar_rooftop-2030: 0.0
zone_average_marginal_price: 148.29972982601382
