ci_average cost: 94.49792511552381
ci_average_revenue: 30.36214410362472
ci_cap_H2_Electrolysis: 0.006052840948856916
ci_cap_H2_Fuel_Cell: 0.0024796143161999974
ci_cap_adv_geothermal: 0.0022496147023984125
ci_cap_allam_ccs: 506.5024365067289
ci_cap_battery_charger: 1467.77786016681
ci_cap_battery_discharger: 1498.044348177386
ci_cap_onwind: 3053.11580629338
ci_cap_solar: 3915.622964429816
ci_capital_cost_adv_geothermal: 1812.8835815200675
ci_capital_cost_allam_ccs: 122839325.69672184
ci_capital_cost_battery_inverter: 34940989.91743727
ci_capital_cost_battery_storage: 67118106.7816093
ci_capital_cost_grid: 0.0
ci_capital_cost_hydrogen_electrolysis: 402.9045234288742
ci_capital_cost_hydrogen_fuel_cell: 524.7242108653352
ci_capital_cost_hydrogen_storage: 282.62945202871447
ci_capital_cost_onwind: 333971689.9847228
ci_capital_cost_solar: 187914441.42909536
ci_clean_excess_total: 1951726.4459443502
ci_clean_total: 11490873.79385265
ci_clean_used_grid_total: 121907.65608244576
ci_clean_used_local_total: 9539147.3479083
ci_clean_used_total: 9661055.003990745
ci_cost_adv_geothermal: 1812.8835815200675
ci_cost_allam_ccs: 262182677.62381852
ci_cost_battery_inverter: 34940989.91743727
ci_cost_battery_storage: 67118106.7816093
ci_cost_grid: 35910665.04014723
ci_cost_hydrogen_electrolysis: 402.9045234288742
ci_cost_hydrogen_fuel_cell: 524.7242108653352
ci_cost_hydrogen_storage: 282.62945202871447
ci_cost_onwind: 334064590.19289744
ci_cost_solar: 187951179.25167775
ci_demand_total: 9758640.0
ci_emission_rate_local: 0.005326751001855937
ci_emission_rate_myopic: 0.0030848851589042356
ci_emission_rate_true: 0.006547331493799596
ci_emissions: 63893.051008652496
ci_fraction_clean: 1.1775077053618792
ci_fraction_clean_excess: 0.19999984075079624
ci_fraction_clean_used: 0.9900001438715584
ci_fraction_clean_used_grid: 0.01249227926047541
ci_fraction_clean_used_local: 0.9775078646110831
ci_generation_H2_Fuel_Cell: 5.843744393435317
ci_generation_adv_geothermal: 17.626580569259875
ci_generation_allam_ccs: 1682288.723856023
ci_generation_battery_discharger: 1405220.0750914535
ci_generation_onwind: 6193347.211644149
ci_generation_solar: 3673782.2582387524
ci_marginal_cost_adv_geothermal: 0.0
ci_marginal_cost_allam_ccs: 139343351.92709666
ci_marginal_cost_grid: 35910665.04014723
ci_marginal_cost_onwind: 92900.20817466208
ci_marginal_cost_solar: 36737.82258238755
ci_revenue_grid: 296293233.9353963
ci_total_cost: 922171231.9493552
co2_price: 130.0
emissions: 295934056.06547755
emissions_zone: 12.868335824885948
objective: 164522797151.03333
system_emission_rate: 0.09234191921369851
system_emissions: 98644685.35515907
system_grid_cfe_wavg: 0.7977318605853108
system_inv_H2_Electrolysis-2030: 7962.199068129153
system_inv_H2_Fuel_Cell-2030: 1751.9042149387121
system_inv_OCGT-2030: 68548.37660066293
system_inv_battery_charger-2030: 27072.045028346678
system_inv_battery_discharger-2030: 27630.28735404786
system_inv_offwind-ac-2030: 6101.49507003716
system_inv_offwind-dc-2030: 58181.68889222243
system_inv_onwind-2030: 219459.4531964772
system_inv_solar-2030: 388615.24417317496
system_inv_solar_rooftop-2030: 0.0
zone_average_marginal_price: 148.21759725575637
