ci_average cost: 94.10937320726545
ci_average_revenue: 31.155442933018467
ci_cap_H2_Electrolysis: 0.007978806874341975
ci_cap_H2_Fuel_Cell: 0.002236167306431329
ci_cap_adv_geothermal: 0.0014980027333247633
ci_cap_allam_ccs: 233.6435569392043
ci_cap_battery_charger: 1863.4358850020392
ci_cap_battery_discharger: 1901.8610863914928
ci_cap_onwind: 3046.882864291137
ci_cap_solar: 4337.509324538586
ci_capital_cost_adv_geothermal: 1207.1865272845685
ci_capital_cost_allam_ccs: 56664321.66790614
ci_capital_cost_battery_inverter: 44359774.21150596
ci_capital_cost_battery_storage: 78492581.21214512
ci_capital_cost_grid: 0.0
ci_capital_cost_hydrogen_electrolysis: 531.1055433969195
ci_capital_cost_hydrogen_fuel_cell: 473.2071103010203
ci_capital_cost_hydrogen_storage: 331.2507531477077
ci_capital_cost_onwind: 333289886.1141408
ci_capital_cost_solar: 208161166.00563744
ci_clean_excess_total: 1951725.9496196115
ci_clean_total: 10936270.029745948
ci_clean_used_grid_total: 455724.89857782517
ci_clean_used_local_total: 8984544.080126336
ci_clean_used_total: 9440268.978704162
ci_cost_adv_geothermal: 1207.1865272845685
ci_cost_allam_ccs: 132424405.36962864
ci_cost_battery_inverter: 44359774.21150596
ci_cost_battery_storage: 78492581.21214512
ci_cost_grid: 121517959.5650633
ci_cost_hydrogen_electrolysis: 531.1055433969195
ci_cost_hydrogen_fuel_cell: 473.2071103010203
ci_cost_hydrogen_storage: 331.2507531477077
ci_cost_onwind: 333380734.5593393
ci_cost_solar: 208201496.08773243
ci_demand_total: 9758640.0
ci_emission_rate_local: 0.013779855364344885
ci_emission_rate_myopic: 0.010939632149232728
ci_emission_rate_true: 0.019539214224743993
ci_emissions: 190676.1575021557
ci_fraction_clean: 1.1206756299797869
ci_fraction_clean_excess: 0.19999978989076464
ci_fraction_clean_used: 0.9673754722691033
ci_fraction_clean_used_grid: 0.04669963218008095
ci_fraction_clean_used_local: 0.9206758400890223
ci_generation_H2_Fuel_Cell: 7.920280258852344
ci_generation_adv_geothermal: 11.241777105734123
ci_generation_allam_ccs: 914649.5528288803
ci_generation_battery_discharger: 1630722.9934427894
ci_generation_onwind: 6056563.013233655
ci_generation_solar: 4033008.209498673
ci_marginal_cost_adv_geothermal: 0.0
ci_marginal_cost_allam_ccs: 75760083.7017225
ci_marginal_cost_grid: 121517959.5650633
ci_marginal_cost_onwind: 90848.44519850468
ci_marginal_cost_solar: 40330.08209498676
ci_revenue_grid: 304034751.6238713
ci_total_cost: 918379493.7553489
co2_price: 130.0
emissions: 296218581.091759
emissions_zone: 12.88369280168578
objective: 164509796656.2923
system_emission_rate: 0.09243070111105925
system_emissions: 98739527.03058621
system_grid_cfe_wavg: 0.7951990281605545
system_inv_H2_Electrolysis-2030: 7980.752776292637
system_inv_H2_Fuel_Cell-2030: 1754.3257102669932
system_inv_OCGT-2030: 68684.92141034832
system_inv_battery_charger-2030: 26824.982664638457
system_inv_battery_discharger-2030: 27378.130411471837
system_inv_offwind-ac-2030: 6105.358319701012
system_inv_offwind-dc-2030: 58181.66614234151
system_inv_onwind-2030: 219495.13568752995
system_inv_solar-2030: 388442.55704583484
system_inv_solar_rooftop-2030: 0.0
zone_average_marginal_price: 148.29962943214647
