ci_average cost: 94.10987940603526
ci_average_revenue: 31.156029202011197
ci_cap_H2_Electrolysis: 0.008035599942867256
ci_cap_H2_Fuel_Cell: 0.002295801784818581
ci_cap_adv_geothermal: 0.001713388161771104
ci_cap_allam_ccs: 233.68294756622464
ci_cap_battery_charger: 1863.5984143883213
ci_cap_battery_discharger: 1902.0269672343234
ci_cap_onwind: 3046.69918295481
ci_cap_solar: 4338.044402342186
ci_capital_cost_adv_geothermal: 1380.7578977564724
ci_capital_cost_allam_ccs: 56673874.86590321
ci_capital_cost_battery_inverter: 44363643.28311515
ci_capital_cost_battery_storage: 78503127.43949041
ci_capital_cost_grid: 0.0
ci_capital_cost_hydrogen_electrolysis: 534.8859474091153
ci_capital_cost_hydrogen_fuel_cell: 485.8266755324677
ci_capital_cost_hydrogen_storage: 317.7142516087646
ci_capital_cost_onwind: 333269793.7330443
ci_capital_cost_solar: 208186844.89441147
ci_clean_excess_total: 1951726.1854019244
ci_clean_total: 10936481.321930889
ci_clean_used_grid_total: 458458.30077672075
ci_clean_used_local_total: 8984755.136528965
ci_clean_used_total: 9443213.437305685
ci_cost_adv_geothermal: 1380.7578977564724
ci_cost_allam_ccs: 132441093.38690633
ci_cost_battery_inverter: 44363643.28311515
ci_cost_battery_storage: 78503127.43949041
ci_cost_grid: 121486035.98957564
ci_cost_hydrogen_electrolysis: 534.8859474091153
ci_cost_hydrogen_fuel_cell: 485.8266755324677
ci_cost_hydrogen_storage: 317.7142516087646
ci_cost_onwind: 333360634.1510934
ci_cost_solar: 208227180.13195854
ci_demand_total: 9758640.0
ci_emission_rate_local: 0.013781486582316144
ci_emission_rate_myopic: 0.010929924196170039
ci_emission_rate_true: 0.01953009123634021
ci_emissions: 190587.12954259905
ci_fraction_clean: 1.1206972817862826
ci_fraction_clean_excess: 0.19999981405215525
ci_fraction_clean_used: 0.9676772006453446
ci_fraction_clean_used_grid: 0.046979732911217216
ci_fraction_clean_used_local: 0.9206974677341274
ci_generation_H2_Fuel_Cell: 8.019101642199793
ci_generation_adv_geothermal: 12.781627803690409
ci_generation_allam_ccs: 914735.691319569
ci_generation_battery_discharger: 1627281.2953702714
ci_generation_onwind: 6056027.869939831
ci_generation_solar: 4033523.75470597
ci_marginal_cost_adv_geothermal: 0.0
ci_marginal_cost_allam_ccs: 75767218.52100311
ci_marginal_cost_grid: 121486035.98957564
ci_marginal_cost_onwind: 90840.41804909732
ci_marginal_cost_solar: 40335.23754705973
ci_revenue_grid: 304040472.81191456
ci_total_cost: 918384433.5669119
co2_price: 130.0
emissions: 296219071.2202245
emissions_zone: 12.879574443055883
objective: 164509804484.33188
system_emission_rate: 0.09243085404852017
system_emissions: 98739690.40674126
system_grid_cfe_wavg: 0.7962116471066019
system_inv_H2_Electrolysis-2030: 7980.5458277551525
system_inv_H2_Fuel_Cell-2030: 1754.3708529969742
system_inv_OCGT-2030: 68684.7922991839
system_inv_battery_charger-2030: 26823.54359189005
system_inv_battery_discharger-2030: 27376.66166415259
system_inv_offwind-ac-2030: 6105.347791457995
system_inv_offwind-dc-2030: 58181.67070149952
system_inv_onwind-2030: 219494.6608244239
system_inv_solar-2030: 388442.6356944862
system_inv_solar_rooftop-2030: 0.0
zone_average_marginal_price: 148.299749555377
