ci_average cost: 94.27597553688234
ci_average_revenue: 31.10706956522314
ci_cap_H2_Electrolysis: 0.007825265294564083
ci_cap_H2_Fuel_Cell: 0.0024158781638398347
ci_cap_adv_geothermal: 0.0018816963192280702
ci_cap_allam_ccs: 349.5020968347176
ci_cap_battery_charger: 1762.3765009485048
ci_cap_battery_discharger: 1798.7177952844315
ci_cap_onwind: 3083.9544860131746
ci_cap_solar: 4139.297251965989
ci_capital_cost_adv_geothermal: 1516.3913886668595
ci_capital_cost_allam_ccs: 84762873.4046509
ci_capital_cost_battery_inverter: 41954018.53477456
ci_capital_cost_battery_storage: 73002493.40792315
ci_capital_cost_grid: 0.0
ci_capital_cost_hydrogen_electrolysis: 520.8851200371068
ci_capital_cost_hydrogen_fuel_cell: 511.23666885838634
ci_capital_cost_hydrogen_storage: 324.6301708536458
ci_capital_cost_onwind: 337345045.8075473
ci_capital_cost_solar: 198648781.58039013
ci_clean_excess_total: 1951726.007073858
ci_clean_total: 11216720.624391275
ci_clean_used_grid_total: 298474.44128960854
ci_clean_used_local_total: 9264994.617317416
ci_clean_used_total: 9563469.058607025
ci_cost_adv_geothermal: 1516.3913886668595
ci_cost_allam_ccs: 190434910.97129855
ci_cost_battery_inverter: 41954018.53477456
ci_cost_battery_storage: 73002493.40792315
ci_cost_grid: 78486356.76158679
ci_cost_hydrogen_electrolysis: 520.8851200371068
ci_cost_hydrogen_fuel_cell: 511.23666885838634
ci_cost_hydrogen_storage: 324.6301708536458
ci_cost_onwind: 337437341.9349536
ci_cost_solar: 198687311.1593566
ci_demand_total: 9758640.0
ci_emission_rate_local: 0.00972438093503549
ci_emission_rate_myopic: 0.006828156877986035
ci_emission_rate_true: 0.01300958432799586
ci_emissions: 126955.85000655355
ci_fraction_clean: 1.1494143266265868
ci_fraction_clean_excess: 0.19999979577829063
ci_fraction_clean_used: 0.9800001904575868
ci_fraction_clean_used_grid: 0.030585659609290695
ci_fraction_clean_used_local: 0.9494145308482961
ci_generation_H2_Fuel_Cell: 7.606275053575042
ci_generation_adv_geothermal: 14.36670016212044
ci_generation_allam_ccs: 1275775.806787465
ci_generation_battery_discharger: 1562112.2895016451
ci_generation_onwind: 6153075.160421583
ci_generation_solar: 3852957.8966475073
ci_marginal_cost_adv_geothermal: 0.0
ci_marginal_cost_allam_ccs: 105672037.56664765
ci_marginal_cost_grid: 78486356.76158679
ci_marginal_cost_onwind: 92296.12740632359
ci_marginal_cost_solar: 38529.5789664751
ci_revenue_grid: 303562693.34196913
ci_total_cost: 920005305.9132415
co2_price: 130.0
emissions: 296094673.2081583
emissions_zone: 12.794272040272162
objective: 164512560539.4311
system_emission_rate: 0.09239203745764425
system_emissions: 98698224.40271926
system_grid_cfe_wavg: 0.7971740343357958
system_inv_H2_Electrolysis-2030: 7981.659349901302
system_inv_H2_Fuel_Cell-2030: 1754.3068323958314
system_inv_OCGT-2030: 68597.6989926723
system_inv_battery_charger-2030: 26895.792442207097
system_inv_battery_discharger-2030: 27450.400330484197
system_inv_offwind-ac-2030: 6103.116618272657
system_inv_offwind-dc-2030: 58181.67136850862
system_inv_onwind-2030: 219494.22153559577
system_inv_solar-2030: 388446.6432951979
system_inv_solar_rooftop-2030: 0.0
zone_average_marginal_price: 148.2204628715039
