ci_average cost: 151.41242416057958
ci_average_revenue: 0.0
ci_cap_H2_Electrolysis: 0.0
ci_cap_H2_Fuel_Cell: 0.0
ci_cap_adv_geothermal: 0.0
ci_cap_allam_ccs: 0.0
ci_cap_battery_charger: 0.0
ci_cap_battery_discharger: 0.0
ci_cap_onwind: 0.0
ci_cap_solar: 0.0
ci_capital_cost_adv_geothermal: 0.0
ci_capital_cost_allam_ccs: 0.0
ci_capital_cost_battery_inverter: 0.0
ci_capital_cost_battery_storage: 0.0
ci_capital_cost_grid: 0.0
ci_capital_cost_hydrogen_electrolysis: 0.0
ci_capital_cost_hydrogen_fuel_cell: 0.0
ci_capital_cost_hydrogen_storage: 0.0
ci_capital_cost_onwind: 0.0
ci_capital_cost_solar: 0.0
ci_clean_excess_total: 0.0
ci_clean_total: 0.0
ci_clean_used_grid_total: 7710923.998315236
ci_clean_used_local_total: 0.0
ci_clean_used_total: 7710923.998315236
ci_cost_adv_geothermal: 0.0
ci_cost_allam_ccs: 0.0
ci_cost_battery_inverter: 0.0
ci_cost_battery_storage: 0.0
ci_cost_grid: 1477579338.9103982
ci_cost_hydrogen_electrolysis: 0.0
ci_cost_hydrogen_fuel_cell: 0.0
ci_cost_hydrogen_storage: 0.0
ci_cost_onwind: 0.0
ci_cost_solar: 0.0
ci_demand_total: 9758640.0
ci_emission_rate_local: 0.1019098042648156
ci_emission_rate_myopic: 0.0927714226365534
ci_emission_rate_true: 0.1482641133428634
ci_emissions: 1446856.1070322006
ci_fraction_clean: 0.0
ci_fraction_clean_excess: 0.0
ci_fraction_clean_used: 0.7901637931428186
ci_fraction_clean_used_grid: 0.7901637931428186
ci_fraction_clean_used_local: 0.0
ci_generation_H2_Fuel_Cell: -0.0
ci_generation_adv_geothermal: 0.0
ci_generation_allam_ccs: 0.0
ci_generation_battery_discharger: -0.0
ci_generation_onwind: 0.0
ci_generation_solar: 0.0
ci_marginal_cost_adv_geothermal: 0.0
ci_marginal_cost_allam_ccs: 0.0
ci_marginal_cost_grid: 1477579338.9103982
ci_marginal_cost_onwind: 0.0
ci_marginal_cost_solar: 0.0
ci_revenue_grid: 0.0
ci_total_cost: 1477579338.9103982
co2_price: 130.0
emissions: 300962495.74676865
emissions_zone: 15.513216119542108
objective: 165366464248.83014
system_emission_rate: 0.09391097070102723
system_emissions: 100320831.91558951
system_grid_cfe_wavg: 0.7755077487448647
system_inv_H2_Electrolysis-2030: 7902.980143409561
system_inv_H2_Fuel_Cell-2030: 1732.3765982579437
system_inv_OCGT-2030: 69682.38505011224
system_inv_battery_charger-2030: 28053.06872067055
system_inv_battery_discharger-2030: 28631.540362147374
system_inv_offwind-ac-2030: 6003.449427010176
system_inv_offwind-dc-2030: 58181.66047682136
system_inv_onwind-2030: 218646.44294462036
system_inv_solar-2030: 390500.8446771296
system_inv_solar_rooftop-2030: 0.0
zone_average_marginal_price: 151.41242416057958
