ci_average cost: 104.27737887108783
ci_average_revenue: 30.885787453523267
ci_cap_H2_Electrolysis: 0.0
ci_cap_H2_Fuel_Cell: 0.0
ci_cap_adv_geothermal: 0.0
ci_cap_allam_ccs: 0.0
ci_cap_battery_charger: 0.0
ci_cap_battery_discharger: 0.0
ci_cap_onwind: 5072.614375650527
ci_cap_solar: 2831.251972647854
ci_capital_cost_adv_geothermal: 0.0
ci_capital_cost_allam_ccs: 0.0
ci_capital_cost_battery_inverter: 0.0
ci_capital_cost_battery_storage: 0.0
ci_capital_cost_grid: 0.0
ci_capital_cost_hydrogen_electrolysis: 0.0
ci_capital_cost_hydrogen_fuel_cell: 0.0
ci_capital_cost_hydrogen_storage: 0.0
ci_capital_cost_onwind: 554878918.1808112
ci_capital_cost_solar: 135874454.1592041
ci_clean_excess_total: 1951727.3913157126
ci_clean_total: 9758640.000051375
ci_clean_used_grid_total: 1280085.6052248138
ci_clean_used_local_total: 7806912.608735664
ci_clean_used_total: 9086998.213960478
ci_cost_adv_geothermal: 0.0
ci_cost_allam_ccs: 0.0
ci_cost_battery_inverter: 0.0
ci_cost_battery_storage: 0.0
ci_cost_grid: 326718082.27109087
ci_cost_hydrogen_electrolysis: 0.0
ci_cost_hydrogen_fuel_cell: 0.0
ci_cost_hydrogen_storage: 0.0
ci_cost_onwind: 554987996.7871486
ci_cost_solar: 135899321.48831302
ci_demand_total: 9758640.0
ci_emission_rate_local: 0.03166846284939078
ci_emission_rate_myopic: 0.024307196229798538
ci_emission_rate_true: 0.04562286303313039
ci_emissions: 445217.0961096275
ci_fraction_clean: 1.0000000000052647
ci_fraction_clean_excess: 0.19999993762611518
ci_fraction_clean_used: 0.9311746528164251
ci_fraction_clean_used_grid: 0.13117459043727547
ci_fraction_clean_used_local: 0.8000000623791496
ci_generation_H2_Fuel_Cell: -0.0
ci_generation_adv_geothermal: 0.0
ci_generation_allam_ccs: 0.0
ci_generation_battery_discharger: -0.0
ci_generation_onwind: 7271907.089159929
ci_generation_solar: 2486732.910891447
ci_marginal_cost_adv_geothermal: 0.0
ci_marginal_cost_allam_ccs: 0.0
ci_marginal_cost_grid: 326718082.27109087
ci_marginal_cost_onwind: 109078.60633739876
ci_marginal_cost_solar: 24867.32910891449
ci_revenue_grid: 301403280.8754503
ci_total_cost: 1017605400.5465525
co2_price: 130.0
emissions: 296476134.50911045
emissions_zone: 13.273887557144672
objective: 164615766005.95584
system_emission_rate: 0.09251106691002974
system_emissions: 98825378.16970335
system_grid_cfe_wavg: 0.7939075563306295
system_inv_H2_Electrolysis-2030: 7898.360337615176
system_inv_H2_Fuel_Cell-2030: 1740.2672153343563
system_inv_OCGT-2030: 69228.7507049189
system_inv_battery_charger-2030: 28188.665307284922
system_inv_battery_discharger-2030: 28769.93303431013
system_inv_offwind-ac-2030: 6075.209880054422
system_inv_offwind-dc-2030: 58181.6741186702
system_inv_onwind-2030: 219108.13944323594
system_inv_solar-2030: 389432.4387245203
system_inv_solar_rooftop-2030: 0.0
zone_average_marginal_price: 149.17182820010572
