ci_average cost: 114.48937119585977
ci_average_revenue: 30.63697743037648
ci_cap_H2_Electrolysis: 1529.9658878733774
ci_cap_H2_Fuel_Cell: 1962.16918654407
ci_cap_battery_charger: 2160.7338561037923
ci_cap_battery_discharger: 2205.2895256806437
ci_cap_onwind: 10877.694266849121
ci_cap_solar: 12837.040911098287
ci_capital_cost_battery_inverter: 51437061.37644544
ci_capital_cost_battery_storage: 236958665.6215408
ci_capital_cost_grid: 0.0
ci_capital_cost_hydrogen_electrolysis: 101841462.89726493
ci_capital_cost_hydrogen_fuel_cell: 415224928.83952594
ci_capital_cost_hydrogen_storage: 181212397.8666917
ci_capital_cost_onwind: 1189880164.371218
ci_capital_cost_solar: 616061708.270921
ci_clean_excess_total: 4879319.551711379
ci_clean_total: 29275129.471864507
ci_clean_used_grid_total: 790.1540083252326
ci_clean_used_local_total: 24395809.920153126
ci_clean_used_total: 24396600.07416145
ci_cost_battery_inverter: 51437061.37644544
ci_cost_battery_storage: 236958665.6215408
ci_cost_grid: 86437.54728352123
ci_cost_hydrogen_electrolysis: 101841462.89726493
ci_cost_hydrogen_fuel_cell: 415224928.83952594
ci_cost_hydrogen_storage: 181212397.8666917
ci_cost_onwind: 1190208541.2009737
ci_cost_solar: 616181897.9671862
ci_demand_total: 24396600.0
ci_emission_rate_local: 2.94513539866667e-07
ci_emission_rate_myopic: 7.343782456934035e-08
ci_emission_rate_true: 3.40353217297334e-07
ci_emissions: 8.303461301116139
ci_fraction_clean: 1.199967596790721
ci_fraction_clean_excess: 0.19999998162495505
ci_fraction_clean_used: 1.0000000030398273
ci_fraction_clean_used_grid: 3.2387874061354145e-05
ci_fraction_clean_used_local: 0.9999676151657659
ci_generation_H2_Fuel_Cell: 2311648.5695720115
ci_generation_battery_discharger: 3559473.1914110137
ci_generation_onwind: 21891788.65038285
ci_generation_solar: 12018969.626516804
ci_marginal_cost_grid: 86437.54728352123
ci_marginal_cost_onwind: 328376.8297557422
ci_marginal_cost_solar: 120189.69626516812
ci_revenue_grid: 747438083.5779228
ci_total_cost: 2793151393.3169127
co2_price: 130.0
emissions: 294572032.12342703
emissions_zone: 10.9222107096342
objective: 165062626318.3862
system_emission_rate: 0.09233868215590577
system_emissions: 98190677.37447588
system_grid_cfe_wavg: 0.7963734718095837
system_inv_H2_Electrolysis-2030: 8000.684633876146
system_inv_H2_Fuel_Cell-2030: 1760.6693973986442
system_inv_OCGT-2030: 67165.99645618667
system_inv_battery_charger-2030: 26329.919018112298
system_inv_battery_discharger-2030: 26872.858246116848
system_inv_offwind-ac-2030: 6106.1530362828635
system_inv_offwind-dc-2030: 58181.65467564958
system_inv_onwind-2030: 214242.8443294756
system_inv_solar-2030: 384445.7658156533
system_inv_solar_rooftop-2030: 0.0
zone_average_marginal_price: 148.39282299721108
