ci_average cost: 93.57247046959749
ci_average_revenue: 29.5531961793709
ci_cap_H2_Electrolysis: 0.017473500208584805
ci_cap_H2_Fuel_Cell: 0.005606418847779918
ci_cap_battery_charger: 3373.5177918999557
ci_cap_battery_discharger: 3443.0818169291933
ci_cap_onwind: 7690.310221157527
ci_cap_solar: 11702.559936571395
ci_capital_cost_battery_inverter: 80307827.46625942
ci_capital_cost_battery_storage: 235479850.54472965
ci_capital_cost_grid: 0.0
ci_capital_cost_hydrogen_electrolysis: 1163.1153591610123
ci_capital_cost_hydrogen_fuel_cell: 1186.4037428974825
ci_capital_cost_hydrogen_storage: 478.8090732276251
ci_capital_cost_onwind: 841221251.9985784
ci_capital_cost_solar: 561616895.6378435
ci_clean_excess_total: 4879318.375918226
ci_clean_total: 25633951.14317177
ci_clean_used_grid_total: 2283766.974809364
ci_clean_used_local_total: 20754632.76725354
ci_clean_used_total: 23038399.742062904
ci_cost_battery_inverter: 80307827.46625942
ci_cost_battery_storage: 235479850.54472965
ci_cost_grid: 563888385.7181597
ci_cost_hydrogen_electrolysis: 1163.1153591610123
ci_cost_hydrogen_fuel_cell: 1186.4037428974825
ci_cost_hydrogen_storage: 478.8090732276251
ci_cost_onwind: 841446055.622315
ci_cost_solar: 561725185.3789431
ci_demand_total: 24396600.0
ci_emission_rate_local: 0.025153077206421702
ci_emission_rate_myopic: 0.01945836268612643
ci_emission_rate_true: 0.034139924673894755
ci_emissions: 832898.0862991407
ci_fraction_clean: 1.0507181797124094
ci_fraction_clean_excess: 0.19999993342999542
ci_fraction_clean_used: 0.9443282974702583
ci_fraction_clean_used_grid: 0.09361005118784436
ci_fraction_clean_used_local: 0.850718246282414
ci_generation_H2_Fuel_Cell: 22.53537464942621
ci_generation_battery_discharger: 4365310.75860208
ci_generation_onwind: 14986908.249111798
ci_generation_solar: 10828974.10996218
ci_marginal_cost_grid: 563888385.7181597
ci_marginal_cost_onwind: 224803.62373667659
ci_marginal_cost_solar: 108289.74109962188
ci_revenue_grid: 720997505.9096401
ci_total_cost: 2282850133.0585823
co2_price: 130.0
emissions: 296176069.9084222
emissions_zone: 12.301511848417269
objective: 164569890198.35843
system_emission_rate: 0.09284149545466679
system_emissions: 98725356.63614088
system_grid_cfe_wavg: 0.7820884831734363
system_inv_H2_Electrolysis-2030: 7966.9091717000065
system_inv_H2_Fuel_Cell-2030: 1750.684905978225
system_inv_OCGT-2030: 68211.19269567836
system_inv_battery_charger-2030: 26104.955252430853
system_inv_battery_discharger-2030: 26643.255588337626
system_inv_offwind-ac-2030: 6105.984058593452
system_inv_offwind-dc-2030: 58181.66158537247
system_inv_onwind-2030: 214467.72558528098
system_inv_solar-2030: 384000.674035979
system_inv_solar_rooftop-2030: 0.0
zone_average_marginal_price: 148.56973539771667
