ci_average cost: 93.57314613148797
ci_average_revenue: 29.553853190319746
ci_cap_H2_Electrolysis: 0.01921674473287211
ci_cap_H2_Fuel_Cell: 0.006113081205951561
ci_cap_battery_charger: 3374.110012319525
ci_cap_battery_discharger: 3443.68624930039
ci_cap_onwind: 7690.418352318688
ci_cap_solar: 11702.402431312232
ci_capital_cost_battery_inverter: 80321925.49040234
ci_capital_cost_battery_storage: 235474068.30059588
ci_capital_cost_grid: 0.0
ci_capital_cost_hydrogen_electrolysis: 1279.1536146203125
ci_capital_cost_hydrogen_fuel_cell: 1293.6212260076027
ci_capital_cost_hydrogen_storage: 538.7219335039674
ci_capital_cost_onwind: 841233080.1600122
ci_capital_cost_solar: 561609336.8118109
ci_clean_excess_total: 4879317.791718068
ci_clean_total: 25633924.572480608
ci_clean_used_grid_total: 2274501.4019371723
ci_clean_used_local_total: 20754606.78076254
ci_clean_used_total: 23029108.18269971
ci_cost_battery_inverter: 80321925.49040234
ci_cost_battery_storage: 235474068.30059588
ci_cost_grid: 563891995.3771256
ci_cost_hydrogen_electrolysis: 1279.1536146203125
ci_cost_hydrogen_fuel_cell: 1293.6212260076027
ci_cost_hydrogen_storage: 538.7219335039674
ci_cost_onwind: 841457893.5984209
ci_cost_solar: 561717622.648141
ci_demand_total: 24396600.0
ci_emission_rate_local: 0.02510270468837259
ci_emission_rate_myopic: 0.01946562258585315
ci_emission_rate_true: 0.034118927840443486
ci_emissions: 832385.8349521637
ci_fraction_clean: 1.050717090597895
ci_fraction_clean_excess: 0.19999990948402924
ci_fraction_clean_used: 0.9439474427870977
ci_fraction_clean_used_grid: 0.09323026167323202
ci_fraction_clean_used_local: 0.8507171811138659
ci_generation_H2_Fuel_Cell: 24.840626984809674
ci_generation_battery_discharger: 4372173.104459199
ci_generation_onwind: 14987562.560577128
ci_generation_solar: 10828583.633020874
ci_marginal_cost_grid: 563891995.3771256
ci_marginal_cost_onwind: 224813.43840865654
ci_marginal_cost_solar: 108285.83633020883
ci_revenue_grid: 721013534.7429547
ci_total_cost: 2282866616.9114594
co2_price: 130.0
emissions: 296176133.8398092
emissions_zone: 12.287791831019788
objective: 164569885742.2747
system_emission_rate: 0.09284151549506219
system_emissions: 98725377.94660312
system_grid_cfe_wavg: 0.7802269174523979
system_inv_H2_Electrolysis-2030: 7966.92347373384
system_inv_H2_Fuel_Cell-2030: 1750.6754344848666
system_inv_OCGT-2030: 68210.62342159335
system_inv_battery_charger-2030: 26104.934610012635
system_inv_battery_discharger-2030: 26643.23452025996
system_inv_offwind-ac-2030: 6105.966554009531
system_inv_offwind-dc-2030: 58181.654881948314
system_inv_onwind-2030: 214467.32842469888
system_inv_solar-2030: 384001.67318223586
system_inv_solar_rooftop-2030: 0.0
zone_average_marginal_price: 148.5696608613378
