ci_average cost: 102.9325741395852
ci_average_revenue: 30.743453276028866
ci_cap_H2_Electrolysis: 1414.8702340227687
ci_cap_H2_Fuel_Cell: 985.8497140703615
ci_cap_battery_charger: 2797.0692238139136
ci_cap_battery_discharger: 2854.746522555628
ci_cap_onwind: 10692.95286286314
ci_cap_solar: 11961.098467580454
ci_capital_cost_battery_inverter: 66585258.02845192
ci_capital_cost_battery_storage: 222675414.33339238
ci_capital_cost_grid: 0.0
ci_capital_cost_hydrogen_electrolysis: 94180174.59393166
ci_capital_cost_hydrogen_fuel_cell: 208620836.66307688
ci_capital_cost_hydrogen_storage: 76338287.95719607
ci_capital_cost_onwind: 1169671825.4761882
ci_capital_cost_solar: 574024403.7365046
ci_clean_excess_total: 4879318.54720671
ci_clean_total: 28663971.617423877
ci_clean_used_grid_total: 367981.987485688
ci_clean_used_local_total: 23784653.070217162
ci_clean_used_total: 24152635.05770285
ci_cost_battery_inverter: 66585258.02845192
ci_cost_battery_storage: 222675414.33339238
ci_cost_grid: 98675613.72420332
ci_cost_hydrogen_electrolysis: 94180174.59393166
ci_cost_hydrogen_fuel_cell: 208620836.66307688
ci_cost_hydrogen_storage: 76338287.95719607
ci_cost_onwind: 1169992535.1539857
ci_cost_solar: 574136717.7995663
ci_demand_total: 24396600.0
ci_emission_rate_local: 0.006247870893330407
ci_emission_rate_myopic: 0.0032358717618280208
ci_emission_rate_true: 0.007179374901286085
ci_emissions: 175152.33771671617
ci_fraction_clean: 1.1749166530345982
ci_fraction_clean_excess: 0.1999999404509936
ci_fraction_clean_used: 0.9900000433545186
ci_fraction_clean_used_grid: 0.015083330770914309
ci_fraction_clean_used_local: 0.9749167125836044
ci_generation_H2_Fuel_Cell: 1952120.011635446
ci_generation_battery_discharger: 3808100.580618288
ci_generation_onwind: 21380645.18650035
ci_generation_solar: 11231406.306167502
ci_marginal_cost_grid: 98675613.72420332
ci_marginal_cost_onwind: 320709.6777975047
ci_marginal_cost_solar: 112314.0630616751
ci_revenue_grid: 750035732.1939658
ci_total_cost: 2511204838.253804
co2_price: 130.0
emissions: 294863180.26710117
emissions_zone: 11.154756427640944
objective: 164779878151.65216
system_emission_rate: 0.09242994756119616
system_emissions: 98287726.75570041
system_grid_cfe_wavg: 0.7949281309328654
system_inv_H2_Electrolysis-2030: 8001.89616720666
system_inv_H2_Fuel_Cell-2030: 1759.2189250443432
system_inv_OCGT-2030: 67443.35035310831
system_inv_battery_charger-2030: 26364.96793389655
system_inv_battery_discharger-2030: 26908.629892239358
system_inv_offwind-ac-2030: 6108.943862589469
system_inv_offwind-dc-2030: 58181.6557074086
system_inv_onwind-2030: 214127.0104261853
system_inv_solar-2030: 384627.5038924752
system_inv_solar_rooftop-2030: 0.0
zone_average_marginal_price: 148.5401554811246
