ci_average cost: 93.57241448819171
ci_average_revenue: 29.553151947463974
ci_cap_H2_Electrolysis: 0.013475939057080853
ci_cap_H2_Fuel_Cell: 0.004291381130948807
ci_cap_battery_charger: 3373.4236569777077
ci_cap_battery_discharger: 3442.98574088658
ci_cap_onwind: 7690.35421807871
ci_cap_solar: 11702.509933966146
ci_capital_cost_battery_inverter: 80305586.54993385
ci_capital_cost_battery_storage: 235477889.06766832
ci_capital_cost_grid: 0.0
ci_capital_cost_hydrogen_electrolysis: 897.0195730279485
ci_capital_cost_hydrogen_fuel_cell: 908.1217037455917
ci_capital_cost_hydrogen_storage: 363.32276622874366
ci_capital_cost_onwind: 841226064.6971637
ci_capital_cost_solar: 561614495.9656277
ci_clean_excess_total: 4879318.795923037
ci_clean_total: 25633944.685887627
ci_clean_used_grid_total: 2305392.1885386757
ci_clean_used_local_total: 20754625.889964588
ci_clean_used_total: 23060018.078503262
ci_cost_battery_inverter: 80305586.54993385
ci_cost_battery_storage: 235477889.06766832
ci_cost_grid: 563889469.8117201
ci_cost_hydrogen_electrolysis: 897.0195730279485
ci_cost_hydrogen_fuel_cell: 908.1217037455917
ci_cost_hydrogen_storage: 363.32276622874366
ci_cost_onwind: 841450866.9028937
ci_cost_solar: 561722786.5063587
ci_demand_total: 24396600.0
ci_emission_rate_local: 0.025120390773688713
ci_emission_rate_myopic: 0.019467039604267277
ci_emission_rate_true: 0.03412831192219882
ci_emissions: 832614.7746411157
ci_fraction_clean: 1.0507179150327353
ci_fraction_clean_excess: 0.19999995064570628
ci_fraction_clean_used: 0.945214418341214
ci_fraction_clean_used_grid: 0.09449645395418524
ci_fraction_clean_used_local: 0.8507179643870288
ci_generation_H2_Fuel_Cell: 17.17836210764213
ci_generation_battery_discharger: 4365365.611875473
ci_generation_onwind: 14986813.715330683
ci_generation_solar: 10829054.073102714
ci_marginal_cost_grid: 563889469.8117201
ci_marginal_cost_onwind: 224802.20572995988
ci_marginal_cost_solar: 108290.54073102723
ci_revenue_grid: 720996426.8014996
ci_total_cost: 2282848767.302618
co2_price: 130.0
emissions: 296176000.9898569
emissions_zone: 12.283690422446789
objective: 164569869134.5187
system_emission_rate: 0.09284147385095423
system_emissions: 98725333.66328573
system_grid_cfe_wavg: 0.7854024411295747
system_inv_H2_Electrolysis-2030: 7966.890762316079
system_inv_H2_Fuel_Cell-2030: 1750.71012991731
system_inv_OCGT-2030: 68211.19201688084
system_inv_battery_charger-2030: 26104.996206130018
system_inv_battery_discharger-2030: 26643.29738652741
system_inv_offwind-ac-2030: 6105.9507023262795
system_inv_offwind-dc-2030: 58181.64143274629
system_inv_onwind-2030: 214467.60939885658
system_inv_solar-2030: 384001.1550424646
system_inv_solar_rooftop-2030: 0.0
zone_average_marginal_price: 148.56966232682214
