ci_average cost: 98.48256177551971
ci_average_revenue: 30.62290903135562
ci_cap_H2_Electrolysis: 936.3514730383382
ci_cap_H2_Fuel_Cell: 545.8923404167886
ci_cap_battery_charger: 3298.4818964579163
ci_cap_battery_discharger: 3366.4986348769708
ci_cap_onwind: 9560.725192922888
ci_cap_solar: 12634.652745564563
ci_capital_cost_battery_inverter: 78521570.47380948
ci_capital_cost_battery_storage: 251202628.2102771
ci_capital_cost_grid: 0.0
ci_capital_cost_hydrogen_electrolysis: 62327797.342449896
ci_capital_cost_hydrogen_fuel_cell: 115519145.72811602
ci_capital_cost_hydrogen_storage: 35308179.58050164
ci_capital_cost_onwind: 1045820647.7390162
ci_capital_cost_solar: 606348909.2032847
ci_clean_excess_total: 4879318.428573887
ci_clean_total: 27980786.528590247
ci_clean_used_grid_total: 807200.9742726362
ci_clean_used_local_total: 23101468.10001636
ci_clean_used_total: 23908669.074288994
ci_cost_battery_inverter: 78521570.47380948
ci_cost_battery_storage: 251202628.2102771
ci_cost_grid: 207188213.95665756
ci_cost_hydrogen_electrolysis: 62327797.342449896
ci_cost_hydrogen_fuel_cell: 115519145.72811602
ci_cost_hydrogen_storage: 35308179.58050164
ci_cost_onwind: 1046104942.3056626
ci_cost_solar: 606467189.01517
ci_demand_total: 24396600.0
ci_emission_rate_local: 0.012141107446546402
ci_emission_rate_myopic: 0.006884837859862396
ci_emission_rate_true: 0.014172727816841705
ci_emissions: 345766.3714563603
ci_fraction_clean: 1.1469133620500498
ci_fraction_clean_excess: 0.19999993558831505
ci_fraction_clean_used: 0.9800000440343734
ci_fraction_clean_used_grid: 0.03308661757263866
ci_fraction_clean_used_local: 0.9469134264617348
ci_generation_H2_Fuel_Cell: 1342044.9806056267
ci_generation_battery_discharger: 4680483.432271831
ci_generation_onwind: 18952971.109765634
ci_generation_solar: 11827981.188518848
ci_marginal_cost_grid: 207188213.95665756
ci_marginal_cost_onwind: 284294.566646484
ci_marginal_cost_solar: 118279.81188518857
ci_revenue_grid: 747094862.4743705
ci_total_cost: 2402639666.612644
co2_price: 130.0
emissions: 295174600.3013068
emissions_zone: 11.513386088286765
objective: 164670685949.40347
system_emission_rate: 0.09252756754007956
system_emissions: 98391533.43376908
system_grid_cfe_wavg: 0.7934945685811202
system_inv_H2_Electrolysis-2030: 7987.511675665338
system_inv_H2_Fuel_Cell-2030: 1756.2558225158386
system_inv_OCGT-2030: 67646.68005350509
system_inv_battery_charger-2030: 26166.28381348472
system_inv_battery_discharger-2030: 26705.848782281944
system_inv_offwind-ac-2030: 6110.811264504091
system_inv_offwind-dc-2030: 58181.662002613775
system_inv_onwind-2030: 214237.50793653034
system_inv_solar-2030: 384502.43789683306
system_inv_solar_rooftop-2030: 0.0
zone_average_marginal_price: 148.42469059405303
