ci_average cost: 93.67257318088056
ci_average_revenue: 29.659875537557344
ci_cap_H2_Electrolysis: 0.02353492704603326
ci_cap_H2_Fuel_Cell: 0.007835519655012425
ci_cap_battery_charger: 3407.8050824408583
ci_cap_battery_discharger: 3478.076132624402
ci_cap_onwind: 7714.1951169522445
ci_cap_solar: 11783.04243677797
ci_capital_cost_battery_inverter: 81124048.98424155
ci_capital_cost_battery_storage: 243680635.2793183
ci_capital_cost_grid: 0.0
ci_capital_cost_hydrogen_electrolysis: 1566.5913982435136
ci_capital_cost_hydrogen_fuel_cell: 1658.1154741827193
ci_capital_cost_hydrogen_storage: 578.5909765805441
ci_capital_cost_onwind: 843833953.0946941
ci_capital_cost_solar: 565479326.7780536
ci_clean_excess_total: 4879318.525935192
ci_clean_total: 25720776.13461109
ci_clean_used_grid_total: 2335313.4036873775
ci_clean_used_local_total: 20841457.608675897
ci_clean_used_total: 23176771.012363274
ci_cost_battery_inverter: 81124048.98424155
ci_cost_battery_storage: 243680635.2793183
ci_cost_grid: 550836460.7003541
ci_cost_hydrogen_electrolysis: 1566.5913982435136
ci_cost_hydrogen_fuel_cell: 1658.1154741827193
ci_cost_hydrogen_storage: 578.5909765805441
ci_cost_onwind: 844058947.395301
ci_cost_solar: 565588403.2076068
ci_demand_total: 24396600.0
ci_emission_rate_local: 0.024861186811537254
ci_emission_rate_myopic: 0.01864265296082165
ci_emission_rate_true: 0.03319614722388785
ci_emissions: 809873.1253623024
ci_fraction_clean: 1.0542770769128111
ci_fraction_clean_excess: 0.19999993957908854
ci_fraction_clean_used: 0.9500000414960803
ci_fraction_clean_used_grid: 0.09572290416235776
ci_fraction_clean_used_local: 0.8542771373337226
ci_generation_H2_Fuel_Cell: 30.650182763944272
ci_generation_battery_discharger: 4474268.477926487
ci_generation_onwind: 14999620.040453266
ci_generation_solar: 10907642.955311697
ci_marginal_cost_grid: 550836460.7003541
ci_marginal_cost_onwind: 224994.3006067986
ci_marginal_cost_solar: 109076.42955311705
ci_revenue_grid: 723600119.5395715
ci_total_cost: 2285292298.8646708
co2_price: 130.0
emissions: 296149109.8958822
emissions_zone: 12.22926834795418
objective: 164570251920.1666
system_emission_rate: 0.09283304437392108
system_emissions: 98716369.96529403
system_grid_cfe_wavg: 0.7907737677282237
system_inv_H2_Electrolysis-2030: 7963.63078695364
system_inv_H2_Fuel_Cell-2030: 1750.8471741724857
system_inv_OCGT-2030: 68171.39168951876
system_inv_battery_charger-2030: 26096.199992783175
system_inv_battery_discharger-2030: 26634.319789816625
system_inv_offwind-ac-2030: 6106.8854315720355
system_inv_offwind-dc-2030: 58181.65393463388
system_inv_onwind-2030: 214459.37720069409
system_inv_solar-2030: 384005.0808890786
system_inv_solar_rooftop-2030: 0.0
zone_average_marginal_price: 148.55647322667062
