ci_average cost: 155.22655302959922
ci_average_revenue: 0.0
ci_cap_H2_Electrolysis: 0.0
ci_cap_H2_Fuel_Cell: 0.0
ci_cap_battery_charger: 0.0
ci_cap_battery_discharger: 0.0
ci_cap_onwind: 0.0
ci_cap_solar: 0.0
ci_capital_cost_battery_inverter: 0.0
ci_capital_cost_battery_storage: 0.0
ci_capital_cost_grid: 0.0
ci_capital_cost_hydrogen_electrolysis: 0.0
ci_capital_cost_hydrogen_fuel_cell: 0.0
ci_capital_cost_hydrogen_storage: 0.0
ci_capital_cost_onwind: 0.0
ci_capital_cost_solar: 0.0
ci_clean_excess_total: 0.0
ci_clean_total: 0.0
ci_clean_used_grid_total: 18073392.662004262
ci_clean_used_local_total: 0.0
ci_clean_used_total: 18073392.662004262
ci_cost_battery_inverter: 0.0
ci_cost_battery_storage: 0.0
ci_cost_grid: 3787000123.64192
ci_cost_hydrogen_electrolysis: 0.0
ci_cost_hydrogen_fuel_cell: 0.0
ci_cost_hydrogen_storage: 0.0
ci_cost_onwind: 0.0
ci_cost_solar: 0.0
ci_demand_total: 24396600.0
ci_emission_rate_local: 0.14521958503402466
ci_emission_rate_myopic: 0.09527430234260091
ci_emission_rate_true: 0.1802603934840743
ci_emissions: 4397740.715673568
ci_fraction_clean: 0.0
ci_fraction_clean_excess: 0.0
ci_fraction_clean_used: 0.7408160424815041
ci_fraction_clean_used_grid: 0.7408160424815041
ci_fraction_clean_used_local: 0.0
ci_generation_H2_Fuel_Cell: -0.0
ci_generation_battery_discharger: -0.0
ci_generation_onwind: 0.0
ci_generation_solar: 0.0
ci_marginal_cost_grid: 3787000123.64192
ci_marginal_cost_onwind: 0.0
ci_marginal_cost_solar: 0.0
ci_revenue_grid: 0.0
ci_total_cost: 3787000123.64192
co2_price: 130.0
emissions: 307735324.4794213
emissions_zone: 19.695086431373376
objective: 166759386957.75262
system_emission_rate: 0.09646494309189316
system_emissions: 102578441.49314028
system_grid_cfe_wavg: 0.7227074726446231
system_inv_H2_Electrolysis-2030: 8071.339053644294
system_inv_H2_Fuel_Cell-2030: 1705.5344322175251
system_inv_OCGT-2030: 70345.72389708467
system_inv_battery_charger-2030: 27902.947042567208
system_inv_battery_discharger-2030: 28478.32308211833
system_inv_offwind-ac-2030: 5813.025975631803
system_inv_offwind-dc-2030: 58181.63352280877
system_inv_onwind-2030: 213473.88364196796
system_inv_solar-2030: 386178.43618627737
system_inv_solar_rooftop-2030: 0.0
zone_average_marginal_price: 155.22655302959922
