ci_average cost: 104.26293446418815
ci_average_revenue: 30.8581378276328
ci_cap_H2_Electrolysis: 0.0
ci_cap_H2_Fuel_Cell: 0.0
ci_cap_battery_charger: 0.0
ci_cap_battery_discharger: 0.0
ci_cap_onwind: 12681.531451209841
ci_cap_solar: 7078.130932029482
ci_capital_cost_battery_inverter: 0.0
ci_capital_cost_battery_storage: 0.0
ci_capital_cost_grid: 0.0
ci_capital_cost_hydrogen_electrolysis: 0.0
ci_capital_cost_hydrogen_fuel_cell: 0.0
ci_capital_cost_hydrogen_storage: 0.0
ci_capital_cost_onwind: 1387196804.5315568
ci_capital_cost_solar: 339686183.4086229
ci_clean_excess_total: 4879319.432243461
ci_clean_total: 24396600.0000395
ci_clean_used_grid_total: 3163035.5225451873
ci_clean_used_local_total: 19517280.56779604
ci_clean_used_total: 22680316.09034123
ci_cost_battery_inverter: 0.0
ci_cost_battery_storage: 0.0
ci_cost_grid: 816443524.003484
ci_cost_hydrogen_electrolysis: 0.0
ci_cost_hydrogen_fuel_cell: 0.0
ci_cost_hydrogen_storage: 0.0
ci_cost_onwind: 1387468691.5476036
ci_cost_solar: 339748891.3979254
ci_demand_total: 24396600.0
ci_emission_rate_local: 0.033140575233199986
ci_emission_rate_myopic: 0.024407229580751068
ci_emission_rate_true: 0.04607687086561239
ci_emissions: 1124118.9877599992
ci_fraction_clean: 1.0000000000016191
ci_fraction_clean_excess: 0.19999997672804656
ci_fraction_clean_used: 0.929650692733464
ci_fraction_clean_used_grid: 0.12965066945989143
ci_fraction_clean_used_local: 0.8000000232735726
ci_generation_H2_Fuel_Cell: -0.0
ci_generation_battery_discharger: -0.0
ci_generation_onwind: 18125801.069790896
ci_generation_solar: 6270798.930248603
ci_marginal_cost_grid: 816443524.003484
ci_marginal_cost_onwind: 271887.016046863
ci_marginal_cost_solar: 62707.98930248608
ci_revenue_grid: 752833645.3256264
ci_total_cost: 2543661106.9490128
co2_price: 130.0
emissions: 296300134.67871916
emissions_zone: 12.212143918347936
objective: 164818484570.94434
system_emission_rate: 0.09288038569590445
system_emissions: 98766711.55957304
system_grid_cfe_wavg: 0.7807344121482405
system_inv_H2_Electrolysis-2030: 7914.655727499924
system_inv_H2_Fuel_Cell-2030: 1740.1645006140834
system_inv_OCGT-2030: 69067.7472613494
system_inv_battery_charger-2030: 28357.882935640995
system_inv_battery_discharger-2030: 28942.64003490624
system_inv_offwind-ac-2030: 6022.309920730297
system_inv_offwind-dc-2030: 58181.646527779856
system_inv_onwind-2030: 213884.7625529085
system_inv_solar-2030: 385194.76787154214
system_inv_solar_rooftop-2030: 0.0
zone_average_marginal_price: 150.3813259526246
