ci_average cost: 248.1866493697034
ci_average_revenue: 18.876528964392687
ci_cap_battery_charger: 215.5551908387392
ci_cap_battery_discharger: 220.00007229947784
ci_cap_onwind: 2108.1949912544233
ci_cap_solar: 1861.5070348617576
ci_capital_cost_battery_inverter: 6852708.850627848
ci_capital_cost_battery_storage: 126501119.22850758
ci_capital_cost_grid: 0.0
ci_capital_cost_hydrogen_electrolysis: 0.0
ci_capital_cost_hydrogen_fuel_cell: 0.0
ci_capital_cost_hydrogen_storage: 0.0
ci_capital_cost_onwind: 241980799.0487139
ci_capital_cost_solar: 102943569.60409096
ci_clean_excess_total: 385439.887216072
ci_clean_total: 2312639.8369372343
ci_clean_used_grid_total: 0.10595385837423868
ci_clean_used_local_total: 1927199.9497211627
ci_clean_used_total: 1927200.0556750211
ci_cost_battery_inverter: 6852708.850627848
ci_cost_battery_storage: 126501119.22850758
ci_cost_grid: 3.510992192838333
ci_cost_hydrogen_electrolysis: 0.0
ci_cost_hydrogen_fuel_cell: 0.0
ci_cost_hydrogen_storage: 0.0
ci_cost_onwind: 241992075.46153226
ci_cost_solar: 102959403.61363254
ci_demand_total: 1927200.0
ci_emission_rate_local: 5.450919251368662e-13
ci_emission_rate_myopic: 7.979136141859859e-09
ci_emission_rate_true: 4.9153039411504715e-11
ci_emissions: 9.472773755385189e-05
ci_fraction_clean: 1.1999999153887684
ci_fraction_clean_excess: 0.19999994147782899
ci_fraction_clean_used: 1.000000028889073
ci_fraction_clean_used_grid: 5.4978133236944103e-08
ci_fraction_clean_used_local: 0.9999999739109395
ci_generation_battery_discharger: 540528.741715245
ci_generation_onwind: 751760.8545581284
ci_generation_solar: 1583400.9541588216
ci_marginal_cost_grid: 3.510992192838333
ci_marginal_cost_onwind: 11276.412818371933
ci_marginal_cost_solar: 15834.009541588222
ci_revenue_grid: 36378846.62017759
ci_total_cost: 478305310.6652924
co2_price: 80.0
emissions: 511148433.14563316
emissions_zone: 3.542469707974493
objective: 142230917454.4438
system_emission_rate: 0.1591076270548485
system_emissions: 170382811.0485444
system_grid_cfe_wavg: 0.5621396486252948
system_inv_H2_Electrolysis-2025: 107.70565247253275
system_inv_H2_Fuel_Cell-2025: 22.427460669615787
system_inv_OCGT-2025: 16997.461849640193
system_inv_battery_charger-2025: 1715.0132150875816
system_inv_battery_discharger-2025: 1750.377849151845
system_inv_offwind-ac-2025: 542.0527122953663
system_inv_offwind-dc-2025: 34722.75471595705
system_inv_onwind-2025: 114365.8700745185
system_inv_solar-2025: 189016.74037881815
system_inv_solar_rooftop-2025: 0.0
zone_average_marginal_price: 78.17072808446812
