ci_average cost: 72.79023871400702
ci_average_revenue: 13.142708815213663
ci_cap_battery_charger: 0.008072001762558225
ci_cap_battery_discharger: 0.008238451435358203
ci_cap_onwind: 520.9703047373487
ci_cap_solar: 579.6574280884909
ci_capital_cost_battery_inverter: 256.6167750604001
ci_capital_cost_battery_storage: 626.6355467938813
ci_capital_cost_grid: 0.0
ci_capital_cost_hydrogen_electrolysis: 0.0
ci_capital_cost_hydrogen_fuel_cell: 0.0
ci_capital_cost_hydrogen_storage: 0.0
ci_capital_cost_onwind: 59797509.78631451
ci_capital_cost_solar: 32055750.355725825
ci_clean_excess_total: 385438.94004399626
ci_clean_total: 1799861.5397814582
ci_clean_used_grid_total: 127338.46298541405
ci_clean_used_local_total: 1414422.5997374621
ci_clean_used_total: 1541761.0627228762
ci_cost_battery_inverter: 256.6167750604001
ci_cost_battery_storage: 626.6355467938813
ci_cost_grid: 48402841.40423078
ci_cost_hydrogen_electrolysis: 0.0
ci_cost_hydrogen_fuel_cell: 0.0
ci_cost_hydrogen_storage: 0.0
ci_cost_onwind: 59816603.65877535
ci_cost_solar: 32061019.73430634
ci_demand_total: 1927200.0
ci_emission_rate_local: 0.07547083564459722
ci_emission_rate_myopic: 0.048943915793957335
ci_emission_rate_true: 0.07404256367486925
ci_emissions: 142694.828714208
ci_fraction_clean: 0.933925664062608
ci_fraction_clean_excess: 0.19999945000207361
ci_fraction_clean_used: 0.8000005514336219
ci_fraction_clean_used_grid: 0.0660743373730874
ci_fraction_clean_used_local: 0.7339262140605345
ci_generation_battery_discharger: 27.575905442191917
ci_generation_onwind: 1272924.8307226435
ci_generation_solar: 526937.8580513031
ci_marginal_cost_grid: 48402841.40423078
ci_marginal_cost_onwind: 19093.872460839666
ci_marginal_cost_solar: 5269.378580513033
ci_revenue_grid: 25328628.42867977
ci_total_cost: 140281348.04963434
co2_price: 80.0
emissions: 511357356.93351376
emissions_zone: 3.780718227506449
objective: 141902894813.67438
system_emission_rate: 0.15917265976544592
system_emissions: 170452452.31117147
system_grid_cfe_wavg: 0.5643223094697953
system_inv_H2_Electrolysis-2025: 107.69724168974338
system_inv_H2_Fuel_Cell-2025: 22.422349928517896
system_inv_OCGT-2025: 16997.457826686757
system_inv_battery_charger-2025: 1714.895917659905
system_inv_battery_discharger-2025: 1750.2581329786046
system_inv_offwind-ac-2025: 542.0279854106511
system_inv_offwind-dc-2025: 34722.94730259856
system_inv_onwind-2025: 114365.73475739673
system_inv_solar-2025: 189017.15636522105
system_inv_solar_rooftop-2025: 0.0
zone_average_marginal_price: 77.20992887943125
