ci_average cost: 79.97931255154714
ci_average_revenue: 16.748865587814652
ci_cap_battery_charger: 53.103651324483536
ci_cap_battery_discharger: 54.198681485210734
ci_cap_onwind: 593.8725319780251
ci_cap_solar: 786.2493979123932
ci_capital_cost_battery_inverter: 1688216.6465858237
ci_capital_cost_battery_storage: 5557140.605580281
ci_capital_cost_grid: 0.0
ci_capital_cost_hydrogen_electrolysis: 0.0
ci_capital_cost_hydrogen_fuel_cell: 0.0
ci_capital_cost_hydrogen_storage: 0.0
ci_capital_cost_onwind: 68165302.74347027
ci_capital_cost_solar: 43480533.83863785
ci_clean_excess_total: 385437.6230096406
ci_clean_total: 1939643.0277740187
ci_clean_used_grid_total: 83916.96414180571
ci_clean_used_local_total: 1554205.4047643782
ci_clean_used_total: 1638122.3689061839
ci_cost_battery_inverter: 1688216.6465858237
ci_cost_battery_storage: 5557140.605580281
ci_cost_grid: 35219298.61557703
ci_cost_hydrogen_electrolysis: 0.0
ci_cost_hydrogen_fuel_cell: 0.0
ci_cost_hydrogen_storage: 0.0
ci_cost_onwind: 68183899.18011118
ci_cost_solar: 43487576.10148735
ci_demand_total: 1927200.0
ci_emission_rate_local: 0.05631084908829745
ci_emission_rate_myopic: 0.0363816411331129
ci_emission_rate_true: 0.055249730847050864
ci_emissions: 106477.28128843644
ci_fraction_clean: 1.0064565316386564
ci_fraction_clean_excess: 0.19999876660940255
ci_fraction_clean_used: 0.8500012291958198
ci_fraction_clean_used_grid: 0.043543464166565855
ci_fraction_clean_used_local: 0.8064577650292539
ci_generation_battery_discharger: 104297.07151203597
ci_generation_onwind: 1239762.442728151
ci_generation_solar: 704226.2849504289
ci_marginal_cost_grid: 35219298.61557703
ci_marginal_cost_onwind: 18596.43664092228
ci_marginal_cost_solar: 7042.262849504291
ci_revenue_grid: 32278413.7608364
ci_total_cost: 154136131.14934164
co2_price: 80.0
emissions: 511301864.54270285
emissions_zone: 3.6902908301475654
objective: 141909145373.97418
system_emission_rate: 0.15915538638251267
system_emissions: 170433954.84756798
system_grid_cfe_wavg: 0.5645666473630063
system_inv_H2_Electrolysis-2025: 107.67019346683064
system_inv_H2_Fuel_Cell-2025: 22.422516710526068
system_inv_OCGT-2025: 16997.441551054388
system_inv_battery_charger-2025: 1715.1140446943725
system_inv_battery_discharger-2025: 1750.4807579275407
system_inv_offwind-ac-2025: 542.0719520881541
system_inv_offwind-dc-2025: 34722.910729789655
system_inv_onwind-2025: 114366.11274357203
system_inv_solar-2025: 189016.4572118448
system_inv_solar_rooftop-2025: 0.0
zone_average_marginal_price: 76.58174158627509
