ci_average cost: 125.757295905673
ci_average_revenue: 18.75678852609451
ci_cap_battery_charger: 301.8409663149298
ci_cap_battery_discharger: 308.0651138756739
ci_cap_onwind: 774.2120059395841
ci_cap_solar: 1480.1544362808233
ci_capital_cost_battery_inverter: 9595817.448422343
ci_capital_cost_battery_storage: 57087596.62558569
ci_capital_cost_grid: 0.0
ci_capital_cost_hydrogen_electrolysis: 0.0
ci_capital_cost_hydrogen_fuel_cell: 0.0
ci_capital_cost_hydrogen_storage: 0.0
ci_capital_cost_onwind: 88864853.87145998
ci_capital_cost_solar: 81854313.94160415
ci_clean_excess_total: 385439.22962324764
ci_clean_total: 2260182.8006398696
ci_clean_used_grid_total: 13913.169149769114
ci_clean_used_local_total: 1874743.5710166222
ci_clean_used_total: 1888656.7401663912
ci_cost_battery_inverter: 9595817.448422343
ci_cost_battery_storage: 57087596.62558569
ci_cost_grid: 4929303.054384521
ci_cost_hydrogen_electrolysis: 0.0
ci_cost_hydrogen_fuel_cell: 0.0
ci_cost_hydrogen_storage: 0.0
ci_cost_onwind: 88879205.34162831
ci_cost_solar: 81867538.19939214
ci_demand_total: 1927200.0
ci_emission_rate_local: 0.007654044693860279
ci_emission_rate_myopic: 0.005643127721729792
ci_emission_rate_true: 0.0076063367712777335
ci_emissions: 14658.932225606448
ci_fraction_clean: 1.1727806146948265
ci_fraction_clean_excess: 0.19999960026112892
ci_fraction_clean_used: 0.9800003840630922
ci_fraction_clean_used_grid: 0.007219369629394517
ci_fraction_clean_used_local: 0.9727810144336977
ci_generation_battery_discharger: 456184.9427416749
ci_generation_onwind: 956764.6778890194
ci_generation_solar: 1322425.7787991865
ci_marginal_cost_grid: 4929303.054384521
ci_marginal_cost_onwind: 14351.4701683353
ci_marginal_cost_solar: 13224.25778799187
ci_revenue_grid: 36148082.84748934
ci_total_cost: 242359460.669413
co2_price: 80.0
emissions: 511178531.40405256
emissions_zone: 3.5726872073091807
objective: 141995322986.89835
system_emission_rate: 0.15911699588426279
system_emissions: 170392843.8013507
system_grid_cfe_wavg: 0.5634053469704576
system_inv_H2_Electrolysis-2025: 107.62699834957316
system_inv_H2_Fuel_Cell-2025: 22.412208181742248
system_inv_OCGT-2025: 16997.51685524171
system_inv_battery_charger-2025: 1715.0076595408634
system_inv_battery_discharger-2025: 1750.3721790463153
system_inv_offwind-ac-2025: 542.0923486302636
system_inv_offwind-dc-2025: 34722.60254160645
system_inv_onwind-2025: 114365.81256946264
system_inv_solar-2025: 189016.97702424738
system_inv_solar_rooftop-2025: 0.0
zone_average_marginal_price: 78.24211816610057
