ci_average cost: 85.73997885744559
ci_average_revenue: 17.771184483489705
ci_cap_battery_charger: 137.00683242635432
ci_cap_battery_discharger: 139.83199811629598
ci_cap_onwind: 571.5015187043188
ci_cap_solar: 955.3237234707756
ci_capital_cost_battery_inverter: 4355580.255392453
ci_capital_cost_battery_storage: 18463798.023645412
ci_capital_cost_grid: 0.0
ci_capital_cost_hydrogen_electrolysis: 0.0
ci_capital_cost_hydrogen_fuel_cell: 0.0
ci_capital_cost_hydrogen_storage: 0.0
ci_capital_cost_onwind: 65597534.72867208
ci_capital_cost_solar: 52830546.63763683
ci_clean_excess_total: 385437.99008932564
ci_clean_total: 2055228.9211486345
ci_clean_used_grid_total: 64691.05042597253
ci_clean_used_local_total: 1669790.931059309
ci_clean_used_total: 1734481.9814852816
ci_cost_battery_inverter: 4355580.255392453
ci_cost_battery_storage: 18463798.023645412
ci_cost_grid: 23963927.908267535
ci_cost_hydrogen_electrolysis: 0.0
ci_cost_hydrogen_fuel_cell: 0.0
ci_cost_hydrogen_storage: 0.0
ci_cost_onwind: 65615645.972909495
ci_cost_solar: 52839135.09385427
ci_demand_total: 1927200.0
ci_emission_rate_local: 0.03720585084203953
ci_emission_rate_myopic: 0.025683338731550567
ci_emission_rate_true: 0.03707501007738604
ci_emissions: 71450.95942113837
ci_fraction_clean: 1.0664326074868382
ci_fraction_clean_excess: 0.19999895708246454
ci_fraction_clean_used: 0.9000010281679544
ci_fraction_clean_used_grid: 0.0335673777635806
ci_fraction_clean_used_local: 0.8664336504043737
ci_generation_battery_discharger: 264792.28927609546
ci_generation_onwind: 1207416.2824941333
ci_generation_solar: 858845.6217436977
ci_marginal_cost_grid: 23963927.908267535
ci_marginal_cost_onwind: 18111.24423741201
ci_marginal_cost_solar: 8588.45621743698
ci_revenue_grid: 34248626.73658136
ci_total_cost: 165238087.25406915
co2_price: 80.0
emissions: 511254930.0379432
emissions_zone: 3.624631883700803
objective: 141918833276.98987
system_emission_rate: 0.15914077685386055
system_emissions: 170418310.01264763
system_grid_cfe_wavg: 0.5647991784504279
system_inv_H2_Electrolysis-2025: 107.72670433300678
system_inv_H2_Fuel_Cell-2025: 22.435272334975423
system_inv_OCGT-2025: 16997.48549190362
system_inv_battery_charger-2025: 1715.0316247151763
system_inv_battery_discharger-2025: 1750.3966383973564
system_inv_offwind-ac-2025: 542.0738996727844
system_inv_offwind-dc-2025: 34722.635681709224
system_inv_onwind-2025: 114365.8810696085
system_inv_solar-2025: 189016.77228727215
system_inv_solar_rooftop-2025: 0.0
zone_average_marginal_price: 77.08342829580141
