ci_average cost: 95.75419485741826
ci_average_revenue: 18.531228380717945
ci_cap_battery_charger: 275.9938595348636
ci_cap_battery_discharger: 281.6850237548056
ci_cap_onwind: 468.4130153047675
ci_cap_solar: 1249.9974162743301
ci_capital_cost_battery_inverter: 8774112.822773166
ci_capital_cost_battery_storage: 39405302.03699627
ci_capital_cost_grid: 0.0
ci_capital_cost_hydrogen_electrolysis: 0.0
ci_capital_cost_hydrogen_fuel_cell: 0.0
ci_capital_cost_hydrogen_storage: 0.0
ci_capital_cost_onwind: 53764929.80889833
ci_capital_cost_solar: 69126354.94645153
ci_clean_excess_total: 385438.8082980731
ci_clean_total: 2168567.9534672373
ci_clean_used_grid_total: 47712.052234605355
ci_clean_used_local_total: 1783129.1451691643
ci_clean_used_total: 1830841.1974037697
ci_cost_battery_inverter: 8774112.822773166
ci_cost_battery_storage: 39405302.03699627
ci_cost_grid: 13439617.167241327
ci_cost_hydrogen_electrolysis: 0.0
ci_cost_hydrogen_fuel_cell: 0.0
ci_cost_hydrogen_storage: 0.0
ci_cost_onwind: 53780829.04299066
ci_cost_solar: 69137623.25921501
ci_demand_total: 1927200.0
ci_emission_rate_local: 0.019074302884491343
ci_emission_rate_myopic: 0.01515802920228133
ci_emission_rate_true: 0.019334977741704725
ci_emissions: 37262.36910381335
ci_fraction_clean: 1.1252428152071592
ci_fraction_clean_excess: 0.19999938164076023
ci_fraction_clean_used: 0.9500006213178548
ci_fraction_clean_used_grid: 0.024757187751455665
ci_fraction_clean_used_local: 0.925243433566399
ci_generation_battery_discharger: 437095.4443526522
ci_generation_onwind: 1059948.939488742
ci_generation_solar: 1126831.2763486998
ci_marginal_cost_grid: 13439617.167241327
ci_marginal_cost_onwind: 15899.23409233114
ci_marginal_cost_solar: 11268.312763487002
ci_revenue_grid: 35713383.33531962
ci_total_cost: 184537484.32921645
co2_price: 80.0
emissions: 511210965.543851
emissions_zone: 3.601749017437093
objective: 141937489720.6468
system_emission_rate: 0.15912709181468987
system_emissions: 170403655.18128365
system_grid_cfe_wavg: 0.5648460717585777
system_inv_H2_Electrolysis-2025: 107.50193709484842
system_inv_H2_Fuel_Cell-2025: 22.38816514495583
system_inv_OCGT-2025: 16997.533973937992
system_inv_battery_charger-2025: 1715.0312774490349
system_inv_battery_discharger-2025: 1750.3962839703722
system_inv_offwind-ac-2025: 542.0733868092127
system_inv_offwind-dc-2025: 34722.73568916202
system_inv_onwind-2025: 114365.61127659683
system_inv_solar-2025: 189017.1606288321
system_inv_solar_rooftop-2025: 0.0
zone_average_marginal_price: 77.9178311419866
