ci_average cost: 150.9846053336801
ci_average_revenue: 18.788795682487134
ci_cap_battery_charger: 432.1607743584473
ci_cap_battery_discharger: 441.0721970271846
ci_cap_onwind: 877.2431571607967
ci_cap_solar: 1984.9836892351361
ci_capital_cost_battery_inverter: 13738810.704660079
ci_capital_cost_battery_storage: 64285665.371147715
ci_capital_cost_grid: 0.0
ci_capital_cost_hydrogen_electrolysis: 0.0
ci_capital_cost_hydrogen_fuel_cell: 0.0
ci_capital_cost_hydrogen_storage: 0.0
ci_capital_cost_onwind: 100690875.84895414
ci_capital_cost_solar: 109771976.5485268
ci_clean_excess_total: 385439.6312217366
ci_clean_total: 2286377.337064768
ci_clean_used_grid_total: 6990.5904780092205
ci_clean_used_local_total: 1900937.7058430319
ci_clean_used_total: 1907928.2963210412
ci_cost_battery_inverter: 13738810.704660079
ci_cost_battery_storage: 64285665.371147715
ci_cost_grid: 2464308.1017730865
ci_cost_hydrogen_electrolysis: 0.0
ci_cost_hydrogen_fuel_cell: 0.0
ci_cost_hydrogen_storage: 0.0
ci_cost_onwind: 100699118.6667392
ci_cost_solar: 109789628.55474824
ci_demand_total: 1927200.0
ci_emission_rate_local: 0.0038435140577625653
ci_emission_rate_myopic: 0.0027518439020472315
ci_emission_rate_true: 0.0038236875922571523
ci_emissions: 7369.010727797985
ci_fraction_clean: 1.1863726323499213
ci_fraction_clean_excess: 0.19999980864556693
ci_fraction_clean_used: 0.9900001537572858
ci_fraction_clean_used_grid: 0.0036273300529313097
ci_fraction_clean_used_local: 0.9863728237043544
ci_generation_battery_discharger: 680269.0838247054
ci_generation_onwind: 549521.185670036
ci_generation_solar: 1765200.6221437412
ci_marginal_cost_grid: 2464308.1017730865
ci_marginal_cost_onwind: 8242.817785050545
ci_marginal_cost_solar: 17652.00622143742
ci_revenue_grid: 36209767.039289206
ci_total_cost: 290977531.3990683
co2_price: 80.0
emissions: 511166850.2654336
emissions_zone: 3.566044775044801
objective: 142043839500.70215
system_emission_rate: 0.1591133598401588
system_emissions: 170388950.0884785
system_grid_cfe_wavg: 0.5628642188172176
system_inv_H2_Electrolysis-2025: 107.70339171384104
system_inv_H2_Fuel_Cell-2025: 22.42571255191722
system_inv_OCGT-2025: 16997.499679887413
system_inv_battery_charger-2025: 1714.915000478288
system_inv_battery_discharger-2025: 1750.2776092965146
system_inv_offwind-ac-2025: 542.0482090266006
system_inv_offwind-dc-2025: 34722.57269237897
system_inv_onwind-2025: 114365.56478445831
system_inv_solar-2025: 189017.42725591935
system_inv_solar_rooftop-2025: 0.0
zone_average_marginal_price: 78.2419015282474
