ci_average cost: 81.04591778229582
ci_average_revenue: 0.0
ci_cap_battery_charger: 0.0
ci_cap_battery_discharger: 0.0
ci_cap_onwind: 0.0
ci_cap_solar: 0.0
ci_capital_cost_battery_inverter: 0.0
ci_capital_cost_battery_storage: 0.0
ci_capital_cost_grid: 0.0
ci_capital_cost_hydrogen_electrolysis: 0.0
ci_capital_cost_hydrogen_fuel_cell: 0.0
ci_capital_cost_hydrogen_storage: 0.0
ci_capital_cost_onwind: 0.0
ci_capital_cost_solar: 0.0
ci_clean_excess_total: 0.0
ci_clean_total: 0.0
ci_clean_used_grid_total: 1034253.2502325245
ci_clean_used_local_total: 0.0
ci_clean_used_total: 1034253.2502325245
ci_cost_battery_inverter: 0.0
ci_cost_battery_storage: 0.0
ci_cost_grid: 156191692.7500405
ci_cost_hydrogen_electrolysis: 0.0
ci_cost_hydrogen_fuel_cell: 0.0
ci_cost_hydrogen_storage: 0.0
ci_cost_onwind: 0.0
ci_cost_solar: 0.0
ci_demand_total: 1927200.0
ci_emission_rate_local: 0.1683355980631874
ci_emission_rate_myopic: 0.1554198923144971
ci_emission_rate_true: 0.1778336756653335
ci_emissions: 342721.0597422307
ci_fraction_clean: 0.0
ci_fraction_clean_excess: 0.0
ci_fraction_clean_used: 0.53666108874664
ci_fraction_clean_used_grid: 0.53666108874664
ci_fraction_clean_used_local: 0.0
ci_generation_battery_discharger: -0.0
ci_generation_onwind: 0.0
ci_generation_solar: 0.0
ci_marginal_cost_grid: 156191692.7500405
ci_marginal_cost_onwind: 0.0
ci_marginal_cost_solar: 0.0
ci_revenue_grid: 0.0
ci_total_cost: 156191692.7500405
co2_price: 80.0
emissions: 511993733.4608599
emissions_zone: 4.168777148415806
objective: 141943094355.9498
system_emission_rate: 0.15937074774266238
system_emissions: 170664577.82028627
system_grid_cfe_wavg: 0.5336032028409379
system_inv_H2_Electrolysis-2025: 108.93317895164522
system_inv_H2_Fuel_Cell-2025: 22.719244233243952
system_inv_OCGT-2025: 16994.81891609699
system_inv_battery_charger-2025: 1717.0620582966299
system_inv_battery_discharger-2025: 1752.468940776069
system_inv_offwind-ac-2025: 542.732764259298
system_inv_offwind-dc-2025: 34723.79762809698
system_inv_onwind-2025: 114401.94545747989
system_inv_solar-2025: 189013.87160358753
system_inv_solar_rooftop-2025: 0.0
zone_average_marginal_price: 81.04591778229582
