ci_average cost: 80.62102412461225
ci_average_revenue: 17.98510839911699
ci_cap_battery_charger: 0.0
ci_cap_battery_discharger: 0.0
ci_cap_onwind: 798.2739772916457
ci_cap_solar: 490.03314769559194
ci_capital_cost_battery_inverter: 0.0
ci_capital_cost_battery_storage: 0.0
ci_capital_cost_grid: 0.0
ci_capital_cost_hydrogen_electrolysis: 0.0
ci_capital_cost_hydrogen_fuel_cell: 0.0
ci_capital_cost_hydrogen_storage: 0.0
ci_capital_cost_onwind: 91626711.80140156
ci_capital_cost_solar: 27099420.25648012
ci_clean_excess_total: 385439.67083720834
ci_clean_total: 1927200.0000032634
ci_clean_used_grid_total: 68719.22068522207
ci_clean_used_local_total: 1541760.329166055
ci_clean_used_total: 1610479.549851277
ci_cost_battery_inverter: 0.0
ci_cost_battery_storage: 0.0
ci_cost_grid: 36620013.77602637
ci_cost_hydrogen_electrolysis: 0.0
ci_cost_hydrogen_fuel_cell: 0.0
ci_cost_hydrogen_storage: 0.0
ci_cost_onwind: 91648971.3785355
ci_cost_solar: 27103852.538390856
ci_demand_total: 1927200.0
ci_emission_rate_local: 0.0625273263094639
ci_emission_rate_myopic: 0.037075496124283513
ci_emission_rate_true: 0.06012870717242299
ci_emissions: 115880.0444626936
ci_fraction_clean: 1.0000000000016933
ci_fraction_clean_excess: 0.19999982920154025
ci_fraction_clean_used: 0.8356577157800316
ci_fraction_clean_used_grid: 0.035657544979878615
ci_fraction_clean_used_local: 0.8000001708001531
ci_generation_battery_discharger: -0.0
ci_generation_onwind: 1483971.808929714
ci_generation_solar: 443228.1910735491
ci_marginal_cost_grid: 36620013.77602637
ci_marginal_cost_onwind: 22259.577133945724
ci_marginal_cost_solar: 4432.281910735493
ci_revenue_grid: 34660900.90677826
ci_total_cost: 155372837.69295272
co2_price: 80.0
emissions: 511313284.5100624
emissions_zone: 3.6890363810447124
objective: 141908818077.6049
system_emission_rate: 0.15915894113058535
system_emissions: 170437761.5033544
system_grid_cfe_wavg: 0.564913806140959
system_inv_H2_Electrolysis-2025: 107.70451443038495
system_inv_H2_Fuel_Cell-2025: 22.42753477871301
system_inv_OCGT-2025: 16997.447401362075
system_inv_battery_charger-2025: 1714.987383767439
system_inv_battery_discharger-2025: 1750.3514851738923
system_inv_offwind-ac-2025: 542.0483619146406
system_inv_offwind-dc-2025: 34723.01144129191
system_inv_onwind-2025: 114365.75602558715
system_inv_solar-2025: 189017.07639141683
system_inv_solar_rooftop-2025: 0.0
zone_average_marginal_price: 77.5225192210281
