ci_average cost: 83.63570426279664
ci_average_revenue: 24.128892659387787
ci_cap_H2_Electrolysis: 96.30025983891383
ci_cap_H2_Fuel_Cell: 93.61888708251358
ci_cap_adv_geothermal: 0.0013582375073917779
ci_cap_allam_ccs: 373.7165774194935
ci_cap_battery_charger: 200.0370701305687
ci_cap_battery_discharger: 204.16195833680553
ci_cap_onwind: 1360.2191583081194
ci_cap_solar: 943.2757376593947
ci_capital_cost_adv_geothermal: 1094.5547583459968
ci_capital_cost_allam_ccs: 90635481.81231198
ci_capital_cost_battery_inverter: 4761955.770167804
ci_capital_cost_battery_storage: 19764247.86476889
ci_capital_cost_grid: 0.0
ci_capital_cost_hydrogen_electrolysis: 6410181.702164453
ci_capital_cost_hydrogen_fuel_cell: 19811184.475554008
ci_capital_cost_hydrogen_storage: 1769272.7156982208
ci_capital_cost_onwind: 148790520.85524058
ci_capital_cost_solar: 45268692.86601361
ci_clean_excess_total: 981119.6636545327
ci_clean_total: 5886719.602056029
ci_clean_used_grid_total: 0.3654595141536833
ci_clean_used_local_total: 4905599.938401496
ci_clean_used_total: 4905600.30386101
ci_cost_adv_geothermal: 1094.5547583459968
ci_cost_allam_ccs: 163630993.52114105
ci_cost_battery_inverter: 4761955.770167804
ci_cost_battery_storage: 19764247.86476889
ci_cost_grid: 37.12750015222507
ci_cost_hydrogen_electrolysis: 6410181.702164453
ci_cost_hydrogen_fuel_cell: 19811184.475554008
ci_cost_hydrogen_storage: 1769272.7156982208
ci_cost_onwind: 148856616.28223902
ci_cost_solar: 45277726.81758312
ci_demand_total: 4905600.0
ci_emission_rate_local: 2.3659822632533244e-09
ci_emission_rate_myopic: 2.9140137155370967e-09
ci_emission_rate_true: 9.011375185346406e-10
ci_emissions: 0.004420620210923534
ci_fraction_clean: 1.1999999188796537
ci_fraction_clean_excess: 0.19999993143642628
ci_fraction_clean_used: 1.0000000619416605
ci_fraction_clean_used_grid: 7.449843325050621e-08
ci_fraction_clean_used_local: 0.9999999874432274
ci_generation_H2_Fuel_Cell: 150227.14844954916
ci_generation_adv_geothermal: 9.236958703587923
ci_generation_allam_ccs: 881272.9458676376
ci_generation_battery_discharger: 304851.9649403402
ci_generation_onwind: 4406361.79989624
ci_generation_solar: 903395.1569511202
ci_marginal_cost_adv_geothermal: 0.0
ci_marginal_cost_allam_ccs: 72995511.70882906
ci_marginal_cost_grid: 37.12750015222507
ci_marginal_cost_onwind: 66095.42699844363
ci_marginal_cost_solar: 9033.9515695112
ci_revenue_grid: 118366695.82989272
ci_total_cost: 410283310.83157516
co2_price: 130.0
emissions: 296185570.6641841
emissions_zone: 0.9078386051988684
objective: 164557983490.50613
system_emission_rate: 0.09228065818847206
system_emissions: 98728523.55472784
system_grid_cfe_wavg: 0.8921260665927424
system_inv_H2_Electrolysis-2030: 7894.0363674211
system_inv_H2_Fuel_Cell-2030: 1739.5293221893135
system_inv_OCGT-2030: 68753.70292302678
system_inv_battery_charger-2030: 27966.440617146774
system_inv_battery_discharger-2030: 28543.12593350735
system_inv_offwind-ac-2030: 6131.859792252477
system_inv_offwind-dc-2030: 58181.74749326152
system_inv_onwind-2030: 221394.49958322142
system_inv_solar-2030: 391626.20277337276
system_inv_solar_rooftop-2030: 0.0
zone_average_marginal_price: 131.15650951367132
