ci_average cost: 78.81972295030656
ci_average_revenue: 28.416938902190882
ci_cap_H2_Electrolysis: 97.91788899177095
ci_cap_H2_Fuel_Cell: 40.10282636683126
ci_cap_adv_geothermal: 0.0003144950607243144
ci_cap_allam_ccs: 2.1422836594357455
ci_cap_battery_charger: 1144.1110307040697
ci_cap_battery_discharger: 1167.70330834589
ci_cap_onwind: 1287.2832471744987
ci_cap_solar: 1513.294861314654
ci_capital_cost_adv_geothermal: 253.44025865781015
ci_capital_cost_allam_ccs: 519556.5928392067
ci_capital_cost_battery_inverter: 27235982.414747987
ci_capital_cost_battery_storage: 43565925.65429274
ci_capital_cost_grid: 0.0
ci_capital_cost_hydrogen_electrolysis: 6517858.429245748
ci_capital_cost_hydrogen_fuel_cell: 8486369.747636123
ci_capital_cost_hydrogen_storage: 2855159.7127928706
ci_capital_cost_onwind: 140812268.13005382
ci_capital_cost_solar: 72624448.56533138
ci_clean_excess_total: 981119.2340151855
ci_clean_total: 5321424.494064105
ci_clean_used_grid_total: 428285.38623957656
ci_clean_used_local_total: 4340305.260048919
ci_clean_used_total: 4768590.6462884955
ci_cost_adv_geothermal: 253.44025865781015
ci_cost_allam_ccs: 1194581.1055173245
ci_cost_battery_inverter: 27235982.414747987
ci_cost_battery_storage: 43565925.65429274
ci_cost_grid: 83287736.75571215
ci_cost_hydrogen_electrolysis: 6517858.429245748
ci_cost_hydrogen_fuel_cell: 8486369.747636123
ci_cost_hydrogen_storage: 2855159.7127928706
ci_cost_onwind: 140875216.73896286
ci_cost_solar: 72638948.90585726
ci_demand_total: 4905600.0
ci_emission_rate_local: 0.011716947719966701
ci_emission_rate_myopic: 0.014824244945657717
ci_emission_rate_true: 0.01541156979491174
ci_emissions: 75602.99678591904
ci_fraction_clean: 1.0847652670548158
ci_fraction_clean_excess: 0.19999984385501987
ci_fraction_clean_used: 0.9720708264612882
ci_fraction_clean_used_grid: 0.08730540326149229
ci_fraction_clean_used_local: 0.884765423199796
ci_generation_H2_Fuel_Cell: 152631.07621920208
ci_generation_adv_geothermal: 1.9978036522846887
ci_generation_allam_ccs: 8149.553676582535
ci_generation_battery_discharger: 889230.737115211
ci_generation_onwind: 4196573.927268559
ci_generation_solar: 1450034.0525881327
ci_marginal_cost_adv_geothermal: 0.0
ci_marginal_cost_allam_ccs: 675024.5126781178
ci_marginal_cost_grid: 83287736.75571215
ci_marginal_cost_onwind: 62948.60890902841
ci_marginal_cost_solar: 14500.340525881325
ci_revenue_grid: 139402135.4785876
ci_total_cost: 386658032.9050238
co2_price: 130.0
emissions: 296503592.746617
emissions_zone: 0.9083048010395948
objective: 164512911773.94315
system_emission_rate: 0.09237974231002338
system_emissions: 98834530.91553903
system_grid_cfe_wavg: 0.8926789063858831
system_inv_H2_Electrolysis-2030: 7929.618310609108
system_inv_H2_Fuel_Cell-2030: 1746.4868583463842
system_inv_OCGT-2030: 68939.87044983194
system_inv_battery_charger-2030: 27269.548279479688
system_inv_battery_discharger-2030: 27831.86324447098
system_inv_offwind-ac-2030: 6127.519100451543
system_inv_offwind-dc-2030: 58181.66919254562
system_inv_onwind-2030: 221585.64610319326
system_inv_solar-2030: 391185.81214437366
system_inv_solar_rooftop-2030: 0.0
zone_average_marginal_price: 131.30377123235002
