ci_average cost: 78.81921870144119
ci_average_revenue: 28.416355252458427
ci_cap_H2_Electrolysis: 97.90864503388924
ci_cap_H2_Fuel_Cell: 40.108502821028544
ci_cap_adv_geothermal: 0.0006499229062954266
ci_cap_allam_ccs: 2.106148822884896
ci_cap_battery_charger: 1144.1220397953657
ci_cap_battery_discharger: 1167.714544451463
ci_cap_onwind: 1287.2379700216818
ci_cap_solar: 1513.318034104476
ci_capital_cost_adv_geothermal: 523.7494957783734
ci_capital_cost_allam_ccs: 510793.00428338215
ci_capital_cost_battery_inverter: 27236244.49020124
ci_capital_cost_battery_storage: 43566352.10455017
ci_capital_cost_grid: 0.0
ci_capital_cost_hydrogen_electrolysis: 6517243.109517972
ci_capital_cost_hydrogen_fuel_cell: 8487570.971927224
ci_capital_cost_hydrogen_storage: 2856948.7893268466
ci_capital_cost_onwind: 140807315.39055642
ci_capital_cost_solar: 72625560.64938425
ci_clean_excess_total: 981117.5076307429
ci_clean_total: 5321288.971894237
ci_clean_used_grid_total: 428388.0172743416
ci_clean_used_local_total: 4340171.464263493
ci_clean_used_total: 4768559.481537835
ci_cost_adv_geothermal: 523.7494957783734
ci_cost_allam_ccs: 1174453.9665247635
ci_cost_battery_inverter: 27236244.49020124
ci_cost_battery_storage: 43566352.10455017
ci_cost_grid: 83305887.86628327
ci_cost_hydrogen_electrolysis: 6517243.109517972
ci_cost_hydrogen_fuel_cell: 8487570.971927224
ci_cost_hydrogen_storage: 2856948.7893268466
ci_cost_onwind: 140870275.0117703
ci_cost_solar: 72640059.20219237
ci_demand_total: 4905600.0
ci_emission_rate_local: 0.011719833544869725
ci_emission_rate_myopic: 0.01483256337233405
ci_emission_rate_true: 0.01541929285196064
ci_emissions: 75640.88301457811
ci_fraction_clean: 1.084737641041715
ci_fraction_clean_excess: 0.19999949193385985
ci_fraction_clean_used: 0.972064473568541
ci_fraction_clean_used_grid: 0.08732632446068607
ci_fraction_clean_used_local: 0.884738149107855
ci_generation_H2_Fuel_Cell: 152637.28400574988
ci_generation_adv_geothermal: 4.103276530014426
ci_generation_allam_ccs: 8012.361822803299
ci_generation_battery_discharger: 902281.1868871558
ci_generation_onwind: 4197308.080926282
ci_generation_solar: 1449855.2808115887
ci_marginal_cost_adv_geothermal: 0.0
ci_marginal_cost_allam_ccs: 663660.9622413814
ci_marginal_cost_grid: 83305887.86628327
ci_marginal_cost_onwind: 62959.62121389426
ci_marginal_cost_solar: 14498.552808115885
ci_revenue_grid: 139399272.32646006
ci_total_cost: 386655559.2617899
co2_price: 130.0
emissions: 296501985.56355023
emissions_zone: 0.9084301917083003
objective: 164512960953.61612
system_emission_rate: 0.0923792415701968
system_emissions: 98833995.18784988
system_grid_cfe_wavg: 0.8924432629175447
system_inv_H2_Electrolysis-2030: 7930.276200356698
system_inv_H2_Fuel_Cell-2030: 1746.6489781245732
system_inv_OCGT-2030: 68939.94886113516
system_inv_battery_charger-2030: 27271.36954221137
system_inv_battery_discharger-2030: 27833.72206276753
system_inv_offwind-ac-2030: 6127.528020759283
system_inv_offwind-dc-2030: 58181.70434839551
system_inv_onwind-2030: 221585.3628898171
system_inv_solar-2030: 391190.36038195994
system_inv_solar_rooftop-2030: 0.0
zone_average_marginal_price: 131.30357250870097
