ci_average cost: 78.82489418197751
ci_average_revenue: 28.420230827159465
ci_cap_H2_Electrolysis: 97.84153612444904
ci_cap_H2_Fuel_Cell: 40.150328048645285
ci_cap_adv_geothermal: 0.0046157914067861796
ci_cap_allam_ccs: 3.010596930612252
ci_cap_battery_charger: 1144.0321326139285
ci_cap_battery_discharger: 1167.6227833282933
ci_cap_onwind: 1287.0778782801472
ci_cap_solar: 1513.2934675289057
ci_capital_cost_adv_geothermal: 3719.700288303906
ci_capital_cost_allam_ccs: 730143.9642652469
ci_capital_cost_battery_inverter: 27234104.216795187
ci_capital_cost_battery_storage: 43562833.82701295
ci_capital_cost_grid: 0.0
ci_capital_cost_hydrogen_electrolysis: 6512776.036385817
ci_capital_cost_hydrogen_fuel_cell: 8496421.828051127
ci_capital_cost_hydrogen_storage: 2856683.4487622245
ci_capital_cost_onwind: 140789803.40841585
ci_capital_cost_solar: 72624381.67623793
ci_clean_excess_total: 981103.8055860753
ci_clean_total: 5324582.100590414
ci_clean_used_grid_total: 425811.80672860716
ci_clean_used_local_total: 4343478.295004339
ci_clean_used_total: 4769290.101732946
ci_cost_adv_geothermal: 3719.700288303906
ci_cost_allam_ccs: 1677833.1498468164
ci_cost_battery_inverter: 27234104.216795187
ci_cost_battery_storage: 43562833.82701295
ci_cost_grid: 82847286.63533634
ci_cost_hydrogen_electrolysis: 6512776.036385817
ci_cost_hydrogen_fuel_cell: 8496421.828051127
ci_cost_hydrogen_storage: 2856683.4487622245
ci_cost_onwind: 140852908.16197225
ci_cost_solar: 72638833.89465782
ci_demand_total: 4905600.0
ci_emission_rate_local: 0.011675375751391989
ci_emission_rate_myopic: 0.01475043906625448
ci_emission_rate_true: 0.015338753382082494
ci_emissions: 75245.78859114388
ci_fraction_clean: 1.0854089409227035
ci_fraction_clean_excess: 0.19999669879037738
ci_fraction_clean_used: 0.9722134095182946
ci_fraction_clean_used_grid: 0.08680116738596852
ci_fraction_clean_used_local: 0.885412242132326
ci_generation_H2_Fuel_Cell: 152476.96435436734
ci_generation_adv_geothermal: 29.904148382934423
ci_generation_allam_ccs: 11441.42729865068
ci_generation_battery_discharger: 1034641.4646879123
ci_generation_onwind: 4206983.570427131
ci_generation_solar: 1445221.841989857
ci_marginal_cost_adv_geothermal: 0.0
ci_marginal_cost_allam_ccs: 947689.1855815696
ci_marginal_cost_grid: 82847286.63533634
ci_marginal_cost_onwind: 63104.753556406984
ci_marginal_cost_solar: 14452.218419898567
ci_revenue_grid: 139418284.34571347
ci_total_cost: 386683400.8991089
co2_price: 130.0
emissions: 296496756.18505144
emissions_zone: 0.9100814100253467
objective: 164513671237.66406
system_emission_rate: 0.09237761228593215
system_emissions: 98832252.06168392
system_grid_cfe_wavg: 0.8927758528598012
system_inv_H2_Electrolysis-2030: 7933.185587227438
system_inv_H2_Fuel_Cell-2030: 1747.3406844313815
system_inv_OCGT-2030: 68938.44878385545
system_inv_battery_charger-2030: 27279.74612017074
system_inv_battery_discharger-2030: 27842.271370949413
system_inv_offwind-ac-2030: 6127.980753823021
system_inv_offwind-dc-2030: 58183.05649704563
system_inv_onwind-2030: 221584.79208676817
system_inv_solar-2030: 391198.9014829902
system_inv_solar_rooftop-2030: 0.0
zone_average_marginal_price: 131.30362833132818
