ci_average cost: 79.18405976132378
ci_average_revenue: 28.626335680837446
ci_cap_H2_Electrolysis: 97.36424696266722
ci_cap_H2_Fuel_Cell: 41.94805577093325
ci_cap_adv_geothermal: 0.0006982440981477902
ci_cap_allam_ccs: 46.69864187024397
ci_cap_battery_charger: 1143.3144624802853
ci_cap_battery_discharger: 1166.8903143922669
ci_cap_onwind: 1278.0795444844825
ci_cap_solar: 1501.9661792249897
ci_capital_cost_adv_geothermal: 562.6898064258975
ci_capital_cost_allam_ccs: 11325571.734376566
ci_capital_cost_battery_inverter: 27217019.816230092
ci_capital_cost_battery_storage: 43535601.7730345
ci_capital_cost_grid: 0.0
ci_capital_cost_hydrogen_electrolysis: 6481005.50682948
ci_capital_cost_hydrogen_fuel_cell: 8876848.434828391
ci_capital_cost_hydrogen_storage: 2722948.5655682636
ci_capital_cost_onwind: 139805501.16262808
ci_capital_cost_solar: 72080774.42041352
ci_clean_excess_total: 981118.0825150982
ci_clean_total: 5470260.184734676
ci_clean_used_grid_total: 318347.76242727716
ci_clean_used_local_total: 4489142.102219578
ci_clean_used_total: 4807489.864646855
ci_cost_adv_geothermal: 562.6898064258975
ci_cost_allam_ccs: 25223759.837846503
ci_cost_battery_inverter: 27217019.816230092
ci_cost_battery_storage: 43535601.7730345
ci_cost_grid: 62424021.931339815
ci_cost_hydrogen_electrolysis: 6481005.50682948
ci_cost_hydrogen_fuel_cell: 8876848.434828391
ci_cost_hydrogen_storage: 2722948.5655682636
ci_cost_onwind: 139868389.5037013
ci_cost_solar: 72095165.5059651
ci_demand_total: 4905600.0
ci_emission_rate_local: 0.008152951497291295
ci_emission_rate_myopic: 0.010752033063427419
ci_emission_rate_true: 0.011145437059190926
ci_emissions: 54675.056037567
ci_fraction_clean: 1.115105223567897
ci_fraction_clean_excess: 0.19999960912326692
ci_fraction_clean_used: 0.9800003801057678
ci_fraction_clean_used_grid: 0.06489476566113771
ci_fraction_clean_used_local: 0.9151056144446302
ci_generation_H2_Fuel_Cell: 150120.75873388478
ci_generation_adv_geothermal: 4.43656433491118
ci_generation_allam_ccs: 167792.46950173867
ci_generation_battery_discharger: 906973.505320564
ci_generation_onwind: 4192556.071547134
ci_generation_solar: 1439108.5551577094
ci_marginal_cost_adv_geothermal: 0.0
ci_marginal_cost_allam_ccs: 13898188.103469938
ci_marginal_cost_grid: 62424021.931339815
ci_marginal_cost_onwind: 62888.341073207026
ci_marginal_cost_solar: 14391.085551577093
ci_revenue_grid: 140429352.31591618
ci_total_cost: 388445323.56514996
co2_price: 130.0
emissions: 296443643.85151047
emissions_zone: 0.9092936178886722
objective: 164513711040.26584
system_emission_rate: 0.09236106441330601
system_emissions: 98814547.95050372
system_grid_cfe_wavg: 0.8925892557809012
system_inv_H2_Electrolysis-2030: 7929.627403519348
system_inv_H2_Fuel_Cell-2030: 1746.5996863526007
system_inv_OCGT-2030: 68891.03717376254
system_inv_battery_charger-2030: 27269.888661031597
system_inv_battery_discharger-2030: 27832.21064490118
system_inv_offwind-ac-2030: 6130.366194871208
system_inv_offwind-dc-2030: 58181.72684950788
system_inv_onwind-2030: 221570.88711246813
system_inv_solar-2030: 391231.6950623388
system_inv_solar_rooftop-2030: 0.0
zone_average_marginal_price: 131.28234754499073
