ci_average cost: 78.8183335013
ci_average_revenue: 28.415520382604335
ci_cap_H2_Electrolysis: 97.90022114350342
ci_cap_H2_Fuel_Cell: 40.118411065093035
ci_cap_adv_geothermal: 0.0004697995551651721
ci_cap_allam_ccs: 2.0567918813490493
ci_cap_battery_charger: 1144.1002047407374
ci_cap_battery_discharger: 1167.6922591444927
ci_cap_onwind: 1287.2074225289894
ci_cap_solar: 1513.292061740732
ci_capital_cost_adv_geothermal: 378.59456521881094
ci_capital_cost_allam_ccs: 498822.72935532586
ci_capital_cost_battery_inverter: 27235724.69872303
ci_capital_cost_battery_storage: 43565512.495329075
ci_capital_cost_grid: 0.0
ci_capital_cost_hydrogen_electrolysis: 6516682.37719905
ci_capital_cost_hydrogen_fuel_cell: 8489667.707501719
ci_capital_cost_hydrogen_storage: 2860048.2715689507
ci_capital_cost_onwind: 140803973.88685775
ci_capital_cost_solar: 72624314.21113676
ci_clean_excess_total: 981118.8087093632
ci_clean_total: 5321113.825534891
ci_clean_used_grid_total: 428558.3445409436
ci_clean_used_local_total: 4339995.016825528
ci_clean_used_total: 4768553.361366471
ci_cost_adv_geothermal: 378.59456521881094
ci_cost_allam_ccs: 1146995.9504131288
ci_cost_battery_inverter: 27235724.69872303
ci_cost_battery_storage: 43565512.495329075
ci_cost_grid: 83330462.63310301
ci_cost_hydrogen_electrolysis: 6516682.37719905
ci_cost_hydrogen_fuel_cell: 8489667.707501719
ci_cost_hydrogen_storage: 2860048.2715689507
ci_cost_onwind: 140866932.97453204
ci_cost_solar: 72638811.12104207
ci_demand_total: 4905600.0
ci_emission_rate_local: 0.011725861747413547
ci_emission_rate_myopic: 0.014828061172588907
ci_emission_rate_true: 0.015416183366585973
ci_emissions: 75625.62912312415
ci_fraction_clean: 1.0847019376905764
ci_fraction_clean_excess: 0.19999975715699675
ci_fraction_clean_used: 0.9720632259797928
ci_fraction_clean_used_grid: 0.08736104544621323
ci_fraction_clean_used_local: 0.8847021805335795
ci_generation_H2_Fuel_Cell: 152645.01157616673
ci_generation_adv_geothermal: 3.0355723697952492
ci_generation_allam_ccs: 7825.378719621123
ci_generation_battery_discharger: 896814.821405107
ci_generation_onwind: 4197272.511620102
ci_generation_solar: 1449690.9905308262
ci_marginal_cost_adv_geothermal: 0.0
ci_marginal_cost_allam_ccs: 648173.2210578029
ci_marginal_cost_grid: 83330462.63310301
ci_marginal_cost_onwind: 62959.087674301554
ci_marginal_cost_solar: 14496.90990530826
ci_revenue_grid: 139395176.78890383
ci_total_cost: 386651216.8239773
co2_price: 130.0
emissions: 296502959.0031114
emissions_zone: 0.9085876742090224
objective: 164512935064.42355
system_emission_rate: 0.09237954485858207
system_emissions: 98834319.6677038
system_grid_cfe_wavg: 0.8928248322494591
system_inv_H2_Electrolysis-2030: 7929.953400401025
system_inv_H2_Fuel_Cell-2030: 1746.5527045608121
system_inv_OCGT-2030: 68939.95171035499
system_inv_battery_charger-2030: 27270.827489450534
system_inv_battery_discharger-2030: 27833.168832543233
system_inv_offwind-ac-2030: 6127.508902920522
system_inv_offwind-dc-2030: 58181.70434876741
system_inv_onwind-2030: 221585.5095340493
system_inv_solar-2030: 391187.44191771804
system_inv_solar_rooftop-2030: 0.0
zone_average_marginal_price: 131.30380519689535
