ci_average cost: 79.96192785038555
ci_average_revenue: 28.347110289932452
ci_cap_H2_Electrolysis: 102.30680552311588
ci_cap_H2_Fuel_Cell: 50.34863753411061
ci_cap_adv_geothermal: 0.0008588726900101381
ci_cap_allam_ccs: 133.78856840409165
ci_cap_battery_charger: 1065.3890911918961
ci_cap_battery_discharger: 1087.3580737131977
ci_cap_onwind: 1296.1585956491335
ci_cap_solar: 1400.42000875344
ci_capital_cost_adv_geothermal: 692.134611618305
ci_capital_cost_allam_ccs: 32447025.609658703
ci_capital_cost_battery_inverter: 25361977.792234223
ci_capital_cost_battery_storage: 40568311.50881678
ci_capital_cost_grid: 0.0
ci_capital_cost_hydrogen_electrolysis: 6810004.602980015
ci_capital_cost_hydrogen_fuel_cell: 10654539.669991203
ci_capital_cost_hydrogen_storage: 2708326.299113889
ci_capital_cost_onwind: 141783117.35993475
ci_capital_cost_solar: 67207477.86536494
ci_clean_excess_total: 981118.5009041659
ci_clean_total: 5693306.556615591
ci_clean_used_grid_total: 144357.40663429018
ci_clean_used_local_total: 4712188.055711425
ci_clean_used_total: 4856545.462345715
ci_cost_adv_geothermal: 692.134611618305
ci_cost_allam_ccs: 66548105.241541065
ci_cost_battery_inverter: 25361977.792234223
ci_cost_battery_storage: 40568311.50881678
ci_cost_grid: 30541005.052595854
ci_cost_hydrogen_electrolysis: 6810004.602980015
ci_cost_hydrogen_fuel_cell: 10654539.669991203
ci_cost_hydrogen_storage: 2708326.299113889
ci_cost_onwind: 141847377.54418457
ci_cost_solar: 67220893.41678216
ci_demand_total: 4905600.0
ci_emission_rate_local: 0.003514488320790211
ci_emission_rate_myopic: 0.005140443230153572
ci_emission_rate_true: 0.0054478938844278405
ci_emissions: 26725.188239449213
ci_fraction_clean: 1.160572928207679
ci_fraction_clean_excess: 0.19999969441131887
ci_fraction_clean_used: 0.9900002980972185
ci_fraction_clean_used_grid: 0.02942706430085824
ci_fraction_clean_used_local: 0.9605732337963603
ci_generation_H2_Fuel_Cell: 159404.23707782687
ci_generation_adv_geothermal: 5.528566616778251
ci_generation_allam_ccs: 411701.46219854406
ci_generation_battery_discharger: 828868.6947342015
ci_generation_onwind: 4284012.283321634
ci_generation_solar: 1341555.1417210468
ci_marginal_cost_adv_geothermal: 0.0
ci_marginal_cost_allam_ccs: 34101079.63188236
ci_marginal_cost_grid: 30541005.052595854
ci_marginal_cost_onwind: 64260.18424982453
ci_marginal_cost_solar: 13415.551417210465
ci_revenue_grid: 139059584.23829263
ci_total_cost: 392261233.26285136
co2_price: 130.0
emissions: 296368514.2824696
emissions_zone: 0.9090551716994691
objective: 164518950104.14395
system_emission_rate: 0.0923376567703714
system_emissions: 98789504.76082349
system_grid_cfe_wavg: 0.8924009050440895
system_inv_H2_Electrolysis-2030: 7940.769873316705
system_inv_H2_Fuel_Cell-2030: 1748.6097833422184
system_inv_OCGT-2030: 68826.88377617711
system_inv_battery_charger-2030: 27315.212933349303
system_inv_battery_discharger-2030: 27878.46953176916
system_inv_offwind-ac-2030: 6134.075487800677
system_inv_offwind-dc-2030: 58181.69801129197
system_inv_onwind-2030: 221535.33644324227
system_inv_solar-2030: 391248.4350343195
system_inv_solar_rooftop-2030: 0.0
zone_average_marginal_price: 131.23032180229364
