ci_average cost: 134.0157771141754
ci_average_revenue: 0.0
ci_cap_H2_Electrolysis: 0.0
ci_cap_H2_Fuel_Cell: 0.0
ci_cap_adv_geothermal: 0.0
ci_cap_allam_ccs: 0.0
ci_cap_battery_charger: 0.0
ci_cap_battery_discharger: 0.0
ci_cap_onwind: 0.0
ci_cap_solar: 0.0
ci_capital_cost_adv_geothermal: 0.0
ci_capital_cost_allam_ccs: 0.0
ci_capital_cost_battery_inverter: 0.0
ci_capital_cost_battery_storage: 0.0
ci_capital_cost_grid: 0.0
ci_capital_cost_hydrogen_electrolysis: 0.0
ci_capital_cost_hydrogen_fuel_cell: 0.0
ci_capital_cost_hydrogen_storage: 0.0
ci_capital_cost_onwind: 0.0
ci_capital_cost_solar: 0.0
ci_clean_excess_total: 0.0
ci_clean_total: 0.0
ci_clean_used_grid_total: 4380557.143741306
ci_clean_used_local_total: 0.0
ci_clean_used_total: 4380557.143741306
ci_cost_adv_geothermal: 0.0
ci_cost_allam_ccs: 0.0
ci_cost_battery_inverter: 0.0
ci_cost_battery_storage: 0.0
ci_cost_grid: 657427796.2112988
ci_cost_hydrogen_electrolysis: 0.0
ci_cost_hydrogen_fuel_cell: 0.0
ci_cost_hydrogen_storage: 0.0
ci_cost_onwind: 0.0
ci_cost_solar: 0.0
ci_demand_total: 4905600.0
ci_emission_rate_local: 0.08127654442663576
ci_emission_rate_myopic: 0.09189255457148837
ci_emission_rate_true: 0.07408198949059107
ci_emissions: 363416.6076450436
ci_fraction_clean: 0.0
ci_fraction_clean_excess: 0.0
ci_fraction_clean_used: 0.8929707158637692
ci_fraction_clean_used_grid: 0.8929707158637692
ci_fraction_clean_used_local: 0.0
ci_generation_H2_Fuel_Cell: -0.0
ci_generation_adv_geothermal: 0.0
ci_generation_allam_ccs: 0.0
ci_generation_battery_discharger: -0.0
ci_generation_onwind: 0.0
ci_generation_solar: 0.0
ci_marginal_cost_adv_geothermal: 0.0
ci_marginal_cost_allam_ccs: 0.0
ci_marginal_cost_grid: 657427796.2112988
ci_marginal_cost_onwind: 0.0
ci_marginal_cost_solar: 0.0
ci_revenue_grid: 0.0
ci_total_cost: 657427796.2112988
co2_price: 130.0
emissions: 298484303.3050986
emissions_zone: 0.9433595619367284
objective: 164919257946.0732
system_emission_rate: 0.0929968597259992
system_emissions: 99494767.76836647
system_grid_cfe_wavg: 0.8889137119875816
system_inv_H2_Electrolysis-2030: 7887.802150307316
system_inv_H2_Fuel_Cell-2030: 1739.0428424358038
system_inv_OCGT-2030: 69431.21860285416
system_inv_battery_charger-2030: 28236.51071585864
system_inv_battery_discharger-2030: 28818.765044824275
system_inv_offwind-ac-2030: 5969.657038460381
system_inv_offwind-dc-2030: 58181.7345273111
system_inv_onwind-2030: 220816.55094069443
system_inv_solar-2030: 392525.246239316
system_inv_solar_rooftop-2030: 0.0
zone_average_marginal_price: 134.0157771141754
