ci_average cost: 81.02031148682283
ci_average_revenue: 25.43209178048918
ci_cap_H2_Electrolysis: 0.0
ci_cap_H2_Fuel_Cell: 0.0
ci_cap_adv_geothermal: 0.0
ci_cap_allam_ccs: 0.0
ci_cap_battery_charger: 0.0
ci_cap_battery_discharger: 0.0
ci_cap_onwind: 1747.014760398883
ci_cap_solar: 925.4835960375875
ci_capital_cost_adv_geothermal: 0.0
ci_capital_cost_allam_ccs: 0.0
ci_capital_cost_battery_inverter: 0.0
ci_capital_cost_battery_storage: 0.0
ci_capital_cost_grid: 0.0
ci_capital_cost_hydrogen_electrolysis: 0.0
ci_capital_cost_hydrogen_fuel_cell: 0.0
ci_capital_cost_hydrogen_storage: 0.0
ci_capital_cost_onwind: 191100996.15481317
ci_capital_cost_solar: 44414831.19826335
ci_clean_excess_total: 981119.0412488291
ci_clean_total: 4905600.000018032
ci_clean_used_grid_total: 742778.7427195384
ci_clean_used_local_total: 3924480.958769203
ci_clean_used_total: 4667259.701488742
ci_cost_adv_geothermal: 0.0
ci_cost_allam_ccs: 0.0
ci_cost_battery_inverter: 0.0
ci_cost_battery_storage: 0.0
ci_cost_grid: 161868211.84435445
ci_cost_hydrogen_electrolysis: 0.0
ci_cost_hydrogen_fuel_cell: 0.0
ci_cost_hydrogen_storage: 0.0
ci_cost_onwind: 191161430.65179414
ci_cost_solar: 44423597.53360955
ci_demand_total: 4905600.0
ci_emission_rate_local: 0.021177809807338063
ci_emission_rate_myopic: 0.025267560780351833
ci_emission_rate_true: 0.027626095716789673
ci_emissions: 135522.5751482834
ci_fraction_clean: 1.000000000003676
ci_fraction_clean_excess: 0.1999998045598559
ci_fraction_clean_used: 0.9514146488683835
ci_fraction_clean_used_grid: 0.15141445342456344
ci_fraction_clean_used_local: 0.80000019544382
ci_generation_H2_Fuel_Cell: -0.0
ci_generation_adv_geothermal: 0.0
ci_generation_allam_ccs: 0.0
ci_generation_battery_discharger: -0.0
ci_generation_onwind: 4028966.465398084
ci_generation_solar: 876633.5346199487
ci_marginal_cost_adv_geothermal: 0.0
ci_marginal_cost_allam_ccs: 0.0
ci_marginal_cost_grid: 161868211.84435445
ci_marginal_cost_onwind: 60434.49698097128
ci_marginal_cost_solar: 8766.335346199487
ci_revenue_grid: 124759669.43836772
ci_total_cost: 397453240.0297581
co2_price: 130.0
emissions: 296569878.65300244
emissions_zone: 0.9277408910219541
objective: 164538599401.116
system_emission_rate: 0.09240039458912043
system_emissions: 98856626.21766752
system_grid_cfe_wavg: 0.8928116881089542
system_inv_H2_Electrolysis-2030: 7899.717763531135
system_inv_H2_Fuel_Cell-2030: 1740.4666974046156
system_inv_OCGT-2030: 69197.80729609737
system_inv_battery_charger-2030: 28186.804430730645
system_inv_battery_discharger-2030: 28768.033785329433
system_inv_offwind-ac-2030: 6117.874018761923
system_inv_offwind-dc-2030: 58181.73001107204
system_inv_onwind-2030: 221427.17913729657
system_inv_solar-2030: 391497.8535539953
system_inv_solar_rooftop-2030: 0.0
zone_average_marginal_price: 131.17975292897515
