ci_average cost: 147.95556392361942
ci_average_revenue: 32.12959392083942
ci_cap_battery_charger: 288.9145236714486
ci_cap_battery_discharger: 294.8721199835972
ci_cap_onwind: 1420.439051368335
ci_cap_solar: 565.0757837049704
ci_capital_cost_battery_inverter: 6877716.126238617
ci_capital_cost_battery_storage: 100917289.47217102
ci_capital_cost_grid: 0.0
ci_capital_cost_hydrogen_electrolysis: 0.0
ci_capital_cost_hydrogen_fuel_cell: 0.0
ci_capital_cost_hydrogen_storage: 0.0
ci_capital_cost_onwind: 155377804.38197845
ci_capital_cost_solar: 27118520.1498302
ci_clean_excess_total: 392447.75060981745
ci_clean_total: 2354687.747482958
ci_clean_used_grid_total: 0.19409710892365123
ci_clean_used_local_total: 1962239.9968731406
ci_clean_used_total: 1962240.1909702495
ci_cost_battery_inverter: 6877716.126238617
ci_cost_battery_storage: 100917289.47217102
ci_cost_grid: 19.6118508370094
ci_cost_hydrogen_electrolysis: 0.0
ci_cost_hydrogen_fuel_cell: 0.0
ci_cost_hydrogen_storage: 0.0
ci_cost_onwind: 155405399.6999471
ci_cost_solar: 27123900.843275353
ci_demand_total: 1962239.9999999998
ci_emission_rate_local: 2.1610666249093634e-09
ci_emission_rate_myopic: 4.495304690809302e-09
ci_emission_rate_true: 1.1047689875311169e-09
ci_emissions: 0.002167821898093058
ci_fraction_clean: 1.1999998713118467
ci_fraction_clean_excess: 0.19999987290536198
ci_fraction_clean_used: 1.000000097322575
ci_fraction_clean_used_grid: 9.891609024566375e-08
ci_fraction_clean_used_local: 0.9999999984064848
ci_generation_battery_discharger: 553668.5321028952
ci_generation_onwind: 1839687.8645761586
ci_generation_solar: 538069.3445152105
ci_marginal_cost_grid: 19.6118508370094
ci_marginal_cost_onwind: 27595.317968642386
ci_marginal_cost_solar: 5380.693445152104
ci_revenue_grid: 63045974.37522793
ci_total_cost: 290324325.75348294
co2_price: 130.0
emissions: 296392903.1694798
emissions_zone: 0.9145807614814835
objective: 164629420150.60013
system_emission_rate: 0.09226064838778728
system_emissions: 98797634.38982677
system_grid_cfe_wavg: 0.8969279627359762
system_inv_H2_Electrolysis-2030: 7891.585474472591
system_inv_H2_Fuel_Cell-2030: 1739.0618418093138
system_inv_OCGT-2030: 69014.49295911586
system_inv_battery_charger-2030: 28121.823994916405
system_inv_battery_discharger-2030: 28701.713412706737
system_inv_offwind-ac-2030: 6107.670511720351
system_inv_offwind-dc-2030: 58181.71212233577
system_inv_onwind-2030: 222233.17190759807
system_inv_solar-2030: 391813.0172615753
system_inv_solar_rooftop-2030: 0.0
zone_average_marginal_price: 131.27513793192662
