ci_average cost: 80.5624017599176
ci_average_revenue: 30.18971789042868
ci_cap_battery_charger: 555.0652757624448
ci_cap_battery_discharger: 566.5110653262973
ci_cap_onwind: 481.88954482789325
ci_cap_solar: 671.2244375047163
ci_capital_cost_battery_inverter: 13213532.326840641
ci_capital_cost_battery_storage: 21136029.737366628
ci_capital_cost_grid: 0.0
ci_capital_cost_hydrogen_electrolysis: 0.0
ci_capital_cost_hydrogen_fuel_cell: 0.0
ci_capital_cost_hydrogen_storage: 0.0
ci_capital_cost_onwind: 52712532.33840666
ci_capital_cost_solar: 32212694.223388962
ci_clean_excess_total: 392446.67440570384
ci_clean_total: 2088872.8712728168
ci_clean_used_grid_total: 205590.8134753709
ci_clean_used_local_total: 1696426.196867113
ci_clean_used_total: 1902017.0103424839
ci_cost_battery_inverter: 13213532.326840641
ci_cost_battery_storage: 21136029.737366628
ci_cost_grid: 38779579.69417609
ci_cost_hydrogen_electrolysis: 0.0
ci_cost_hydrogen_fuel_cell: 0.0
ci_cost_hydrogen_storage: 0.0
ci_cost_onwind: 52734509.87613865
ci_cost_solar: 32219115.594858695
ci_demand_total: 1962239.9999999998
ci_emission_rate_local: 0.010567753360413483
ci_emission_rate_myopic: 0.017098741887965965
ci_emission_rate_true: 0.017186653742755326
ci_emissions: 33724.339440184194
ci_fraction_clean: 1.0645348536737693
ci_fraction_clean_excess: 0.19999932444843846
ci_fraction_clean_used: 0.9693090602283534
ci_fraction_clean_used_grid: 0.10477353100302253
ci_fraction_clean_used_local: 0.8645355292253308
ci_generation_battery_discharger: 442404.14939493
ci_generation_onwind: 1465169.182132563
ci_generation_solar: 642137.1469731729
ci_marginal_cost_grid: 38779579.69417609
ci_marginal_cost_onwind: 21977.537731988454
ci_marginal_cost_solar: 6421.371469731728
ci_revenue_grid: 59239472.033314764
ci_total_cost: 158082767.2293807
co2_price: 130.0
emissions: 296609672.4789901
emissions_zone: 0.91049606523695
objective: 164500690760.27716
system_emission_rate: 0.09232812394753274
system_emissions: 98869890.82633004
system_grid_cfe_wavg: 0.8972374449371592
system_inv_H2_Electrolysis-2030: 7909.475645012246
system_inv_H2_Fuel_Cell-2030: 1742.303552718402
system_inv_OCGT-2030: 69100.15799582058
system_inv_battery_charger-2030: 27780.136727435423
system_inv_battery_discharger-2030: 28352.980342270657
system_inv_offwind-ac-2030: 6107.180124910388
system_inv_offwind-dc-2030: 58181.73574055649
system_inv_onwind-2030: 222282.1445396753
system_inv_solar-2030: 391706.4107215014
system_inv_solar_rooftop-2030: 0.0
zone_average_marginal_price: 131.1990287633015
