ci_average cost: 80.56244574279144
ci_average_revenue: 30.18974654310679
ci_cap_battery_charger: 555.0671334670408
ci_cap_battery_discharger: 566.512961337912
ci_cap_onwind: 481.8893310848237
ci_cap_solar: 671.2256651829017
ci_capital_cost_battery_inverter: 13213576.550179416
ci_capital_cost_battery_storage: 21136081.4527672
ci_capital_cost_grid: 0.0
ci_capital_cost_hydrogen_electrolysis: 0.0
ci_capital_cost_hydrogen_fuel_cell: 0.0
ci_capital_cost_hydrogen_storage: 0.0
ci_capital_cost_onwind: 52712508.957657725
ci_capital_cost_solar: 32212753.1408237
ci_clean_excess_total: 392446.6819131541
ci_clean_total: 2088872.8863190943
ci_clean_used_grid_total: 205567.48802492997
ci_clean_used_local_total: 1696426.2044059406
ci_clean_used_total: 1901993.6924308706
ci_cost_battery_inverter: 13213576.550179416
ci_cost_battery_storage: 21136081.4527672
ci_cost_grid: 38779535.01107348
ci_cost_hydrogen_electrolysis: 0.0
ci_cost_hydrogen_fuel_cell: 0.0
ci_cost_hydrogen_storage: 0.0
ci_cost_onwind: 52734484.59037925
ci_cost_solar: 32219175.92993571
ci_demand_total: 1962239.9999999998
ci_emission_rate_local: 0.010577028518989017
ci_emission_rate_myopic: 0.017103604750060418
ci_emission_rate_true: 0.017196736527879803
ci_emissions: 33744.12428446686
ci_fraction_clean: 1.064534861341678
ci_fraction_clean_excess: 0.1999993282743977
ci_fraction_clean_used: 0.969297176915602
ci_fraction_clean_used_grid: 0.1047616438483213
ci_fraction_clean_used_local: 0.8645355330672807
ci_generation_battery_discharger: 442758.113947751
ci_generation_onwind: 1465042.1814353028
ci_generation_solar: 642278.9112009222
ci_marginal_cost_grid: 38779535.01107348
ci_marginal_cost_onwind: 21975.63272152955
ci_marginal_cost_solar: 6422.789112009221
ci_revenue_grid: 59239528.25674586
ci_total_cost: 158082853.53433505
co2_price: 130.0
emissions: 296609787.385633
emissions_zone: 0.9101730564928134
objective: 164500709620.2642
system_emission_rate: 0.09232815971546546
system_emissions: 98869929.12854448
system_grid_cfe_wavg: 0.8973115563974741
system_inv_H2_Electrolysis-2030: 7909.444787386081
system_inv_H2_Fuel_Cell-2030: 1742.305422932686
system_inv_OCGT-2030: 69100.1785965871
system_inv_battery_charger-2030: 27780.095640806077
system_inv_battery_discharger-2030: 28352.938408409584
system_inv_offwind-ac-2030: 6107.194457734306
system_inv_offwind-dc-2030: 58181.70546580524
system_inv_onwind-2030: 222281.54450551307
system_inv_solar-2030: 391707.2695492846
system_inv_solar_rooftop-2030: 0.0
zone_average_marginal_price: 131.1989577731025
