ci_average cost: 100.84224696559733
ci_average_revenue: 41.07611104555218
ci_cap_battery_charger: 1073.0518294995563
ci_cap_battery_discharger: 1095.1788224278894
ci_cap_onwind: 652.193375230474
ci_cap_solar: 743.9139958392683
ci_capital_cost_battery_inverter: 25544392.086123
ci_capital_cost_battery_storage: 49777624.594361834
ci_capital_cost_grid: 0.0
ci_capital_cost_hydrogen_electrolysis: 0.0
ci_capital_cost_hydrogen_fuel_cell: 0.0
ci_capital_cost_hydrogen_storage: 0.0
ci_capital_cost_onwind: 71341585.95412008
ci_capital_cost_solar: 35701134.728577904
ci_clean_excess_total: 392447.4581345887
ci_clean_total: 2259219.865229578
ci_clean_used_grid_total: 75845.66937152954
ci_clean_used_local_total: 1866772.40709499
ci_clean_used_total: 1942618.0764665194
ci_cost_battery_inverter: 25544392.086123
ci_cost_battery_storage: 49777624.594361834
ci_cost_grid: 15481236.078357043
ci_cost_hydrogen_electrolysis: 0.0
ci_cost_hydrogen_fuel_cell: 0.0
ci_cost_hydrogen_storage: 0.0
ci_cost_onwind: 71365191.77198207
ci_cost_solar: 35708246.15494974
ci_demand_total: 1962239.9999999998
ci_emission_rate_local: 0.0030813620737063087
ci_emission_rate_myopic: 0.005833439330200564
ci_emission_rate_true: 0.005746153342547637
ci_emissions: 11275.331934880673
ci_fraction_clean: 1.1513473709788704
ci_fraction_clean_excess: 0.19999972385365133
ci_fraction_clean_used: 0.9900002428176572
ci_fraction_clean_used_grid: 0.03865259569243801
ci_fraction_clean_used_local: 0.9513476471252192
ci_generation_battery_discharger: 615456.721771002
ci_generation_onwind: 1573721.1907988633
ci_generation_solar: 711142.6371832753
ci_marginal_cost_grid: 15481236.078357043
ci_marginal_cost_onwind: 23605.817861982956
ci_marginal_cost_solar: 7111.426371832752
ci_revenue_grid: 80601188.1380243
ci_total_cost: 197876690.68577367
co2_price: 130.0
emissions: 296591904.34880584
emissions_zone: 0.9149807886988232
objective: 164518528185.24832
system_emission_rate: 0.09232259311601156
system_emissions: 98863968.11626837
system_grid_cfe_wavg: 0.897775317940633
system_inv_H2_Electrolysis-2030: 7943.447212693999
system_inv_H2_Fuel_Cell-2030: 1749.2055521685963
system_inv_OCGT-2030: 68974.30780544876
system_inv_battery_charger-2030: 27370.465808667424
system_inv_battery_discharger-2030: 27934.861755577105
system_inv_offwind-ac-2030: 6116.572230906676
system_inv_offwind-dc-2030: 58181.663218059875
system_inv_onwind-2030: 222372.72371378005
system_inv_solar-2030: 391438.4568620808
system_inv_solar_rooftop-2030: 0.0
zone_average_marginal_price: 131.06918576494064
