ci_average cost: 80.56247185787663
ci_average_revenue: 30.18966173086702
ci_cap_battery_charger: 555.0670916041147
ci_cap_battery_discharger: 566.5129186117464
ci_cap_onwind: 481.88924856787173
ci_cap_solar: 671.2255597352843
ci_capital_cost_battery_inverter: 13213575.553617118
ci_capital_cost_battery_storage: 21136074.548572425
ci_capital_cost_grid: 0.0
ci_capital_cost_hydrogen_electrolysis: 0.0
ci_capital_cost_hydrogen_fuel_cell: 0.0
ci_capital_cost_hydrogen_storage: 0.0
ci_capital_cost_onwind: 52712499.93136208
ci_capital_cost_solar: 32212748.080293022
ci_clean_excess_total: 392446.68746773584
ci_clean_total: 2088872.850661596
ci_clean_used_grid_total: 205523.92391446774
ci_clean_used_local_total: 1696426.1631938606
ci_clean_used_total: 1901950.0871083282
ci_cost_battery_inverter: 13213575.553617118
ci_cost_battery_storage: 21136074.548572425
ci_cost_grid: 38779609.23254644
ci_cost_hydrogen_electrolysis: 0.0
ci_cost_hydrogen_fuel_cell: 0.0
ci_cost_hydrogen_storage: 0.0
ci_cost_onwind: 52734474.63613778
ci_cost_solar: 32219170.807526063
ci_demand_total: 1962239.9999999998
ci_emission_rate_local: 0.010576228039154182
ci_emission_rate_myopic: 0.01710775823528576
ci_emission_rate_true: 0.01720097755025003
ci_emissions: 33752.44618820261
ci_fraction_clean: 1.064534843169845
ci_fraction_clean_excess: 0.19999933110513285
ci_fraction_clean_used: 0.969274954698879
ci_fraction_clean_used_grid: 0.10473944263416696
ci_fraction_clean_used_local: 0.8645355120647121
ci_generation_battery_discharger: 441125.742610062
ci_generation_onwind: 1464980.3183802487
ci_generation_solar: 642272.7233041241
ci_marginal_cost_grid: 38779609.23254644
ci_marginal_cost_onwind: 21974.704775703736
ci_marginal_cost_solar: 6422.72723304124
ci_revenue_grid: 59239361.83477649
ci_total_cost: 158082904.77839983
co2_price: 130.0
emissions: 296609927.8590471
emissions_zone: 0.9101338917850975
objective: 164500705340.72754
system_emission_rate: 0.09232820344177632
system_emissions: 98869975.95301569
system_grid_cfe_wavg: 0.8973775063995861
system_inv_H2_Electrolysis-2030: 7909.4126749440165
system_inv_H2_Fuel_Cell-2030: 1742.2820491241794
system_inv_OCGT-2030: 69100.20307043898
system_inv_battery_charger-2030: 27779.790310757064
system_inv_battery_discharger-2030: 28352.626782265972
system_inv_offwind-ac-2030: 6107.1736836113
system_inv_offwind-dc-2030: 58181.69397797554
system_inv_onwind-2030: 222282.65730912262
system_inv_solar-2030: 391704.9260137733
system_inv_solar_rooftop-2030: 0.0
zone_average_marginal_price: 131.19895630349885
