ci_average cost: 80.56249581204561
ci_average_revenue: 30.189692336666557
ci_cap_battery_charger: 555.0672917020152
ci_cap_battery_discharger: 566.5131228357894
ci_cap_onwind: 481.8893482073117
ci_cap_solar: 671.2257522467621
ci_capital_cost_battery_inverter: 13213580.317020975
ci_capital_cost_battery_storage: 21136076.23057382
ci_capital_cost_grid: 0.0
ci_capital_cost_hydrogen_electrolysis: 0.0
ci_capital_cost_hydrogen_fuel_cell: 0.0
ci_capital_cost_hydrogen_storage: 0.0
ci_capital_cost_onwind: 52712510.83063818
ci_capital_cost_solar: 32212757.31910053
ci_clean_excess_total: 392446.62175594113
ci_clean_total: 2088872.830734904
ci_clean_used_grid_total: 205558.55203168828
ci_clean_used_local_total: 1696426.2089789629
ci_clean_used_total: 1901984.761010651
ci_cost_battery_inverter: 13213580.317020975
ci_cost_battery_storage: 21136076.23057382
ci_cost_grid: 38779634.208067074
ci_cost_hydrogen_electrolysis: 0.0
ci_cost_hydrogen_fuel_cell: 0.0
ci_cost_hydrogen_storage: 0.0
ci_cost_onwind: 52734479.97174193
ci_cost_solar: 32219181.054824535
ci_demand_total: 1962239.9999999998
ci_emission_rate_local: 0.010568794203324666
ci_emission_rate_myopic: 0.017105798767130975
ci_emission_rate_true: 0.01719574018350807
ci_emissions: 33742.16921768687
ci_fraction_clean: 1.064534833014771
ci_fraction_clean_excess: 0.19999929761697915
ci_fraction_clean_used: 0.9692926252704314
ci_fraction_clean_used_grid: 0.10475708987263958
ci_fraction_clean_used_local: 0.8645355353977918
ci_generation_battery_discharger: 434644.7070386967
ci_generation_onwind: 1464609.4069170088
ci_generation_solar: 642373.5724007234
ci_marginal_cost_grid: 38779634.208067074
ci_marginal_cost_onwind: 21969.14110375514
ci_marginal_cost_solar: 6423.735724007232
ci_revenue_grid: 59239421.89070058
ci_total_cost: 158082951.78222835
co2_price: 130.0
emissions: 296610018.59403867
emissions_zone: 0.9100251941513361
objective: 164500714077.66806
system_emission_rate: 0.09232823168560082
system_emissions: 98870006.19801283
system_grid_cfe_wavg: 0.8975665885722958
system_inv_H2_Electrolysis-2030: 7909.360473117249
system_inv_H2_Fuel_Cell-2030: 1742.2798547253399
system_inv_OCGT-2030: 69100.26998184157
system_inv_battery_charger-2030: 27779.74957345188
system_inv_battery_discharger-2030: 28352.585204932326
system_inv_offwind-ac-2030: 6107.196771983746
system_inv_offwind-dc-2030: 58181.72068344164
system_inv_onwind-2030: 222281.62808149747
system_inv_solar-2030: 391706.42557515414
system_inv_solar_rooftop-2030: 0.0
zone_average_marginal_price: 131.19906270387898
