ci_average cost: 84.00624271236265
ci_average_revenue: 32.90265453539798
ci_cap_battery_charger: 684.1094866880767
ci_cap_battery_discharger: 698.2162477577748
ci_cap_onwind: 526.8103930521553
ci_cap_solar: 724.4014555882204
ci_capital_cost_battery_inverter: 16285477.06399843
ci_capital_cost_battery_storage: 26049806.182788387
ci_capital_cost_grid: 0.0
ci_capital_cost_hydrogen_electrolysis: 0.0
ci_capital_cost_hydrogen_fuel_cell: 0.0
ci_capital_cost_hydrogen_storage: 0.0
ci_capital_cost_onwind: 57626296.68566131
ci_capital_cost_solar: 34764709.50698553
ci_clean_excess_total: 392446.3399010724
ci_clean_total: 2152583.1395584894
ci_clean_used_grid_total: 162860.001239206
ci_clean_used_local_total: 1760136.7996574175
ci_clean_used_total: 1922996.8008966234
ci_cost_battery_inverter: 16285477.06399843
ci_cost_battery_storage: 26049806.182788387
ci_cost_grid: 30084946.721443962
ci_cost_hydrogen_electrolysis: 0.0
ci_cost_hydrogen_fuel_cell: 0.0
ci_cost_hydrogen_storage: 0.0
ci_cost_onwind: 57648544.19487689
ci_cost_solar: 34771635.536798805
ci_demand_total: 1962239.9999999998
ci_emission_rate_local: 0.0071091304204805444
ci_emission_rate_myopic: 0.011786834960478871
ci_emission_rate_true: 0.011830657339585668
ci_emissions: 23214.589058028578
ci_fraction_clean: 1.097002986157906
ci_fraction_clean_excess: 0.19999915397763393
ci_fraction_clean_used: 0.9800008158515898
ci_fraction_clean_used_grid: 0.08299698367131748
ci_fraction_clean_used_local: 0.8970038321802724
ci_generation_battery_discharger: 556492.4083049076
ci_generation_onwind: 1483167.281038402
ci_generation_solar: 692602.9813278351
ci_marginal_cost_grid: 30084946.721443962
ci_marginal_cost_onwind: 22247.50921557604
ci_marginal_cost_solar: 6926.02981327835
ci_revenue_grid: 64562904.83553932
ci_total_cost: 164840409.69990647
co2_price: 130.0
emissions: 296597128.8008702
emissions_zone: 0.915522127539976
objective: 164502004402.07605
system_emission_rate: 0.09232421937402883
system_emissions: 98865709.60029024
system_grid_cfe_wavg: 0.8977831491131714
system_inv_H2_Electrolysis-2030: 7919.35005661468
system_inv_H2_Fuel_Cell-2030: 1744.6582111286868
system_inv_OCGT-2030: 69080.19067398887
system_inv_battery_charger-2030: 27668.611438332802
system_inv_battery_discharger-2030: 28239.155332674145
system_inv_offwind-ac-2030: 6111.584716389987
system_inv_offwind-dc-2030: 58181.77110017483
system_inv_onwind-2030: 222307.59603187325
system_inv_solar-2030: 391663.51361662487
system_inv_solar_rooftop-2030: 0.0
zone_average_marginal_price: 131.12840626195657
