ci_average cost: 132.23067691293505
ci_average_revenue: 0.0
ci_cap_battery_charger: 0.0
ci_cap_battery_discharger: 0.0
ci_cap_onwind: 0.0
ci_cap_solar: 0.0
ci_capital_cost_battery_inverter: 0.0
ci_capital_cost_battery_storage: 0.0
ci_capital_cost_grid: 0.0
ci_capital_cost_hydrogen_electrolysis: 0.0
ci_capital_cost_hydrogen_fuel_cell: 0.0
ci_capital_cost_hydrogen_storage: 0.0
ci_capital_cost_onwind: 0.0
ci_capital_cost_solar: 0.0
ci_clean_excess_total: 0.0
ci_clean_total: 0.0
ci_clean_used_grid_total: 1764272.6313818283
ci_clean_used_local_total: 0.0
ci_clean_used_total: 1764272.6313818283
ci_cost_battery_inverter: 0.0
ci_cost_battery_storage: 0.0
ci_cost_grid: 259468323.46563762
ci_cost_hydrogen_electrolysis: 0.0
ci_cost_hydrogen_fuel_cell: 0.0
ci_cost_hydrogen_storage: 0.0
ci_cost_onwind: 0.0
ci_cost_solar: 0.0
ci_demand_total: 1962239.9999999998
ci_emission_rate_local: 0.06104795099548068
ci_emission_rate_myopic: 0.09144888745076274
ci_emission_rate_true: 0.07095529869132396
ci_emissions: 139231.3253040635
ci_fraction_clean: 0.0
ci_fraction_clean_excess: 0.0
ci_fraction_clean_used: 0.8991115415962515
ci_fraction_clean_used_grid: 0.8991115415962515
ci_fraction_clean_used_local: 0.0
ci_generation_battery_discharger: -0.0
ci_generation_onwind: 0.0
ci_generation_solar: 0.0
ci_marginal_cost_grid: 259468323.46563762
ci_marginal_cost_onwind: 0.0
ci_marginal_cost_solar: 0.0
ci_revenue_grid: 0.0
ci_total_cost: 259468323.46563762
co2_price: 130.0
emissions: 297352229.05047464
emissions_zone: 0.9219085444557895
objective: 164660805317.45502
system_emission_rate: 0.09255926561798836
system_emissions: 99117409.68349157
system_grid_cfe_wavg: 0.8952739002104956
system_inv_H2_Electrolysis-2030: 7891.173389863979
system_inv_H2_Fuel_Cell-2030: 1739.0684945418996
system_inv_OCGT-2030: 69336.05964013579
system_inv_battery_charger-2030: 28203.29451570533
system_inv_battery_discharger-2030: 28784.863906063438
system_inv_offwind-ac-2030: 6064.5962587911135
system_inv_offwind-dc-2030: 58181.74892827296
system_inv_onwind-2030: 221997.14192527242
system_inv_solar-2030: 392115.5054750062
system_inv_solar_rooftop-2030: 0.0
zone_average_marginal_price: 132.23067691293505
