ci_average cost: 81.03488455447254
ci_average_revenue: 25.598332116481487
ci_cap_battery_charger: 0.0
ci_cap_battery_discharger: 0.0
ci_cap_onwind: 700.1820913192944
ci_cap_solar: 367.3570493263685
ci_capital_cost_battery_inverter: 0.0
ci_capital_cost_battery_storage: 0.0
ci_capital_cost_grid: 0.0
ci_capital_cost_hydrogen_electrolysis: 0.0
ci_capital_cost_hydrogen_fuel_cell: 0.0
ci_capital_cost_hydrogen_storage: 0.0
ci_capital_cost_onwind: 76590935.6772273
ci_capital_cost_solar: 17629811.49010025
ci_clean_excess_total: 392446.7952058393
ci_clean_total: 1962240.0000152802
ci_clean_used_grid_total: 299447.0727001
ci_clean_used_local_total: 1569793.2048094412
ci_clean_used_total: 1869240.2775095413
ci_cost_battery_inverter: 0.0
ci_cost_battery_storage: 0.0
ci_cost_grid: 64761447.187568955
ci_cost_hydrogen_electrolysis: 0.0
ci_cost_hydrogen_fuel_cell: 0.0
ci_cost_hydrogen_storage: 0.0
ci_cost_onwind: 76615161.01704188
ci_cost_solar: 17633283.663557347
ci_demand_total: 1962239.9999999998
ci_emission_rate_local: 0.01630740192650854
ci_emission_rate_myopic: 0.0252362738600273
ci_emission_rate_true: 0.02714002636063921
ci_emissions: 53255.24532590068
ci_fraction_clean: 1.0000000000077873
ci_fraction_clean_excess: 0.19999938601080366
ci_fraction_clean_used: 0.9526053273348527
ci_fraction_clean_used_grid: 0.15260471333786899
ci_fraction_clean_used_local: 0.8000006139969837
ci_generation_battery_discharger: -0.0
ci_generation_onwind: 1615022.6543053756
ci_generation_solar: 347217.3457099045
ci_marginal_cost_grid: 64761447.187568955
ci_marginal_cost_onwind: 24225.339814580642
ci_marginal_cost_solar: 3472.1734570990443
ci_revenue_grid: 50230071.21224463
ci_total_cost: 159009891.86816818
co2_price: 130.0
emissions: 296598530.64272475
emissions_zone: 0.9166498469988013
objective: 164510823604.22818
system_emission_rate: 0.0923246557368329
system_emissions: 98866176.88090804
system_grid_cfe_wavg: 0.8972623896890161
system_inv_H2_Electrolysis-2030: 7899.6196634964635
system_inv_H2_Fuel_Cell-2030: 1740.5125594414394
system_inv_OCGT-2030: 69243.66229771668
system_inv_battery_charger-2030: 28167.864498739793
system_inv_battery_discharger-2030: 28748.70330021739
system_inv_offwind-ac-2030: 6101.419068646475
system_inv_offwind-dc-2030: 58181.783545739476
system_inv_onwind-2030: 222240.39200082858
system_inv_solar-2030: 391770.53203207895
system_inv_solar_rooftop-2030: 0.0
zone_average_marginal_price: 131.11488917474796
