ci_average cost: 181.09163139501564
ci_average_revenue: 31.1853826653037
ci_cap_battery_charger: 18603.455784018803
ci_cap_battery_discharger: 18987.07055756382
ci_cap_onwind: 52007.24017062991
ci_cap_solar: 89591.03878824513
ci_capital_cost_battery_inverter: 442862083.30259
ci_capital_cost_battery_storage: 4800496166.72134
ci_capital_cost_grid: 0.0
ci_capital_cost_hydrogen_electrolysis: 0.0
ci_capital_cost_hydrogen_fuel_cell: 0.0
ci_capital_cost_hydrogen_storage: 0.0
ci_capital_cost_onwind: 5688924689.79528
ci_capital_cost_solar: 4299558502.92063
ci_clean_excess_total: 16823576.9492703
ci_clean_total: 100941476.2263653
ci_clean_used_grid_total: 0.11645460398143516
ci_clean_used_local_total: 84117899.27709502
ci_clean_used_total: 84117899.39354962
ci_cost_battery_inverter: 442862083.30259
ci_cost_battery_storage: 4800496166.72134
ci_cost_grid: 11.618856051753674
ci_cost_hydrogen_electrolysis: 0.0
ci_cost_hydrogen_fuel_cell: 0.0
ci_cost_hydrogen_storage: 0.0
ci_cost_onwind: 5689471772.4712105
ci_cost_solar: 4300217706.408792
ci_demand_total: 84117900.0
ci_emission_rate_local: 3.382133612359394e-11
ci_emission_rate_myopic: 2.9014675657475992e-11
ci_emission_rate_true: 2.498507265410282e-11
ci_emissions: 0.002101691843010555
ci_fraction_clean: 1.1999999551387432
ci_fraction_clean_excess: 0.19999996373269305
ci_fraction_clean_used: 0.9999999927904717
ci_fraction_clean_used_grid: 1.384421199072197e-09
ci_fraction_clean_used_local: 0.9999999914060506
ci_generation_battery_discharger: 34825315.06526554
ci_generation_onwind: 36472178.39532398
ci_generation_solar: 65920348.81610594
ci_marginal_cost_grid: 11.618856051753674
ci_marginal_cost_onwind: 547082.6759298611
ci_marginal_cost_solar: 659203.4881610562
ci_revenue_grid: 2623248900.50175
ci_total_cost: 15233047740.522787
co2_price: 130.0
emissions: 287609363.2816678
emissions_zone: 43.59465707836214
objective: 172062692131.73904
system_emission_rate: 0.091876095738166
system_emissions: 95869787.76055582
system_grid_cfe_wavg: 0.8325085912267386
system_inv_H2_Electrolysis-2030: 7872.444488038781
system_inv_H2_Fuel_Cell-2030: 1739.1267293224655
system_inv_OCGT-2030: 61357.35756046068
system_inv_battery_charger-2030: 23963.11101036338
system_inv_battery_discharger-2030: 24457.245192227143
system_inv_offwind-ac-2030: 1084.0602949740794
system_inv_offwind-dc-2030: 43713.68387778089
system_inv_onwind-2030: 224524.98002205527
system_inv_solar-2030: 386060.6787500092
system_inv_solar_rooftop-2030: 0.0
zone_average_marginal_price: 134.25826462445985
