ci_average cost: 95.07722494969705
ci_average_revenue: 23.00825734677271
ci_cap_battery_charger: 10042.19463662103
ci_cap_battery_discharger: 10249.270906005975
ci_cap_onwind: 25823.52933072713
ci_cap_solar: 45217.08630114673
ci_capital_cost_battery_inverter: 239058123.89569685
ci_capital_cost_battery_storage: 827219476.4366032
ci_capital_cost_grid: 0.0
ci_capital_cost_hydrogen_electrolysis: 0.0
ci_capital_cost_hydrogen_fuel_cell: 0.0
ci_capital_cost_hydrogen_storage: 0.0
ci_capital_cost_onwind: 2824762727.3671346
ci_capital_cost_solar: 2170010645.1818438
ci_clean_excess_total: 16823577.71147175
ci_clean_total: 88708110.04359025
ci_clean_used_grid_total: 8309709.843788542
ci_clean_used_local_total: 71884532.3321185
ci_clean_used_total: 80194242.17590705
ci_cost_battery_inverter: 239058123.89569685
ci_cost_battery_storage: 827219476.4366032
ci_cost_grid: 1935514915.5659115
ci_cost_hydrogen_electrolysis: 0.0
ci_cost_hydrogen_fuel_cell: 0.0
ci_cost_hydrogen_storage: 0.0
ci_cost_onwind: 2825471618.3862576
ci_cost_solar: 2170432366.3116527
ci_demand_total: 84117900.0
ci_emission_rate_local: 0.023813130288765093
ci_emission_rate_myopic: 0.021165150420335926
ci_emission_rate_true: 0.023731363785295317
ci_emissions: 1996232.485755093
ci_fraction_clean: 1.0545687665002366
ci_fraction_clean_excess: 0.19999997279380194
ci_fraction_clean_used: 0.9533552570369332
ci_fraction_clean_used_grid: 0.09878646333049852
ci_fraction_clean_used_local: 0.8545687937064346
ci_generation_battery_discharger: 17361746.670160856
ci_generation_onwind: 47259401.27488671
ci_generation_solar: 42172112.980868176
ci_marginal_cost_grid: 1935514915.5659115
ci_marginal_cost_onwind: 708891.0191233027
ci_marginal_cost_solar: 421721.1298086797
ci_revenue_grid: 1935406290.670092
ci_total_cost: 7997696500.596122
co2_price: 130.0
emissions: 296460905.0148555
emissions_zone: 44.74601527958578
objective: 165382229265.4787
system_emission_rate: 0.09470369872865798
system_emissions: 98820301.67161843
system_grid_cfe_wavg: 0.8413018519752812
system_inv_H2_Electrolysis-2030: 8201.123965890463
system_inv_H2_Fuel_Cell-2030: 1807.0383870845264
system_inv_OCGT-2030: 65017.980762842926
system_inv_battery_charger-2030: 21933.294646145696
system_inv_battery_discharger-2030: 22385.572758151386
system_inv_offwind-ac-2030: 1084.089926838456
system_inv_offwind-dc-2030: 43365.45900126982
system_inv_onwind-2030: 225602.41611029572
system_inv_solar-2030: 384304.804219735
system_inv_solar_rooftop-2030: 0.0
zone_average_marginal_price: 133.91667060152866
