ci_average cost: 95.07724344650124
ci_average_revenue: 23.00834978968389
ci_cap_battery_charger: 10042.298562475882
ci_cap_battery_discharger: 10249.376974876282
ci_cap_onwind: 25823.599678727427
ci_cap_solar: 45216.88862493578
ci_capital_cost_battery_inverter: 239060597.88876155
ci_capital_cost_battery_storage: 827218989.1300743
ci_capital_cost_grid: 0.0
ci_capital_cost_hydrogen_electrolysis: 0.0
ci_capital_cost_hydrogen_fuel_cell: 0.0
ci_capital_cost_hydrogen_storage: 0.0
ci_capital_cost_onwind: 2824770422.5356236
ci_capital_cost_solar: 2170001158.513923
ci_clean_excess_total: 16823577.238271482
ci_clean_total: 88708103.36480042
ci_clean_used_grid_total: 8305307.020071041
ci_clean_used_local_total: 71884526.12652895
ci_clean_used_total: 80189833.1466
ci_cost_battery_inverter: 239060597.88876155
ci_cost_battery_storage: 827218989.1300743
ci_cost_grid: 1935516274.1565871
ci_cost_hydrogen_electrolysis: 0.0
ci_cost_hydrogen_fuel_cell: 0.0
ci_cost_hydrogen_storage: 0.0
ci_cost_onwind: 2825479318.5891914
ci_cost_solar: 2170422876.743832
ci_demand_total: 84117900.0
ci_emission_rate_local: 0.023809075616371925
ci_emission_rate_myopic: 0.021178287918614716
ci_emission_rate_true: 0.023733648060456507
ci_emissions: 1996424.6341846746
ci_fraction_clean: 1.0545686871022746
ci_fraction_clean_excess: 0.1999999671683611
ci_fraction_clean_used: 0.9533028421608242
ci_fraction_clean_used_grid: 0.09873412222691057
ci_fraction_clean_used_local: 0.8545687199339136
ci_generation_battery_discharger: 17363002.31631285
ci_generation_onwind: 47259736.904538654
ci_generation_solar: 42171822.99087858
ci_marginal_cost_grid: 1935516274.1565871
ci_marginal_cost_onwind: 708896.0535680817
ci_marginal_cost_solar: 421718.2299087838
ci_revenue_grid: 1935414066.7736506
ci_total_cost: 7997698056.508447
co2_price: 130.0
emissions: 296461016.91865695
emissions_zone: 44.744452045233785
objective: 165382202930.2938
system_emission_rate: 0.09470373447604873
system_emissions: 98820338.97288528
system_grid_cfe_wavg: 0.8421661993654252
system_inv_H2_Electrolysis-2030: 8201.158398223844
system_inv_H2_Fuel_Cell-2030: 1807.0371510529524
system_inv_OCGT-2030: 65017.97091832974
system_inv_battery_charger-2030: 21933.480039085942
system_inv_battery_discharger-2030: 22385.761974008816
system_inv_offwind-ac-2030: 1084.0542607799307
system_inv_offwind-dc-2030: 43365.385215126655
system_inv_onwind-2030: 225601.84773212153
system_inv_solar-2030: 384305.91661666956
system_inv_solar_rooftop-2030: 0.0
zone_average_marginal_price: 133.91670893276398
