ci_average cost: 126.31291399868768
ci_average_revenue: 28.647365810367138
ci_cap_battery_charger: 16301.999583216155
ci_cap_battery_discharger: 16638.15690533147
ci_cap_onwind: 43044.51687829813
ci_cap_solar: 61476.33345062856
ci_capital_cost_battery_inverter: 388075074.9343552
ci_capital_cost_battery_storage: 2138091453.8791938
ci_capital_cost_grid: 0.0
ci_capital_cost_hydrogen_electrolysis: 0.0
ci_capital_cost_hydrogen_fuel_cell: 0.0
ci_capital_cost_hydrogen_storage: 0.0
ci_capital_cost_onwind: 4708517776.09898
ci_capital_cost_solar: 2950307260.53725
ci_clean_excess_total: 16823576.64663942
ci_clean_total: 98356271.24256882
ci_clean_used_grid_total: 1744026.7504352494
ci_clean_used_local_total: 81532694.59592938
ci_clean_used_total: 83276721.34636463
ci_cost_battery_inverter: 388075074.9343552
ci_cost_battery_storage: 2138091453.8791938
ci_cost_grid: 438961763.8409636
ci_cost_hydrogen_electrolysis: 0.0
ci_cost_hydrogen_fuel_cell: 0.0
ci_cost_hydrogen_storage: 0.0
ci_cost_onwind: 4709202176.505433
ci_cost_solar: 2950846599.290265
ci_demand_total: 84117900.0
ci_emission_rate_local: 0.004137441267736209
ci_emission_rate_myopic: 0.004409489010755758
ci_emission_rate_true: 0.0045954318096548975
ci_emissions: 386558.0734213698
ci_fraction_clean: 1.1692668414519243
ci_fraction_clean_excess: 0.1999999601349941
ci_fraction_clean_used: 0.9900000041176091
ci_fraction_clean_used_grid: 0.020733122800679158
ci_fraction_clean_used_local: 0.96926688131693
ci_generation_battery_discharger: 28903223.619195223
ci_generation_onwind: 45626693.76355474
ci_generation_solar: 53933875.30150312
ci_marginal_cost_grid: 438961763.8409636
ci_marginal_cost_onwind: 684400.406453323
ci_marginal_cost_solar: 539338.7530150287
ci_revenue_grid: 2409756252.4998817
ci_total_cost: 10625177068.45021
co2_price: 130.0
emissions: 290631354.9091743
emissions_zone: 43.575107210897094
objective: 167545433367.52774
system_emission_rate: 0.09284146344706382
system_emissions: 96877118.3030582
system_grid_cfe_wavg: 0.8361828403531968
system_inv_H2_Electrolysis-2030: 8002.975908873592
system_inv_H2_Fuel_Cell-2030: 1766.5361422180576
system_inv_OCGT-2030: 61416.041383251955
system_inv_battery_charger-2030: 22600.948008407428
system_inv_battery_discharger-2030: 23066.993546011036
system_inv_offwind-ac-2030: 1084.1013602599853
system_inv_offwind-dc-2030: 44393.92727282191
system_inv_onwind-2030: 225256.17748757728
system_inv_solar-2030: 386250.6332180629
system_inv_solar_rooftop-2030: 0.0
zone_average_marginal_price: 132.61956668896923
