ci_average cost: 95.07733853094778
ci_average_revenue: 23.008218278582554
ci_cap_battery_charger: 10042.759463740573
ci_cap_battery_discharger: 10249.847380210342
ci_cap_onwind: 25823.984294676065
ci_cap_solar: 45215.90225681346
ci_capital_cost_battery_inverter: 239071569.8122927
ci_capital_cost_battery_storage: 827214896.2101189
ci_capital_cost_grid: 0.0
ci_capital_cost_hydrogen_electrolysis: 0.0
ci_capital_cost_hydrogen_fuel_cell: 0.0
ci_capital_cost_hydrogen_storage: 0.0
ci_capital_cost_onwind: 2824812494.584806
ci_capital_cost_solar: 2169953821.776849
ci_clean_excess_total: 16823578.04422132
ci_clean_total: 88708064.81937742
ci_clean_used_grid_total: 8344786.883038908
ci_clean_used_local_total: 71884486.77515611
ci_clean_used_total: 80229273.65819502
ci_cost_battery_inverter: 239071569.8122927
ci_cost_battery_storage: 827214896.2101189
ci_cost_grid: 1935522653.7900693
ci_cost_hydrogen_electrolysis: 0.0
ci_cost_hydrogen_fuel_cell: 0.0
ci_cost_hydrogen_storage: 0.0
ci_cost_onwind: 2825521403.3344054
ci_cost_solar: 2170375531.6655254
ci_demand_total: 84117900.0
ci_emission_rate_local: 0.023809504131177862
ci_emission_rate_myopic: 0.02116364006472441
ci_emission_rate_true: 0.023731043997022524
ci_emissions: 1996205.5858371411
ci_fraction_clean: 1.0545682288713512
ci_fraction_clean_excess: 0.19999997674955414
ci_fraction_clean_used: 0.953771713965696
ci_fraction_clean_used_grid: 0.09920346184389896
ci_fraction_clean_used_local: 0.854568252121797
ci_generation_battery_discharger: 17364222.103300788
ci_generation_onwind: 47260583.30663529
ci_generation_solar: 42170988.8676835
ci_marginal_cost_grid: 1935522653.7900693
ci_marginal_cost_onwind: 708908.7495995313
ci_marginal_cost_solar: 421709.88867683295
ci_revenue_grid: 1935403004.3359795
ci_total_cost: 7997706054.812413
co2_price: 130.0
emissions: 296461246.05968696
emissions_zone: 44.741440392886275
objective: 165382183538.3681
system_emission_rate: 0.09470380767458124
system_emissions: 98820415.35322905
system_grid_cfe_wavg: 0.8449477819512965
system_inv_H2_Electrolysis-2030: 8200.975705528304
system_inv_H2_Fuel_Cell-2030: 1806.9840366871565
system_inv_OCGT-2030: 65017.94618677612
system_inv_battery_charger-2030: 21933.080832740587
system_inv_battery_discharger-2030: 22385.354535781513
system_inv_offwind-ac-2030: 1084.0530405287209
system_inv_offwind-dc-2030: 43365.32754285446
system_inv_onwind-2030: 225602.6795035497
system_inv_solar-2030: 384305.5499032419
system_inv_solar_rooftop-2030: 0.0
zone_average_marginal_price: 133.91654713930905
