ci_average cost: 95.07733766593965
ci_average_revenue: 23.00842513469847
ci_cap_battery_charger: 10042.448572625188
ci_cap_battery_discharger: 10249.530078327722
ci_cap_onwind: 25823.762783215978
ci_cap_solar: 45216.523911172335
ci_capital_cost_battery_inverter: 239064168.9353461
ci_capital_cost_battery_storage: 827216811.0271224
ci_capital_cost_grid: 0.0
ci_capital_cost_hydrogen_electrolysis: 0.0
ci_capital_cost_hydrogen_fuel_cell: 0.0
ci_capital_cost_hydrogen_storage: 0.0
ci_capital_cost_onwind: 2824788264.0736265
ci_capital_cost_solar: 2169983655.556217
ci_clean_excess_total: 16823577.603562098
ci_clean_total: 88708089.81942752
ci_clean_used_grid_total: 8331427.68062553
ci_clean_used_local_total: 71884512.21586542
ci_clean_used_total: 80215939.89649095
ci_cost_battery_inverter: 239064168.9353461
ci_cost_battery_storage: 827216811.0271224
ci_cost_grid: 1935522468.8177104
ci_cost_hydrogen_electrolysis: 0.0
ci_cost_hydrogen_fuel_cell: 0.0
ci_cost_hydrogen_storage: 0.0
ci_cost_onwind: 2825497160.812178
ci_cost_solar: 2170405372.457388
ci_demand_total: 84117900.0
ci_emission_rate_local: 0.02381248123503576
ci_emission_rate_myopic: 0.021173055542199094
ci_emission_rate_true: 0.023733498349894275
ci_emissions: 1996412.0408465718
ci_fraction_clean: 1.0545685260738502
ci_fraction_clean_excess: 0.19999997151096374
ci_fraction_clean_used: 0.9536132011913153
ci_fraction_clean_used_grid: 0.09904464662842903
ci_fraction_clean_used_local: 0.8545685545628864
ci_generation_battery_discharger: 17361234.402834505
ci_generation_onwind: 47259782.57011263
ci_generation_solar: 42171690.117063224
ci_marginal_cost_grid: 1935522468.8177104
ci_marginal_cost_onwind: 708896.7385516914
ci_marginal_cost_solar: 421716.9011706302
ci_revenue_grid: 1935420404.6380525
ci_total_cost: 7997705982.049745
co2_price: 130.0
emissions: 296460969.6230408
emissions_zone: 44.74319087334722
objective: 165382213919.4435
system_emission_rate: 0.09470371936758211
system_emissions: 98820323.20768023
system_grid_cfe_wavg: 0.8449133712467534
system_inv_H2_Electrolysis-2030: 8201.123951328427
system_inv_H2_Fuel_Cell-2030: 1807.0309163404631
system_inv_OCGT-2030: 65017.96439154773
system_inv_battery_charger-2030: 21933.609884561683
system_inv_battery_discharger-2030: 22385.894496978635
system_inv_offwind-ac-2030: 1084.072490744133
system_inv_offwind-dc-2030: 43365.44422603775
system_inv_onwind-2030: 225601.1395505639
system_inv_solar-2030: 384307.3291392727
system_inv_solar_rooftop-2030: 0.0
zone_average_marginal_price: 133.9167474390198
