ci_average cost: 106.95281640737319
ci_average_revenue: 25.804037806411245
ci_cap_battery_charger: 14611.141117511057
ci_cap_battery_discharger: 14912.431891445829
ci_cap_onwind: 34746.21039254328
ci_cap_solar: 52988.693828299336
ci_capital_cost_battery_inverter: 347823569.44066906
ci_capital_cost_battery_storage: 1377142225.641817
ci_capital_cost_grid: 0.0
ci_capital_cost_hydrogen_electrolysis: 0.0
ci_capital_cost_hydrogen_fuel_cell: 0.0
ci_capital_cost_hydrogen_storage: 0.0
ci_capital_cost_onwind: 3800789534.8884587
ci_capital_cost_solar: 2542977424.858419
ci_clean_excess_total: 16823577.272542477
ci_clean_total: 95548515.99095058
ci_clean_used_grid_total: 3710603.2784631867
ci_clean_used_local_total: 78724938.71840811
ci_clean_used_total: 82435541.9968713
ci_cost_battery_inverter: 347823569.44066906
ci_cost_battery_storage: 1377142225.641817
ci_cost_grid: 926704588.6265469
ci_cost_hydrogen_electrolysis: 0.0
ci_cost_hydrogen_fuel_cell: 0.0
ci_cost_hydrogen_storage: 0.0
ci_cost_onwind: 3801517464.0451565
ci_cost_solar: 2543458467.5195866
ci_demand_total: 84117900.0
ci_emission_rate_local: 0.00895808192453673
ci_emission_rate_myopic: 0.008896283203470507
ci_emission_rate_true: 0.009566406106776495
ci_emissions: 804705.9922492146
ci_fraction_clean: 1.1358880332360959
ci_fraction_clean_excess: 0.1999999675757773
ci_fraction_clean_used: 0.9799999999628057
ci_fraction_clean_used_grid: 0.04411193430248719
ci_fraction_clean_used_local: 0.9358880656603186
ci_generation_battery_discharger: 26024722.055895988
ci_generation_onwind: 48528610.446509525
ci_generation_solar: 48104266.116757184
ci_marginal_cost_grid: 926704588.6265469
ci_marginal_cost_onwind: 727929.1566976449
ci_marginal_cost_solar: 481042.6611675695
ci_revenue_grid: 2170581471.7959204
ci_total_cost: 8996646315.273777
co2_price: 130.0
emissions: 292994922.7570018
emissions_zone: 44.39857661810858
objective: 166084107379.33353
system_emission_rate: 0.09359649931722086
system_emissions: 97664974.25233416
system_grid_cfe_wavg: 0.8394344966515197
system_inv_H2_Electrolysis-2030: 8073.296108073328
system_inv_H2_Fuel_Cell-2030: 1784.6964283748052
system_inv_OCGT-2030: 62192.195417034054
system_inv_battery_charger-2030: 22844.251968764303
system_inv_battery_discharger-2030: 23315.31458463222
system_inv_offwind-ac-2030: 1084.0666226693975
system_inv_offwind-dc-2030: 43907.47228978492
system_inv_onwind-2030: 224545.0557387978
system_inv_solar-2030: 386858.5606718363
system_inv_solar_rooftop-2030: 0.0
zone_average_marginal_price: 132.19236268036937
