ci_average cost: 142.98388195703293
ci_average_revenue: 0.0
ci_cap_battery_charger: 0.0
ci_cap_battery_discharger: 0.0
ci_cap_onwind: 0.0
ci_cap_solar: 0.0
ci_capital_cost_battery_inverter: 0.0
ci_capital_cost_battery_storage: 0.0
ci_capital_cost_grid: 0.0
ci_capital_cost_hydrogen_electrolysis: 0.0
ci_capital_cost_hydrogen_fuel_cell: 0.0
ci_capital_cost_hydrogen_storage: 0.0
ci_capital_cost_onwind: 0.0
ci_capital_cost_solar: 0.0
ci_clean_excess_total: 0.0
ci_clean_total: 0.0
ci_clean_used_grid_total: 67307375.39702043
ci_clean_used_local_total: 0.0
ci_clean_used_total: 67307375.39702043
ci_cost_battery_inverter: 0.0
ci_cost_battery_storage: 0.0
ci_cost_grid: 12027503884.073502
ci_cost_hydrogen_electrolysis: 0.0
ci_cost_hydrogen_fuel_cell: 0.0
ci_cost_hydrogen_storage: 0.0
ci_cost_onwind: 0.0
ci_cost_solar: 0.0
ci_demand_total: 84117900.0
ci_emission_rate_local: 0.1374346637866817
ci_emission_rate_myopic: 0.10480246814834597
ci_emission_rate_true: 0.12163026327494025
ci_emissions: 10231282.323135097
ci_fraction_clean: 0.0
ci_fraction_clean_excess: 0.0
ci_fraction_clean_used: 0.8001552035538266
ci_fraction_clean_used_grid: 0.8001552035538266
ci_fraction_clean_used_local: 0.0
ci_generation_battery_discharger: -0.0
ci_generation_onwind: 0.0
ci_generation_solar: 0.0
ci_marginal_cost_grid: 12027503884.073502
ci_marginal_cost_onwind: 0.0
ci_marginal_cost_solar: 0.0
ci_revenue_grid: 0.0
ci_total_cost: 12027503884.073502
co2_price: 130.0
emissions: 331150578.807767
emissions_zone: 57.395808109276324
objective: 171210688135.52905
system_emission_rate: 0.10578522873921604
system_emissions: 110383526.26925564
system_grid_cfe_wavg: 0.7960684096168145
system_inv_H2_Electrolysis-2030: 7906.966590214133
system_inv_H2_Fuel_Cell-2030: 1732.2096910377777
system_inv_OCGT-2030: 72514.2381578829
system_inv_battery_charger-2030: 27472.810522849482
system_inv_battery_discharger-2030: 28039.316881115537
system_inv_offwind-ac-2030: 1084.111978968322
system_inv_offwind-dc-2030: 42200.75089379901
system_inv_onwind-2030: 220460.31184727617
system_inv_solar-2030: 393094.8729824085
system_inv_solar_rooftop-2030: 0.0
zone_average_marginal_price: 142.98388195703293
