ci_average cost: 105.75079519825651
ci_average_revenue: 24.363515394201738
ci_cap_battery_charger: 0.0
ci_cap_battery_discharger: 0.0
ci_cap_onwind: 44877.35226339807
ci_cap_solar: 25860.210362715454
ci_capital_cost_battery_inverter: 0.0
ci_capital_cost_battery_storage: 0.0
ci_capital_cost_grid: 0.0
ci_capital_cost_hydrogen_electrolysis: 0.0
ci_capital_cost_hydrogen_fuel_cell: 0.0
ci_capital_cost_hydrogen_storage: 0.0
ci_capital_cost_onwind: 4909006447.299685
ci_capital_cost_solar: 1241055900.8600075
ci_clean_excess_total: 16823579.167948574
ci_clean_total: 84117900.00006449
ci_clean_used_grid_total: 11523283.394537576
ci_clean_used_local_total: 67294320.83211592
ci_clean_used_total: 78817604.22665349
ci_cost_battery_inverter: 0.0
ci_cost_battery_storage: 0.0
ci_cost_grid: 2744328290.7070932
ci_cost_hydrogen_electrolysis: 0.0
ci_cost_hydrogen_fuel_cell: 0.0
ci_cost_hydrogen_storage: 0.0
ci_cost_onwind: 4909915439.921595
ci_cost_solar: 1241291084.7787347
ci_demand_total: 84117900.0
ci_emission_rate_local: 0.03267507368700196
ci_emission_rate_myopic: 0.027349430712826785
ci_emission_rate_true: 0.034755763382906056
ci_emissions: 2923581.8286669534
ci_fraction_clean: 1.0000000000007667
ci_fraction_clean_excess: 0.1999999901085093
ci_fraction_clean_used: 0.9369896802779609
ci_fraction_clean_used_grid: 0.1369896703857036
ci_fraction_clean_used_local: 0.8000000098922574
ci_generation_battery_discharger: -0.0
ci_generation_onwind: 60599508.12733878
ci_generation_solar: 23518391.8727257
ci_marginal_cost_grid: 2744328290.7070932
ci_marginal_cost_onwind: 908992.6219100843
ci_marginal_cost_solar: 235183.91872725586
ci_revenue_grid: 2049407751.5779223
ci_total_cost: 8895534815.407421
co2_price: 130.0
emissions: 296501434.4094354
emissions_zone: 47.483936910791115
objective: 166265896900.71814
system_emission_rate: 0.094716645742949
system_emissions: 98833811.46981175
system_grid_cfe_wavg: 0.8434105092661133
system_inv_H2_Electrolysis-2030: 7825.246413016614
system_inv_H2_Fuel_Cell-2030: 1722.0417404261077
system_inv_OCGT-2030: 67632.90966903357
system_inv_battery_charger-2030: 27789.688030905727
system_inv_battery_discharger-2030: 28362.728599530645
system_inv_offwind-ac-2030: 1084.1817423416185
system_inv_offwind-dc-2030: 44430.30690677598
system_inv_onwind-2030: 222560.6409039469
system_inv_solar-2030: 386792.3066557674
system_inv_solar_rooftop-2030: 0.0
zone_average_marginal_price: 134.3011183540169
