ci_average cost: 204.42213899623087
ci_average_revenue: 36.6848155051339
ci_cap_battery_charger: 2857.604297860677
ci_cap_battery_discharger: 2916.5298672995978
ci_cap_onwind: 4704.9144936405255
ci_cap_solar: 13113.072717323128
ci_capital_cost_battery_inverter: 68026317.65288234
ci_capital_cost_battery_storage: 782752100.0899253
ci_capital_cost_grid: 0.0
ci_capital_cost_hydrogen_electrolysis: 0.0
ci_capital_cost_hydrogen_fuel_cell: 0.0
ci_capital_cost_hydrogen_storage: 0.0
ci_capital_cost_onwind: 514657269.6115256
ci_capital_cost_solar: 629308735.1564522
ci_clean_excess_total: 1951727.4907236318
ci_clean_total: 11710367.473966751
ci_clean_used_grid_total: 0.05540183545658581
ci_clean_used_local_total: 9758639.98324312
ci_clean_used_total: 9758640.038644956
ci_cost_battery_inverter: 68026317.65288234
ci_cost_battery_storage: 782752100.0899253
ci_cost_grid: 6.542593017916307
ci_cost_hydrogen_electrolysis: 0.0
ci_cost_hydrogen_fuel_cell: 0.0
ci_cost_hydrogen_storage: 0.0
ci_cost_onwind: 514713260.67413366
ci_cost_solar: 629390377.5346442
ci_demand_total: 9758640.0
ci_emission_rate_local: 3.077395483446294e-11
ci_emission_rate_myopic: 3.8577697203375026e-11
ci_emission_rate_true: 4.8053737079113845e-11
ci_emissions: 0.0004689391208097236
ci_fraction_clean: 1.1999999460956394
ci_fraction_clean_excess: 0.19999994781277225
ci_fraction_clean_used: 1.000000003960076
ci_fraction_clean_used_grid: 5.677208653724885e-09
ci_fraction_clean_used_local: 0.9999999982828673
ci_generation_battery_discharger: 4478600.215848373
ci_generation_onwind: 3732737.5072027445
ci_generation_solar: 8164237.819205264
ci_marginal_cost_grid: 6.542593017916307
ci_marginal_cost_onwind: 55991.06260804107
ci_marginal_cost_solar: 81642.3781920527
ci_revenue_grid: 357993907.98101985
ci_total_cost: 1994882062.4941785
co2_price: 130.0
emissions: 295809346.23599416
emissions_zone: 11.752733653661897
objective: 165534274067.75903
system_emission_rate: 0.09230300532473185
system_emissions: 98603115.41199839
system_grid_cfe_wavg: 0.807124615502459
system_inv_H2_Electrolysis-2030: 7991.8506613412255
system_inv_H2_Fuel_Cell-2030: 1760.9498395160365
system_inv_OCGT-2030: 68087.18232773668
system_inv_battery_charger-2030: 26630.171763817074
system_inv_battery_discharger-2030: 27179.302389290293
system_inv_offwind-ac-2030: 6089.547878700293
system_inv_offwind-dc-2030: 58181.660269807486
system_inv_onwind-2030: 219429.77325644292
system_inv_solar-2030: 388435.7442234902
system_inv_solar_rooftop-2030: 0.0
zone_average_marginal_price: 148.8400036962019
