ci_average cost: 95.38820162705963
ci_average_revenue: 31.670855485935213
ci_cap_battery_charger: 2012.8468756768712
ci_cap_battery_discharger: 2054.35302417735
ci_cap_onwind: 3086.8051080452724
ci_cap_solar: 4785.901888899392
ci_capital_cost_battery_inverter: 47916557.60523443
ci_capital_cost_battery_storage: 98361138.37956598
ci_capital_cost_grid: 0.0
ci_capital_cost_hydrogen_electrolysis: 0.0
ci_capital_cost_hydrogen_fuel_cell: 0.0
ci_capital_cost_hydrogen_storage: 0.0
ci_capital_cost_onwind: 337656867.277144
ci_capital_cost_solar: 229679948.33944428
ci_clean_excess_total: 1951726.549601858
ci_clean_total: 10306548.507450178
ci_clean_used_grid_total: 884543.2803319584
ci_clean_used_local_total: 8354821.957848322
ci_clean_used_total: 9239365.23818028
ci_cost_battery_inverter: 47916557.60523443
ci_cost_battery_storage: 98361138.37956598
ci_cost_grid: 217110904.11229482
ci_cost_hydrogen_electrolysis: 0.0
ci_cost_hydrogen_fuel_cell: 0.0
ci_cost_hydrogen_storage: 0.0
ci_cost_onwind: 337746380.6560315
ci_cost_solar: 229724139.17276257
ci_demand_total: 9758640.0
ci_emission_rate_local: 0.02287340224701124
ci_emission_rate_myopic: 0.01881578168743775
ci_emission_rate_true: 0.03277820473608827
ci_emissions: 319870.69986578054
ci_fraction_clean: 1.0561459903685533
ci_fraction_clean_excess: 0.19999985137292267
ci_fraction_clean_used: 0.9467882039075404
ci_fraction_clean_used_grid: 0.0906420649119097
ci_fraction_clean_used_local: 0.8561461389956307
ci_generation_battery_discharger: 1922247.0513537377
ci_generation_onwind: 5967558.592497762
ci_generation_solar: 4419083.33182943
ci_marginal_cost_grid: 217110904.11229482
ci_marginal_cost_onwind: 89513.37888746629
ci_marginal_cost_solar: 44190.833318294324
ci_revenue_grid: 309064477.1792668
ci_total_cost: 930859119.9258891
co2_price: 130.0
emissions: 296497054.0868547
emissions_zone: 13.084896648093624
objective: 164516603975.0799
system_emission_rate: 0.09251759456008717
system_emissions: 98832351.36228487
system_grid_cfe_wavg: 0.7945197526639078
system_inv_H2_Electrolysis-2030: 7971.272940746649
system_inv_H2_Fuel_Cell-2030: 1753.779018058103
system_inv_OCGT-2030: 68799.3978081032
system_inv_battery_charger-2030: 26771.720114037606
system_inv_battery_discharger-2030: 27323.769554108818
system_inv_offwind-ac-2030: 6108.021187847895
system_inv_offwind-dc-2030: 58181.68278571313
system_inv_onwind-2030: 219499.36092154478
system_inv_solar-2030: 388419.3981835908
system_inv_solar_rooftop-2030: 0.0
zone_average_marginal_price: 148.47288280986402
