ci_average cost: 95.38774520345275
ci_average_revenue: 31.67049800021587
ci_cap_battery_charger: 2012.7015783457875
ci_cap_battery_discharger: 2054.2047307253624
ci_cap_onwind: 3086.7595780345528
ci_cap_solar: 4786.039284333201
ci_capital_cost_battery_inverter: 47913098.749014966
ci_capital_cost_battery_storage: 98362133.08260001
ci_capital_cost_grid: 0.0
ci_capital_cost_hydrogen_electrolysis: 0.0
ci_capital_cost_hydrogen_fuel_cell: 0.0
ci_capital_cost_hydrogen_storage: 0.0
ci_capital_cost_onwind: 337651886.8782369
ci_capital_cost_solar: 229686542.0759796
ci_clean_excess_total: 1951726.4231922568
ci_clean_total: 10306566.39104111
ci_clean_used_grid_total: 882997.3691098975
ci_clean_used_local_total: 8354839.967848854
ci_clean_used_total: 9237837.336958751
ci_cost_battery_inverter: 47913098.749014966
ci_cost_battery_storage: 98362133.08260001
ci_cost_grid: 217107301.2199213
ci_cost_hydrogen_electrolysis: 0.0
ci_cost_hydrogen_fuel_cell: 0.0
ci_cost_hydrogen_storage: 0.0
ci_cost_onwind: 337741400.07640404
ci_cost_solar: 229730732.72428185
ci_demand_total: 9758640.0
ci_emission_rate_local: 0.022860812952275822
ci_emission_rate_myopic: 0.018808869795119507
ci_emission_rate_true: 0.03276240736850445
ci_emissions: 319716.53904258215
ci_fraction_clean: 1.0561478229590506
ci_fraction_clean_excess: 0.19999983841931426
ci_fraction_clean_used: 0.9466316348342342
ci_fraction_clean_used_grid: 0.09048365029449774
ci_fraction_clean_used_local: 0.8561479845397365
ci_generation_battery_discharger: 1921084.6510953659
ci_generation_onwind: 5967546.544475876
ci_generation_solar: 4419064.830225518
ci_marginal_cost_grid: 217107301.2199213
ci_marginal_cost_onwind: 89513.19816713799
ci_marginal_cost_solar: 44190.64830225521
ci_revenue_grid: 309060988.60482657
ci_total_cost: 930854665.8522222
co2_price: 130.0
emissions: 296497176.4075129
emissions_zone: 13.07423257702856
objective: 164516605313.91443
system_emission_rate: 0.09251763272847001
system_emissions: 98832392.13583764
system_grid_cfe_wavg: 0.7939097328681087
system_inv_H2_Electrolysis-2030: 7971.492624896727
system_inv_H2_Fuel_Cell-2030: 1753.8242069413318
system_inv_OCGT-2030: 68799.29214360147
system_inv_battery_charger-2030: 26771.795564482873
system_inv_battery_discharger-2030: 27323.846560388967
system_inv_offwind-ac-2030: 6108.0165117026045
system_inv_offwind-dc-2030: 58181.68557990375
system_inv_onwind-2030: 219498.1328571145
system_inv_solar-2030: 388420.71658742405
system_inv_solar_rooftop-2030: 0.0
zone_average_marginal_price: 148.47304809887072
