ci_average cost: 95.4177051215223
ci_average_revenue: 31.70312174386992
ci_cap_battery_charger: 2020.3404980700077
ci_cap_battery_discharger: 2062.0011697026807
ci_cap_onwind: 3072.7639913969224
ci_cap_solar: 4831.5729202863695
ci_capital_cost_battery_inverter: 48094946.0327952
ci_capital_cost_battery_storage: 99445637.00914739
ci_capital_cost_grid: 0.0
ci_capital_cost_hydrogen_electrolysis: 0.0
ci_capital_cost_hydrogen_fuel_cell: 0.0
ci_capital_cost_hydrogen_storage: 0.0
ci_capital_cost_onwind: 336120949.2989737
ci_capital_cost_solar: 231871744.23770544
ci_clean_excess_total: 1951726.1224929155
ci_clean_total: 10317566.368280541
ci_clean_used_grid_total: 904870.4191435731
ci_clean_used_local_total: 8365840.245787626
ci_clean_used_total: 9270710.664931199
ci_cost_battery_inverter: 48094946.0327952
ci_cost_battery_storage: 99445637.00914739
ci_cost_grid: 215480075.8261826
ci_cost_hydrogen_electrolysis: 0.0
ci_cost_hydrogen_fuel_cell: 0.0
ci_cost_hydrogen_storage: 0.0
ci_cost_onwind: 336210047.36850244
ci_cost_solar: 231916327.67046484
ci_demand_total: 9758640.0
ci_emission_rate_local: 0.022643002954193685
ci_emission_rate_myopic: 0.0183751213207806
ci_emission_rate_true: 0.03217803423113018
ci_emissions: 314013.85196927626
ci_fraction_clean: 1.0572750268767515
ci_fraction_clean_excess: 0.1999998076056618
ci_fraction_clean_used: 0.9500002730842821
ci_fraction_clean_used_grid: 0.09272505381319253
ci_fraction_clean_used_local: 0.8572752192710896
ci_generation_battery_discharger: 1935562.1111115343
ci_generation_onwind: 5939871.301916197
ci_generation_solar: 4458343.275941392
ci_marginal_cost_grid: 215480075.8261826
ci_marginal_cost_onwind: 89098.06952874281
ci_marginal_cost_solar: 44583.432759413954
ci_revenue_grid: 309379351.97459877
ci_total_cost: 931147033.9070925
co2_price: 130.0
emissions: 296496854.0093178
emissions_zone: 13.01598216292141
objective: 164516610216.3134
system_emission_rate: 0.092517532128801
system_emissions: 98832284.6697726
system_grid_cfe_wavg: 0.8007958823655107
system_inv_H2_Electrolysis-2030: 7971.549502300709
system_inv_H2_Fuel_Cell-2030: 1753.8403324973576
system_inv_OCGT-2030: 68792.10158952858
system_inv_battery_charger-2030: 26768.838312583408
system_inv_battery_discharger-2030: 27320.82832812484
system_inv_offwind-ac-2030: 6108.408107628957
system_inv_offwind-dc-2030: 58181.66525732329
system_inv_onwind-2030: 219500.53715912145
system_inv_solar-2030: 388414.6313742007
system_inv_solar_rooftop-2030: 0.0
zone_average_marginal_price: 148.47362178745087
