ci_average cost: 95.38780282305977
ci_average_revenue: 31.670624543524273
ci_cap_battery_charger: 2012.742864397716
ci_cap_battery_discharger: 2054.246868121237
ci_cap_onwind: 3086.8096168474417
ci_cap_solar: 4785.901620090513
ci_capital_cost_battery_inverter: 47914081.5786129
ci_capital_cost_battery_storage: 98361032.72389099
ci_capital_cost_grid: 0.0
ci_capital_cost_hydrogen_electrolysis: 0.0
ci_capital_cost_hydrogen_fuel_cell: 0.0
ci_capital_cost_hydrogen_storage: 0.0
ci_capital_cost_onwind: 337657360.482242
ci_capital_cost_solar: 229679935.43905243
ci_clean_excess_total: 1951725.9983032374
ci_clean_total: 10306549.887548592
ci_clean_used_grid_total: 886586.4270567968
ci_clean_used_local_total: 8354823.889245355
ci_clean_used_total: 9241410.31630215
ci_cost_battery_inverter: 47914081.5786129
ci_cost_battery_storage: 98361032.72389099
ci_cost_grid: 217109110.47354785
ci_cost_hydrogen_electrolysis: 0.0
ci_cost_hydrogen_fuel_cell: 0.0
ci_cost_hydrogen_storage: 0.0
ci_cost_onwind: 337746879.4464215
ci_cost_solar: 229724123.9187508
ci_demand_total: 9758640.0
ci_emission_rate_local: 0.022875140175997625
ci_emission_rate_myopic: 0.018811154338681156
ci_emission_rate_true: 0.03278014719610628
ci_emissions: 319889.65563381056
ci_fraction_clean: 1.0561461317917857
ci_fraction_clean_excess: 0.19999979487953623
ci_fraction_clean_used: 0.94699776980216
ci_fraction_clean_used_grid: 0.09085143288991057
ci_fraction_clean_used_local: 0.8561463369122495
ci_generation_battery_discharger: 1925501.717034062
ci_generation_onwind: 5967930.94530256
ci_generation_solar: 4418847.969837422
ci_marginal_cost_grid: 217109110.47354785
ci_marginal_cost_onwind: 89518.96417953825
ci_marginal_cost_solar: 44188.47969837425
ci_revenue_grid: 309062223.4954177
ci_total_cost: 930855228.141224
co2_price: 130.0
emissions: 296497009.9751744
emissions_zone: 13.072232032207065
objective: 164516611968.9586
system_emission_rate: 0.09251758079567875
system_emissions: 98832336.65839146
system_grid_cfe_wavg: 0.7961495624909464
system_inv_H2_Electrolysis-2030: 7971.482232662392
system_inv_H2_Fuel_Cell-2030: 1753.8138154632063
system_inv_OCGT-2030: 68799.41560103568
system_inv_battery_charger-2030: 26771.962136606904
system_inv_battery_discharger-2030: 27324.016567333307
system_inv_offwind-ac-2030: 6108.02535603891
system_inv_offwind-dc-2030: 58181.684145658364
system_inv_onwind-2030: 219498.39248467283
system_inv_solar-2030: 388420.25481012336
system_inv_solar_rooftop-2030: 0.0
zone_average_marginal_price: 148.47281060570458
