ci_average cost: 127.46449663661038
ci_average_revenue: 34.39818484776771
ci_cap_battery_charger: 2209.955479126605
ci_cap_battery_discharger: 2255.5261290376825
ci_cap_onwind: 4815.133529672261
ci_cap_solar: 4534.751369335009
ci_capital_cost_battery_inverter: 52608800.152750835
ci_capital_cost_battery_storage: 392561762.0856331
ci_capital_cost_grid: 0.0
ci_capital_cost_hydrogen_electrolysis: 0.0
ci_capital_cost_hydrogen_fuel_cell: 0.0
ci_capital_cost_hydrogen_storage: 0.0
ci_capital_cost_onwind: 526713817.7634592
ci_capital_cost_solar: 217626997.88244322
ci_clean_excess_total: 1951727.3842378082
ci_clean_total: 11368731.840821162
ci_clean_used_grid_total: 244049.51711677873
ci_clean_used_local_total: 9417004.456583355
ci_clean_used_total: 9661053.973700134
ci_cost_battery_inverter: 52608800.152750835
ci_cost_battery_storage: 392561762.0856331
ci_cost_grid: 54218051.71299001
ci_cost_hydrogen_electrolysis: 0.0
ci_cost_hydrogen_fuel_cell: 0.0
ci_cost_hydrogen_storage: 0.0
ci_cost_onwind: 526821915.65733206
ci_cost_solar: 217669605.84918565
ci_demand_total: 9758640.0
ci_emission_rate_local: 0.006997150237555146
ci_emission_rate_myopic: 0.0036672084370407464
ci_emission_rate_true: 0.008284509262046309
ci_emissions: 80845.5434649756
ci_fraction_clean: 1.1649914169209195
ci_fraction_clean_excess: 0.199999936900819
ci_fraction_clean_used: 0.9900000382942843
ci_fraction_clean_used_grid: 0.02500855827418357
ci_fraction_clean_used_local: 0.9649914800201006
ci_generation_battery_discharger: 2366192.410427518
ci_generation_onwind: 7206526.258189896
ci_generation_solar: 4260796.674242934
ci_marginal_cost_grid: 54218051.71299001
ci_marginal_cost_onwind: 108097.89387284826
ci_marginal_cost_solar: 42607.96674242937
ci_revenue_grid: 335679502.5828199
ci_total_cost: 1243880135.4578915
co2_price: 130.0
emissions: 295956110.2158274
emissions_zone: 12.561563614650376
objective: 164807538306.82794
system_emission_rate: 0.09234880089064024
system_emissions: 98652036.7386089
system_grid_cfe_wavg: 0.8071757122583811
system_inv_H2_Electrolysis-2030: 7944.911530936283
system_inv_H2_Fuel_Cell-2030: 1749.8799182980608
system_inv_OCGT-2030: 68293.77929431855
system_inv_battery_charger-2030: 27054.224986881723
system_inv_battery_discharger-2030: 27612.099852297542
system_inv_offwind-ac-2030: 6089.378920694129
system_inv_offwind-dc-2030: 58181.662140295615
system_inv_onwind-2030: 219276.8351770112
system_inv_solar-2030: 388812.7473963443
system_inv_solar_rooftop-2030: 0.0
zone_average_marginal_price: 148.90478801571788
