ci_average cost: 110.70625279392925
ci_average_revenue: 34.081907495724195
ci_cap_battery_charger: 2110.269822180793
ci_cap_battery_discharger: 2153.7848921416225
ci_cap_onwind: 4062.555453696396
ci_cap_solar: 5386.712032396647
ci_capital_cost_battery_inverter: 50235746.55330434
ci_capital_cost_battery_storage: 231424177.38245007
ci_capital_cost_grid: 0.0
ci_capital_cost_hydrogen_electrolysis: 0.0
ci_capital_cost_hydrogen_fuel_cell: 0.0
ci_capital_cost_hydrogen_storage: 0.0
ci_capital_cost_onwind: 444391433.738253
ci_capital_cost_solar: 258513394.1399803
ci_clean_excess_total: 1951727.1901267525
ci_clean_total: 11106852.591478145
ci_clean_used_grid_total: 408342.34368749795
ci_clean_used_local_total: 9155125.401351392
ci_clean_used_total: 9563467.74503889
ci_cost_battery_inverter: 50235746.55330434
ci_cost_battery_storage: 231424177.38245007
ci_cost_grid: 95634650.6975619
ci_cost_hydrogen_electrolysis: 0.0
ci_cost_hydrogen_fuel_cell: 0.0
ci_cost_hydrogen_storage: 0.0
ci_cost_onwind: 444484208.38754684
ci_cost_solar: 258563683.7440867
ci_demand_total: 9758640.0
ci_emission_rate_local: 0.013615976540385495
ci_emission_rate_myopic: 0.007123400269069111
ci_emission_rate_true: 0.015957312357505648
ci_emissions: 155721.66666444892
ci_fraction_clean: 1.138155787228358
ci_fraction_clean_excess: 0.19999991700961942
ci_fraction_clean_used: 0.9800000558519312
ci_fraction_clean_used_grid: 0.04184418563319253
ci_fraction_clean_used_local: 0.9381558702187387
ci_generation_battery_discharger: 2570033.2769880528
ci_generation_onwind: 6184976.61958985
ci_generation_solar: 5028960.410643114
ci_marginal_cost_grid: 95634650.6975619
ci_marginal_cost_onwind: 92774.6492938476
ci_marginal_cost_solar: 50289.60410643117
ci_revenue_grid: 332593065.76407397
ci_total_cost: 1080342466.7649498
co2_price: 130.0
emissions: 296126760.1929321
emissions_zone: 12.706275434026287
objective: 164646968934.14847
system_emission_rate: 0.09240204973468731
system_emissions: 98708920.06431057
system_grid_cfe_wavg: 0.8072655035879001
system_inv_H2_Electrolysis-2030: 7966.188670687552
system_inv_H2_Fuel_Cell-2030: 1754.601409066533
system_inv_OCGT-2030: 68468.46108379406
system_inv_battery_charger-2030: 27010.26273175412
system_inv_battery_discharger-2030: 27567.231068257184
system_inv_offwind-ac-2030: 6088.76497975766
system_inv_offwind-dc-2030: 58181.672752399696
system_inv_onwind-2030: 219359.18755812303
system_inv_solar-2030: 388574.86087386607
system_inv_solar_rooftop-2030: 0.0
zone_average_marginal_price: 148.91681129128892
