ci_average cost: 151.41232134308677
ci_average_revenue: 0.0
ci_cap_battery_charger: 0.0
ci_cap_battery_discharger: 0.0
ci_cap_onwind: 0.0
ci_cap_solar: 0.0
ci_capital_cost_battery_inverter: 0.0
ci_capital_cost_battery_storage: 0.0
ci_capital_cost_grid: 0.0
ci_capital_cost_hydrogen_electrolysis: 0.0
ci_capital_cost_hydrogen_fuel_cell: 0.0
ci_capital_cost_hydrogen_storage: 0.0
ci_capital_cost_onwind: 0.0
ci_capital_cost_solar: 0.0
ci_clean_excess_total: 0.0
ci_clean_total: 0.0
ci_clean_used_grid_total: 7711179.600034604
ci_clean_used_local_total: 0.0
ci_clean_used_total: 7711179.600034604
ci_cost_battery_inverter: 0.0
ci_cost_battery_storage: 0.0
ci_cost_grid: 1477578335.5515003
ci_cost_hydrogen_electrolysis: 0.0
ci_cost_hydrogen_fuel_cell: 0.0
ci_cost_hydrogen_storage: 0.0
ci_cost_onwind: 0.0
ci_cost_solar: 0.0
ci_demand_total: 9758640.0
ci_emission_rate_local: 0.1024250082930715
ci_emission_rate_myopic: 0.09277142309197585
ci_emission_rate_true: 0.14866453104600147
ci_emissions: 1450763.639246752
ci_fraction_clean: 0.0
ci_fraction_clean_excess: 0.0
ci_fraction_clean_used: 0.7901899854933273
ci_fraction_clean_used_grid: 0.7901899854933273
ci_fraction_clean_used_local: 0.0
ci_generation_battery_discharger: -0.0
ci_generation_onwind: 0.0
ci_generation_solar: 0.0
ci_marginal_cost_grid: 1477578335.5515003
ci_marginal_cost_onwind: 0.0
ci_marginal_cost_solar: 0.0
ci_revenue_grid: 0.0
ci_total_cost: 1477578335.5515003
co2_price: 130.0
emissions: 300962493.1871185
emissions_zone: 15.583535014567907
objective: 165366449196.87354
system_emission_rate: 0.09391096990232557
system_emissions: 100320831.06237274
system_grid_cfe_wavg: 0.77553058497414
system_inv_H2_Electrolysis-2030: 7902.987180748347
system_inv_H2_Fuel_Cell-2030: 1732.3738948570901
system_inv_OCGT-2030: 69682.43375863922
system_inv_battery_charger-2030: 28052.827230793002
system_inv_battery_discharger-2030: 28631.293892599075
system_inv_offwind-ac-2030: 6003.427406394545
system_inv_offwind-dc-2030: 58181.66274180795
system_inv_onwind-2030: 218646.7322231362
system_inv_solar-2030: 390499.7416451941
system_inv_solar_rooftop-2030: 0.0
zone_average_marginal_price: 151.41232134308677
