ci_average cost: 104.27738535079655
ci_average_revenue: 30.885794665515547
ci_cap_battery_charger: 0.0
ci_cap_battery_discharger: 0.0
ci_cap_onwind: 5072.6142235436955
ci_cap_solar: 2831.251831577612
ci_capital_cost_battery_inverter: 0.0
ci_capital_cost_battery_storage: 0.0
ci_capital_cost_grid: 0.0
ci_capital_cost_hydrogen_electrolysis: 0.0
ci_capital_cost_hydrogen_fuel_cell: 0.0
ci_capital_cost_hydrogen_storage: 0.0
ci_capital_cost_onwind: 554878901.5422758
ci_capital_cost_solar: 135874447.38911006
ci_clean_excess_total: 1951727.342559259
ci_clean_total: 9758640.000023575
ci_clean_used_grid_total: 1280710.7222570726
ci_clean_used_local_total: 7806912.657464316
ci_clean_used_total: 9087623.379721388
ci_cost_battery_inverter: 0.0
ci_cost_battery_storage: 0.0
ci_cost_grid: 326718161.0838448
ci_cost_hydrogen_electrolysis: 0.0
ci_cost_hydrogen_fuel_cell: 0.0
ci_cost_hydrogen_storage: 0.0
ci_cost_onwind: 554988003.6356747
ci_cost_solar: 135899299.06017768
ci_demand_total: 9758640.0
ci_emission_rate_local: 0.03192735480473936
ci_emission_rate_myopic: 0.02430447005468419
ci_emission_rate_true: 0.04582039277933381
ci_emissions: 447144.7177921181
ci_fraction_clean: 1.0000000000024158
ci_fraction_clean_excess: 0.1999999326298807
ci_fraction_clean_used: 0.9312387156121538
ci_fraction_clean_used_grid: 0.1312386482396187
ci_fraction_clean_used_local: 0.8000000673725352
ci_generation_battery_discharger: -0.0
ci_generation_onwind: 7273472.89326242
ci_generation_solar: 2485167.1067611557
ci_marginal_cost_grid: 326718161.0838448
ci_marginal_cost_onwind: 109102.09339893612
ci_marginal_cost_solar: 24851.671067611573
ci_revenue_grid: 301403351.25468665
ci_total_cost: 1017605463.7796972
co2_price: 130.0
emissions: 296476096.860352
emissions_zone: 13.355022798964098
objective: 164615744028.9832
system_emission_rate: 0.0925110551622824
system_emissions: 98825365.62011755
system_grid_cfe_wavg: 0.7940667649030287
system_inv_H2_Electrolysis-2030: 7898.294104374808
system_inv_H2_Fuel_Cell-2030: 1740.2494944992902
system_inv_OCGT-2030: 69228.8128331449
system_inv_battery_charger-2030: 28188.442648980796
system_inv_battery_discharger-2030: 28769.70578465395
system_inv_offwind-ac-2030: 6075.215870020828
system_inv_offwind-dc-2030: 58181.681509904665
system_inv_onwind-2030: 219108.08463140938
system_inv_solar-2030: 389432.4620494012
system_inv_solar_rooftop-2030: 0.0
zone_average_marginal_price: 149.17184698509632
