ci_average cost: 98.52611186962997
ci_average_revenue: 22.39598400005126
ci_cap_H2_Electrolysis: 191.49629284240973
ci_cap_H2_Fuel_Cell: 180.10248787490636
ci_cap_battery_charger: 52.205823695502744
ci_cap_battery_discharger: 53.28234009477764
ci_cap_onwind: 784.8441765713519
ci_cap_solar: 385.05687655725734
ci_capital_cost_battery_inverter: 1659673.8343458823
ci_capital_cost_battery_storage: 9610568.179468557
ci_capital_cost_grid: 0.0
ci_capital_cost_hydrogen_electrolysis: 16175227.988547238
ci_capital_cost_hydrogen_fuel_cell: 41577200.22283195
ci_capital_cost_hydrogen_storage: 12887739.323440965
ci_capital_cost_onwind: 90085225.40055017
ci_capital_cost_solar: 21294106.673279177
ci_clean_excess_total: 392447.97116952634
ci_clean_total: 2354687.9701795517
ci_clean_used_grid_total: 0.01830170777638371
ci_clean_used_local_total: 1962239.9990100258
ci_clean_used_total: 1962240.0173117334
ci_cost_battery_inverter: 1659673.8343458823
ci_cost_battery_storage: 9610568.179468557
ci_cost_grid: 1.6370262393774835
ci_cost_hydrogen_electrolysis: 16175227.988547238
ci_cost_hydrogen_fuel_cell: 41577200.22283195
ci_cost_hydrogen_storage: 12887739.323440965
ci_cost_onwind: 90123673.4664642
ci_cost_solar: 21297793.102937646
ci_demand_total: 1962239.9999999998
ci_emission_rate_local: 2.421944757009432e-10
ci_emission_rate_myopic: 4.3701755270478026e-10
ci_emission_rate_true: 2.2238040665315202e-10
ci_emissions: 0.00043636372915108104
ci_fraction_clean: 1.199999984802854
ci_fraction_clean_excess: 0.19999998530736626
ci_fraction_clean_used: 1.0000000088224343
ci_fraction_clean_used_grid: 9.326946640769586e-09
ci_fraction_clean_used_local: 0.9999999994954878
ci_generation_H2_Fuel_Cell: 288532.7396808411
ci_generation_battery_discharger: 105609.14267578415
ci_generation_onwind: 2563204.3942688624
ci_generation_solar: 368642.9658469369
ci_marginal_cost_grid: 1.6370262393774835
ci_marginal_cost_onwind: 38448.06591403295
ci_marginal_cost_solar: 3686.4296584693684
ci_revenue_grid: 43946295.64426058
ci_total_cost: 193331877.7550627
co2_price: 80.0
emissions: 510799818.18388
emissions_zone: 5.248985938699944
objective: 141975545781.25235
system_emission_rate: 0.15900084623504337
system_emissions: 170266606.06129342
system_grid_cfe_wavg: 0.8070146605740814
system_inv_H2_Electrolysis-2025: 107.75320781856409
system_inv_H2_Fuel_Cell-2025: 22.43813745638331
system_inv_OCGT-2025: 17017.51471468632
system_inv_battery_charger-2025: 1714.9981764662837
system_inv_battery_discharger-2025: 1750.3625004248674
system_inv_offwind-ac-2025: 542.0682044918651
system_inv_offwind-dc-2025: 34754.33931361231
system_inv_onwind-2025: 114141.94182658082
system_inv_solar-2025: 189031.36123306208
system_inv_solar_rooftop-2025: 0.0
zone_average_marginal_price: 108.20361855564627
