ci_average cost: 69.30659481515784
ci_average_revenue: 21.516745884422093
ci_cap_H2_Electrolysis: 0.003716274250544283
ci_cap_H2_Fuel_Cell: 0.0012340766460033144
ci_cap_battery_charger: 0.007633695352910341
ci_cap_battery_discharger: 0.00779110687623785
ci_cap_onwind: 526.0897776279534
ci_cap_solar: 237.6259049052699
ci_capital_cost_battery_inverter: 242.682588641628
ci_capital_cost_battery_storage: 405.8023150342309
ci_capital_cost_grid: 0.0
ci_capital_cost_hydrogen_electrolysis: 313.90468388852634
ci_capital_cost_hydrogen_fuel_cell: 284.89029999873554
ci_capital_cost_hydrogen_storage: 162.5335191734389
ci_capital_cost_onwind: 60385128.17356797
ci_capital_cost_solar: 13140997.27974834
ci_clean_excess_total: 392447.07977111335
ci_clean_total: 1808372.5185028813
ci_clean_used_grid_total: 364924.69123373815
ci_clean_used_local_total: 1415925.4387317682
ci_clean_used_total: 1780850.1299655063
ci_cost_battery_inverter: 242.682588641628
ci_cost_battery_storage: 405.8023150342309
ci_cost_grid: 62442649.00038229
ci_cost_hydrogen_electrolysis: 313.90468388852634
ci_cost_hydrogen_fuel_cell: 284.89029999873554
ci_cost_hydrogen_storage: 162.5335191734389
ci_cost_onwind: 60408841.659416385
ci_cost_solar: 13143272.136889901
ci_demand_total: 1962239.9999999998
ci_emission_rate_local: 0.12963350208176677
ci_emission_rate_myopic: 0.053181450453209926
ci_emission_rate_true: 0.0960379944592447
ci_emissions: 188449.59424770827
ci_fraction_clean: 0.9215857991391886
ci_fraction_clean_excess: 0.1999995310314301
ci_fraction_clean_used: 0.9075597938914233
ci_fraction_clean_used_grid: 0.1859735257836647
ci_fraction_clean_used_local: 0.7215862681077586
ci_generation_H2_Fuel_Cell: 5.6363504786787955
ci_generation_battery_discharger: 25.528536295399007
ci_generation_onwind: 1580899.0565606041
ci_generation_solar: 227485.71415623437
ci_marginal_cost_grid: 62442649.00038229
ci_marginal_cost_onwind: 23713.48584840907
ci_marginal_cost_solar: 2274.8571415623433
ci_revenue_grid: 42221019.4442484
ci_total_cost: 135996172.6100953
co2_price: 80.0
emissions: 511353977.1054065
emissions_zone: 5.318179214824093
objective: 141919910148.603
system_emission_rate: 0.15917334382477377
system_emissions: 170451325.7018023
system_grid_cfe_wavg: 0.8067940679168014
system_inv_H2_Electrolysis-2025: 107.5528562578461
system_inv_H2_Fuel_Cell-2025: 22.395631952768667
system_inv_OCGT-2025: 17017.99677968789
system_inv_battery_charger-2025: 1714.9667553608178
system_inv_battery_discharger-2025: 1750.3304313967583
system_inv_offwind-ac-2025: 542.0473712525595
system_inv_offwind-dc-2025: 34731.534423002835
system_inv_onwind-2025: 114154.81579817797
system_inv_solar-2025: 189006.68941327062
system_inv_solar_rooftop-2025: 0.0
zone_average_marginal_price: 108.30138981501817
