ci_average cost: 69.3069268183311
ci_average_revenue: 21.516775517779717
ci_cap_H2_Electrolysis: 0.006171784782240653
ci_cap_H2_Fuel_Cell: 0.002050593009230824
ci_cap_battery_charger: 0.0123230523935558
ci_cap_battery_discharger: 0.012577161361707742
ci_cap_onwind: 526.0977129808546
ci_cap_solar: 237.6313158263095
ci_capital_cost_battery_inverter: 391.7618029771611
ci_capital_cost_battery_storage: 655.8741256125445
ci_capital_cost_grid: 0.0
ci_capital_cost_hydrogen_electrolysis: 521.3157104359364
ci_capital_cost_hydrogen_fuel_cell: 473.38555467122126
ci_capital_cost_hydrogen_storage: 259.3669544781311
ci_capital_cost_onwind: 60386039.00157189
ci_capital_cost_solar: 13141296.510165539
ci_clean_excess_total: 392446.2923356825
ci_clean_total: 1808385.176958994
ci_clean_used_grid_total: 365005.0505675598
ci_clean_used_local_total: 1415938.8846233115
ci_clean_used_total: 1780943.9351908714
ci_cost_battery_inverter: 391.7618029771611
ci_cost_battery_storage: 655.8741256125445
ci_cost_grid: 62441197.375457935
ci_cost_hydrogen_electrolysis: 521.3157104359364
ci_cost_hydrogen_fuel_cell: 473.38555467122126
ci_cost_hydrogen_storage: 259.3669544781311
ci_cost_onwind: 60409755.30373131
ci_cost_solar: 13143569.696664622
ci_demand_total: 1962239.9999999998
ci_emission_rate_local: 0.12908720377523256
ci_emission_rate_myopic: 0.0531818930767016
ci_emission_rate_true: 0.09580670091268643
ci_emissions: 187995.7407989098
ci_fraction_clean: 0.9215922501625664
ci_fraction_clean_excess: 0.19999912973728112
ci_fraction_clean_used: 0.907607599065798
ci_fraction_clean_used_grid: 0.1860144786405128
ci_fraction_clean_used_local: 0.7215931204252852
ci_generation_H2_Fuel_Cell: 9.354335433192702
ci_generation_battery_discharger: 41.15049213509198
ci_generation_onwind: 1581086.810627427
ci_generation_solar: 227318.6499083946
ci_marginal_cost_grid: 62441197.375457935
ci_marginal_cost_onwind: 23716.30215941141
ci_marginal_cost_solar: 2273.186499083946
ci_revenue_grid: 42221077.59200807
ci_total_cost: 135996824.080002
co2_price: 80.0
emissions: 511353925.0378246
emissions_zone: 5.295141077997658
objective: 141919952708.13782
system_emission_rate: 0.15917332761727082
system_emissions: 170451308.34594172
system_grid_cfe_wavg: 0.8068168376704484
system_inv_H2_Electrolysis-2025: 107.67432638287269
system_inv_H2_Fuel_Cell-2025: 22.423828871166055
system_inv_OCGT-2025: 17017.954237114907
system_inv_battery_charger-2025: 1715.1030884509005
system_inv_battery_discharger-2025: 1750.4695757595464
system_inv_offwind-ac-2025: 542.0761005593858
system_inv_offwind-dc-2025: 34731.49971452601
system_inv_onwind-2025: 114154.7538480016
system_inv_solar-2025: 189006.86849658057
system_inv_solar_rooftop-2025: 0.0
zone_average_marginal_price: 108.30119899844652
