ci_average cost: 83.28400485921493
ci_average_revenue: 22.42775302587398
ci_cap_H2_Electrolysis: 124.82393717322739
ci_cap_H2_Fuel_Cell: 71.76853987619604
ci_cap_battery_charger: 100.54786525853399
ci_cap_battery_discharger: 102.62122447788518
ci_cap_onwind: 704.5356127177452
ci_cap_solar: 406.5440149606617
ci_capital_cost_battery_inverter: 3196514.2824343517
ci_capital_cost_battery_storage: 12228137.086485552
ci_capital_cost_grid: 0.0
ci_capital_cost_hydrogen_electrolysis: 10543575.607840173
ci_capital_cost_hydrogen_fuel_cell: 16567982.97092626
ci_capital_cost_hydrogen_storage: 4724342.1310420465
ci_capital_cost_onwind: 80867325.47555923
ci_capital_cost_solar: 22482371.17424458
ci_clean_excess_total: 392447.2355462398
ci_clean_total: 2244153.800406906
ci_clean_used_grid_total: 71289.38044663105
ci_clean_used_local_total: 1851706.5648606662
ci_clean_used_total: 1922995.9453072972
ci_cost_battery_inverter: 3196514.2824343517
ci_cost_battery_storage: 12228137.086485552
ci_cost_grid: 12775453.430944767
ci_cost_hydrogen_electrolysis: 10543575.607840173
ci_cost_hydrogen_fuel_cell: 16567982.97092626
ci_cost_hydrogen_storage: 4724342.1310420465
ci_cost_onwind: 80900935.35856147
ci_cost_solar: 22486264.826711286
ci_demand_total: 1962239.9999999998
ci_emission_rate_local: 0.026908474111371466
ci_emission_rate_myopic: 0.01115201238904003
ci_emission_rate_true: 0.020747322065914977
ci_emissions: 40711.225250621006
ci_fraction_clean: 1.1436693780612495
ci_fraction_clean_excess: 0.19999961041780814
ci_fraction_clean_used: 0.9800003798247398
ci_fraction_clean_used_grid: 0.03633061218129845
ci_fraction_clean_used_local: 0.9436697676434413
ci_generation_H2_Fuel_Cell: 190413.41810245765
ci_generation_battery_discharger: 189251.73429677205
ci_generation_onwind: 2240658.8668162078
ci_generation_solar: 389365.2466706798
ci_marginal_cost_grid: 12775453.430944767
ci_marginal_cost_onwind: 33609.88300224313
ci_marginal_cost_solar: 3893.652466706797
ci_revenue_grid: 44008634.09749095
ci_total_cost: 163423205.6949459
co2_price: 80.0
emissions: 510894950.1066151
emissions_zone: 5.274214581439406
objective: 141945550180.05276
system_emission_rate: 0.15903045872839291
system_emissions: 170298316.70220524
system_grid_cfe_wavg: 0.8067818221178253
system_inv_H2_Electrolysis-2025: 107.71480305609981
system_inv_H2_Fuel_Cell-2025: 22.42218308799356
system_inv_OCGT-2025: 17017.8859608522
system_inv_battery_charger-2025: 1715.0201799656795
system_inv_battery_discharger-2025: 1750.3849576500404
system_inv_offwind-ac-2025: 542.0525117902728
system_inv_offwind-dc-2025: 34748.00123129374
system_inv_onwind-2025: 114142.30397349405
system_inv_solar-2025: 189031.31008942073
system_inv_solar_rooftop-2025: 0.0
zone_average_marginal_price: 108.22613467629262
