ci_average cost: 69.30687155271892
ci_average_revenue: 21.51677024213255
ci_cap_H2_Electrolysis: 0.00572134992544962
ci_cap_H2_Fuel_Cell: 0.0019069830042535464
ci_cap_battery_charger: 0.012126541187520688
ci_cap_battery_discharger: 0.012376597972966502
ci_cap_onwind: 526.0968095832071
ci_cap_solar: 237.63089314143681
ci_capital_cost_battery_inverter: 385.5145208977803
ci_capital_cost_battery_storage: 645.8639252265194
ci_capital_cost_grid: 0.0
ci_capital_cost_hydrogen_electrolysis: 483.2685691861606
ci_capital_cost_hydrogen_fuel_cell: 440.2327537221896
ci_capital_cost_hydrogen_storage: 237.2555563335238
ci_capital_cost_onwind: 60385935.30865663
ci_capital_cost_solar: 13141273.135185592
ci_clean_excess_total: 392446.6342593541
ci_clean_total: 1808384.0977796912
ci_clean_used_grid_total: 364842.7803246605
ci_clean_used_local_total: 1415937.4635203374
ci_clean_used_total: 1780780.2438449978
ci_cost_battery_inverter: 385.5145208977803
ci_cost_battery_storage: 645.8639252265194
ci_cost_grid: 62441325.77612599
ci_cost_hydrogen_electrolysis: 483.2685691861606
ci_cost_hydrogen_fuel_cell: 440.2327537221896
ci_cost_hydrogen_storage: 237.2555563335238
ci_cost_onwind: 60409651.0626288
ci_cost_solar: 13143546.661527015
ci_demand_total: 1962239.9999999998
ci_emission_rate_local: 0.13011632183039912
ci_emission_rate_myopic: 0.05318248197096586
ci_emission_rate_true: 0.09617834296708733
ci_emissions: 188724.9917037374
ci_fraction_clean: 0.921591700189422
ci_fraction_clean_excess: 0.19999930398898919
ci_fraction_clean_used: 0.9075241784108967
ci_fraction_clean_used_grid: 0.1859317822104638
ci_fraction_clean_used_local: 0.7215923962004329
ci_generation_H2_Fuel_Cell: 8.636578624029411
ci_generation_battery_discharger: 39.766738440598004
ci_generation_onwind: 1581050.2648108653
ci_generation_solar: 227352.63414230448
ci_marginal_cost_grid: 62441325.77612599
ci_marginal_cost_onwind: 23715.753972162987
ci_marginal_cost_solar: 2273.5263414230444
ci_revenue_grid: 42221067.23992217
ci_total_cost: 135996715.63560715
co2_price: 80.0
emissions: 511354032.1629387
emissions_zone: 5.3328755207384875
objective: 141919948640.1614
system_emission_rate: 0.1591733609629834
system_emissions: 170451344.05431336
system_grid_cfe_wavg: 0.8067698822849986
system_inv_H2_Electrolysis-2025: 107.53695727936858
system_inv_H2_Fuel_Cell-2025: 22.397107216028672
system_inv_OCGT-2025: 17017.981000740627
system_inv_battery_charger-2025: 1715.0951980885793
system_inv_battery_discharger-2025: 1750.4615226930698
system_inv_offwind-ac-2025: 542.0708078721025
system_inv_offwind-dc-2025: 34731.513668228814
system_inv_onwind-2025: 114154.7668104062
system_inv_solar-2025: 189006.75462918225
system_inv_solar_rooftop-2025: 0.0
zone_average_marginal_price: 108.30120981977515
