ci_average cost: 75.30330762805248
ci_average_revenue: 22.31361001229785
ci_cap_H2_Electrolysis: 69.22245737971397
ci_cap_H2_Fuel_Cell: 34.33792795411203
ci_cap_battery_charger: 43.58857142917722
ci_cap_battery_discharger: 44.48739475276202
ci_cap_onwind: 666.3855948496292
ci_cap_solar: 329.6608544970671
ci_capital_cost_battery_inverter: 1385723.0162571669
ci_capital_cost_battery_storage: 4379231.297818942
ci_capital_cost_grid: 0.0
ci_capital_cost_hydrogen_electrolysis: 5847053.294999327
ci_capital_cost_hydrogen_fuel_cell: 7927013.794373086
ci_capital_cost_hydrogen_storage: 2018514.7325191565
ci_capital_cost_onwind: 76488427.01230256
ci_capital_cost_solar: 18230640.27431042
ci_clean_excess_total: 392446.73743002245
ci_clean_total: 2081262.5013971212
ci_clean_used_grid_total: 175313.48879545165
ci_clean_used_local_total: 1688815.7639670991
ci_clean_used_total: 1864129.2527625507
ci_cost_battery_inverter: 1385723.0162571669
ci_cost_battery_storage: 4379231.297818942
ci_cost_grid: 31453407.879329633
ci_cost_hydrogen_electrolysis: 5847053.294999327
ci_cost_hydrogen_fuel_cell: 7927013.794373086
ci_cost_hydrogen_storage: 2018514.7325191565
ci_cost_onwind: 76518425.00321074
ci_cost_solar: 18233793.34156164
ci_demand_total: 1962239.9999999998
ci_emission_rate_local: 0.06754190258912876
ci_emission_rate_myopic: 0.027506972142867663
ci_emission_rate_true: 0.05087707248138648
ci_emissions: 99833.02670587579
ci_fraction_clean: 1.060656444368233
ci_fraction_clean_excess: 0.19999935656699613
ci_fraction_clean_used: 0.9500006384349269
ci_fraction_clean_used_grid: 0.0893435506336899
ci_fraction_clean_used_local: 0.8606570878012371
ci_generation_H2_Fuel_Cell: 115799.11844840189
ci_generation_battery_discharger: 96969.67401314138
ci_generation_onwind: 1999866.0605455143
ci_generation_solar: 315306.7251221132
ci_marginal_cost_grid: 31453407.879329633
ci_marginal_cost_onwind: 29997.990908182725
ci_marginal_cost_solar: 3153.0672512211313
ci_revenue_grid: 43784658.11053133
ci_total_cost: 147763162.3600697
co2_price: 80.0
emissions: 511059645.3262053
emissions_zone: 5.28089375205867
objective: 141930151708.46872
system_emission_rate: 0.15908172475933768
system_emissions: 170353215.10873508
system_grid_cfe_wavg: 0.80678817911917
system_inv_H2_Electrolysis-2025: 107.70720763497582
system_inv_H2_Fuel_Cell-2025: 22.433031663321064
system_inv_OCGT-2025: 17017.714494312746
system_inv_battery_charger-2025: 1715.097603044361
system_inv_battery_discharger-2025: 1750.4639772405287
system_inv_offwind-ac-2025: 542.0811430861093
system_inv_offwind-dc-2025: 34741.86055717402
system_inv_onwind-2025: 114147.24471046202
system_inv_solar-2025: 189024.3834372828
system_inv_solar_rooftop-2025: 0.0
zone_average_marginal_price: 108.24859668778628
