ci_average cost: 88.07852660846807
ci_average_revenue: 22.512181901374596
ci_cap_H2_Electrolysis: 154.894301535625
ci_cap_H2_Fuel_Cell: 102.93434394313827
ci_cap_battery_charger: 86.97461205391058
ci_cap_battery_discharger: 88.76808239052882
ci_cap_onwind: 743.4545688255901
ci_cap_solar: 396.486022187206
ci_capital_cost_battery_inverter: 2765007.381555677
ci_capital_cost_battery_storage: 11652010.223323438
ci_capital_cost_grid: 0.0
ci_capital_cost_hydrogen_electrolysis: 13083546.445086312
ci_capital_cost_hydrogen_fuel_cell: 23762702.43919269
ci_capital_cost_hydrogen_storage: 7870738.9061422795
ci_capital_cost_onwind: 85334483.46435344
ci_capital_cost_solar: 21926152.12174523
ci_clean_excess_total: 392447.0990534262
ci_clean_total: 2299401.495030701
ci_clean_used_grid_total: 35664.086809669694
ci_clean_used_local_total: 1906954.395977275
ci_clean_used_total: 1942618.4827869446
ci_cost_battery_inverter: 2765007.381555677
ci_cost_battery_storage: 11652010.223323438
ci_cost_grid: 6396959.369460251
ci_cost_hydrogen_electrolysis: 13083546.445086312
ci_cost_hydrogen_fuel_cell: 23762702.43919269
ci_cost_hydrogen_storage: 7870738.9061422795
ci_cost_onwind: 85370295.54469278
ci_cost_solar: 21929947.742746927
ci_demand_total: 1962239.9999999998
ci_emission_rate_local: 0.013372030399976689
ci_emission_rate_myopic: 0.005588299022808419
ci_emission_rate_true: 0.010501430454024184
ci_emissions: 20606.326894104408
ci_fraction_clean: 1.171824799734335
ci_fraction_clean_excess: 0.1999995408581143
ci_fraction_clean_used: 0.9900004498873455
ci_fraction_clean_used_grid: 0.018175191011124886
ci_fraction_clean_used_local: 0.9718252588762206
ci_generation_H2_Fuel_Cell: 232090.87260252636
ci_generation_battery_discharger: 165958.64626150223
ci_generation_onwind: 2387472.022623018
ci_generation_solar: 379562.10016981605
ci_marginal_cost_grid: 6396959.369460251
ci_marginal_cost_onwind: 35812.08033934528
ci_marginal_cost_solar: 3795.62100169816
ci_revenue_grid: 44174303.814153284
ci_total_cost: 172831208.05220035
co2_price: 80.0
emissions: 510840438.5388438
emissions_zone: 5.300778606851067
objective: 141954824059.60046
system_emission_rate: 0.1590134904658824
system_emissions: 170280146.17961475
system_grid_cfe_wavg: 0.806901012078971
system_inv_H2_Electrolysis-2025: 107.67533865684635
system_inv_H2_Fuel_Cell-2025: 22.425690131983757
system_inv_OCGT-2025: 17017.973189057982
system_inv_battery_charger-2025: 1715.1462859687754
system_inv_battery_discharger-2025: 1750.513664036979
system_inv_offwind-ac-2025: 542.0724688746056
system_inv_offwind-dc-2025: 34750.87826665998
system_inv_onwind-2025: 114142.32788698506
system_inv_solar-2025: 189031.3293827387
system_inv_solar_rooftop-2025: 0.0
zone_average_marginal_price: 108.21803843184637
