ci_average cost: 108.56836011711634
ci_average_revenue: 0.0
ci_cap_H2_Electrolysis: 0.0
ci_cap_H2_Fuel_Cell: 0.0
ci_cap_battery_charger: 0.0
ci_cap_battery_discharger: 0.0
ci_cap_onwind: 0.0
ci_cap_solar: 0.0
ci_capital_cost_battery_inverter: 0.0
ci_capital_cost_battery_storage: 0.0
ci_capital_cost_grid: 0.0
ci_capital_cost_hydrogen_electrolysis: 0.0
ci_capital_cost_hydrogen_fuel_cell: 0.0
ci_capital_cost_hydrogen_storage: 0.0
ci_capital_cost_onwind: 0.0
ci_capital_cost_solar: 0.0
ci_clean_excess_total: 0.0
ci_clean_total: 0.0
ci_clean_used_grid_total: 1592215.2092187335
ci_clean_used_local_total: 0.0
ci_clean_used_total: 1592215.2092187335
ci_cost_battery_inverter: 0.0
ci_cost_battery_storage: 0.0
ci_cost_grid: 213037178.95621035
ci_cost_hydrogen_electrolysis: 0.0
ci_cost_hydrogen_fuel_cell: 0.0
ci_cost_hydrogen_storage: 0.0
ci_cost_onwind: 0.0
ci_cost_solar: 0.0
ci_demand_total: 1962239.9999999998
ci_emission_rate_local: 0.3232236336609114
ci_emission_rate_myopic: 0.15566138476101896
ci_emission_rate_true: 0.22837901678069164
ci_emissions: 448134.44188774435
ci_fraction_clean: 0.0
ci_fraction_clean_excess: 0.0
ci_fraction_clean_used: 0.8114273530346613
ci_fraction_clean_used_grid: 0.8114273530346613
ci_fraction_clean_used_local: 0.0
ci_generation_H2_Fuel_Cell: -0.0
ci_generation_battery_discharger: -0.0
ci_generation_onwind: 0.0
ci_generation_solar: 0.0
ci_marginal_cost_grid: 213037178.95621035
ci_marginal_cost_onwind: 0.0
ci_marginal_cost_solar: 0.0
ci_revenue_grid: 0.0
ci_total_cost: 213037178.95621035
co2_price: 80.0
emissions: 512766202.4341805
emissions_zone: 5.395212563895012
objective: 142039656404.1195
system_emission_rate: 0.15961293877832727
system_emissions: 170922067.47806042
system_grid_cfe_wavg: 0.8051442195999368
system_inv_H2_Electrolysis-2025: 107.22201183131722
system_inv_H2_Fuel_Cell-2025: 22.377776062653535
system_inv_OCGT-2025: 17021.184697404373
system_inv_battery_charger-2025: 1717.7016483447935
system_inv_battery_discharger-2025: 1753.1217195669244
system_inv_offwind-ac-2025: 542.6261201581406
system_inv_offwind-dc-2025: 34717.95575456172
system_inv_onwind-2025: 114173.1825496247
system_inv_solar-2025: 189001.59231757492
system_inv_solar_rooftop-2025: 0.0
zone_average_marginal_price: 108.56836011711634
