ci_average cost: 74.37793178603
ci_average_revenue: 23.002437795769648
ci_cap_H2_Electrolysis: 0.0
ci_cap_H2_Fuel_Cell: 0.0
ci_cap_battery_charger: 0.0
ci_cap_battery_discharger: 0.0
ci_cap_onwind: 703.8512758962061
ci_cap_solar: 359.8416072970009
ci_capital_cost_battery_inverter: 0.0
ci_capital_cost_battery_storage: 0.0
ci_capital_cost_grid: 0.0
ci_capital_cost_hydrogen_electrolysis: 0.0
ci_capital_cost_hydrogen_fuel_cell: 0.0
ci_capital_cost_hydrogen_storage: 0.0
ci_capital_cost_onwind: 80788776.58820231
ci_capital_cost_solar: 19899672.06864612
ci_clean_excess_total: 392447.7147104491
ci_clean_total: 1962240.0000003933
ci_clean_used_grid_total: 249205.75271148077
ci_clean_used_local_total: 1569792.2852899441
ci_clean_used_total: 1818998.0380014249
ci_cost_battery_inverter: 0.0
ci_cost_battery_storage: 0.0
ci_cost_grid: 45231175.04404208
ci_cost_hydrogen_electrolysis: 0.0
ci_cost_hydrogen_fuel_cell: 0.0
ci_cost_hydrogen_storage: 0.0
ci_cost_onwind: 80813096.88898923
ci_cost_solar: 19903080.934788186
ci_demand_total: 1962239.9999999998
ci_emission_rate_local: 0.09961803439721274
ci_emission_rate_myopic: 0.03999279185721499
ci_emission_rate_true: 0.07394597619776241
ci_emissions: 145099.75233429729
ci_fraction_clean: 1.0000000000002005
ci_fraction_clean_excess: 0.1999998546102664
ci_fraction_clean_used: 0.9270007939912677
ci_fraction_clean_used_grid: 0.1270006486013336
ci_fraction_clean_used_local: 0.8000001453899341
ci_generation_H2_Fuel_Cell: -0.0
ci_generation_battery_discharger: -0.0
ci_generation_onwind: 1621353.3857937986
ci_generation_solar: 340886.6142065947
ci_marginal_cost_grid: 45231175.04404208
ci_marginal_cost_onwind: 24320.300786906988
ci_marginal_cost_solar: 3408.8661420659464
ci_revenue_grid: 45136303.54037103
ci_total_cost: 145947352.8678195
co2_price: 80.0
emissions: 511146655.878765
emissions_zone: 5.2916957928893815
objective: 141926937902.27277
system_emission_rate: 0.15910880924722492
system_emissions: 170382218.62625507
system_grid_cfe_wavg: 0.8064424805678247
system_inv_H2_Electrolysis-2025: 107.69569026221417
system_inv_H2_Fuel_Cell-2025: 22.422586066810965
system_inv_OCGT-2025: 17017.52227504697
system_inv_battery_charger-2025: 1714.8867924855795
system_inv_battery_discharger-2025: 1750.2488196375368
system_inv_offwind-ac-2025: 542.0348803246362
system_inv_offwind-dc-2025: 34743.70342807608
system_inv_onwind-2025: 114147.22268436951
system_inv_solar-2025: 189019.26621212708
system_inv_solar_rooftop-2025: 0.0
zone_average_marginal_price: 108.25831732437842
